time,X_0,Y_0,Z_0,X_1,Y_1,Z_1,X_2,Y_2,Z_2,X_3,Y_3,Z_3,X_4,Y_4,Z_4,X_5,Y_5,Z_5,X_6,Y_6,Z_6,X_7,Y_7,Z_7,X_8,Y_8,Z_8,X_9,Y_9,Z_9,X_10,Y_10,Z_10,X_11,Y_11,Z_11,X_12,Y_12,Z_12,X_13,Y_13,Z_13,X_14,Y_14,Z_14,X_15,Y_15,Z_15,X_16,Y_16,Z_16,X_17,Y_17,Z_17,X_18,Y_18,Z_18,X_19,Y_19,Z_19,X_20,Y_20,Z_20,X_21,Y_21,Z_21,X_22,Y_22,Z_22,X_23,Y_23,Z_23,X_24,Y_24,Z_24,X_25,Y_25,Z_25,X_26,Y_26,Z_26,X_27,Y_27,Z_27,X_28,Y_28,Z_28,X_29,Y_29,Z_29,X_30,Y_30,Z_30,X_31,Y_31,Z_31,X_32,Y_32,Z_32,X_33,Y_33,Z_33,X_34,Y_34,Z_34,X_35,Y_35,Z_35,X_36,Y_36,Z_36,X_37,Y_37,Z_37,X_38,Y_38,Z_38,X_39,Y_39,Z_39,X_40,Y_40,Z_40,X_41,Y_41,Z_41,X_42,Y_42,Z_42,X_43,Y_43,Z_43,X_44,Y_44,Z_44,X_45,Y_45,Z_45,X_46,Y_46,Z_46,X_47,Y_47,Z_47,X_48,Y_48,Z_48,X_49,Y_49,Z_49,X_50,Y_50,Z_50,X_51,Y_51,Z_51,X_52,Y_52,Z_52,X_53,Y_53,Z_53,X_54,Y_54,Z_54,X_55,Y_55,Z_55,X_56,Y_56,Z_56,X_57,Y_57,Z_57,X_58,Y_58,Z_58,X_59,Y_59,Z_59,X_60,Y_60,Z_60,X_61,Y_61,Z_61,X_62,Y_62,Z_62,X_63,Y_63,Z_63,X_64,Y_64,Z_64,X_65,Y_65,Z_65,X_66,Y_66,Z_66,X_67,Y_67,Z_67,X_68,Y_68,Z_68,X_69,Y_69,Z_69,X_70,Y_70,Z_70,X_71,Y_71,Z_71,X_72,Y_72,Z_72,X_73,Y_73,Z_73,X_74,Y_74,Z_74,X_75,Y_75,Z_75,X_76,Y_76,Z_76,X_77,Y_77,Z_77,X_78,Y_78,Z_78,X_79,Y_79,Z_79,X_80,Y_80,Z_80,X_81,Y_81,Z_81,X_82,Y_82,Z_82,X_83,Y_83,Z_83,X_84,Y_84,Z_84,X_85,Y_85,Z_85,X_86,Y_86,Z_86,X_87,Y_87,Z_87,X_88,Y_88,Z_88,X_89,Y_89,Z_89,X_90,Y_90,Z_90,X_91,Y_91,Z_91,X_92,Y_92,Z_92,X_93,Y_93,Z_93,X_94,Y_94,Z_94,X_95,Y_95,Z_95,X_96,Y_96,Z_96,X_97,Y_97,Z_97,X_98,Y_98,Z_98,X_99,Y_99,Z_99,X_100,Y_100,Z_100,X_101,Y_101,Z_101,X_102,Y_102,Z_102,X_103,Y_103,Z_103,X_104,Y_104,Z_104,X_105,Y_105,Z_105,X_106,Y_106,Z_106,X_107,Y_107,Z_107,X_108,Y_108,Z_108,X_109,Y_109,Z_109,X_110,Y_110,Z_110,X_111,Y_111,Z_111,X_112,Y_112,Z_112,X_113,Y_113,Z_113,X_114,Y_114,Z_114,X_115,Y_115,Z_115,X_116,Y_116,Z_116,X_117,Y_117,Z_117,X_118,Y_118,Z_118,X_119,Y_119,Z_119,X_120,Y_120,Z_120,X_121,Y_121,Z_121,X_122,Y_122,Z_122,X_123,Y_123,Z_123,X_124,Y_124,Z_124,X_125,Y_125,Z_125,X_126,Y_126,Z_126,X_127,Y_127,Z_127,X_128,Y_128,Z_128,X_129,Y_129,Z_129,X_130,Y_130,Z_130,X_131,Y_131,Z_131,X_132,Y_132,Z_132,X_133,Y_133,Z_133,X_134,Y_134,Z_134,X_135,Y_135,Z_135,X_136,Y_136,Z_136,X_137,Y_137,Z_137,X_138,Y_138,Z_138,X_139,Y_139,Z_139,X_140,Y_140,Z_140,X_141,Y_141,Z_141,X_142,Y_142,Z_142,X_143,Y_143,Z_143,X_144,Y_144,Z_144,X_145,Y_145,Z_145,X_146,Y_146,Z_146,X_147,Y_147,Z_147,X_148,Y_148,Z_148,X_149,Y_149,Z_149,X_150,Y_150,Z_150,X_151,Y_151,Z_151,X_152,Y_152,Z_152,X_153,Y_153,Z_153,X_154,Y_154,Z_154,X_155,Y_155,Z_155,X_156,Y_156,Z_156,X_157,Y_157,Z_157,X_158,Y_158,Z_158,X_159,Y_159,Z_159,X_160,Y_160,Z_160,X_161,Y_161,Z_161,X_162,Y_162,Z_162,X_163,Y_163,Z_163,X_164,Y_164,Z_164,X_165,Y_165,Z_165,X_166,Y_166,Z_166,X_167,Y_167,Z_167,X_168,Y_168,Z_168,X_169,Y_169,Z_169,X_170,Y_170,Z_170,X_171,Y_171,Z_171,X_172,Y_172,Z_172,X_173,Y_173,Z_173,X_174,Y_174,Z_174,X_175,Y_175,Z_175,X_176,Y_176,Z_176,X_177,Y_177,Z_177,X_178,Y_178,Z_178,X_179,Y_179,Z_179,X_180,Y_180,Z_180,X_181,Y_181,Z_181,X_182,Y_182,Z_182,X_183,Y_183,Z_183,X_184,Y_184,Z_184,X_185,Y_185,Z_185,X_186,Y_186,Z_186,X_187,Y_187,Z_187,X_188,Y_188,Z_188,X_189,Y_189,Z_189,X_190,Y_190,Z_190,X_191,Y_191,Z_191,X_192,Y_192,Z_192,X_193,Y_193,Z_193,X_194,Y_194,Z_194,X_195,Y_195,Z_195,X_196,Y_196,Z_196,X_197,Y_197,Z_197,X_198,Y_198,Z_198,X_199,Y_199,Z_199,X_200,Y_200,Z_200,X_201,Y_201,Z_201,X_202,Y_202,Z_202,X_203,Y_203,Z_203,X_204,Y_204,Z_204,X_205,Y_205,Z_205,X_206,Y_206,Z_206,X_207,Y_207,Z_207,X_208,Y_208,Z_208,X_209,Y_209,Z_209,X_210,Y_210,Z_210,X_211,Y_211,Z_211,X_212,Y_212,Z_212,X_213,Y_213,Z_213,X_214,Y_214,Z_214,X_215,Y_215,Z_215,X_216,Y_216,Z_216,X_217,Y_217,Z_217,X_218,Y_218,Z_218,X_219,Y_219,Z_219,X_220,Y_220,Z_220,X_221,Y_221,Z_221,X_222,Y_222,Z_222,X_223,Y_223,Z_223,X_224,Y_224,Z_224,X_225,Y_225,Z_225,X_226,Y_226,Z_226,X_227,Y_227,Z_227,X_228,Y_228,Z_228,X_229,Y_229,Z_229,X_230,Y_230,Z_230,X_231,Y_231,Z_231,X_232,Y_232,Z_232,X_233,Y_233,Z_233,X_234,Y_234,Z_234,X_235,Y_235,Z_235,X_236,Y_236,Z_236,X_237,Y_237,Z_237,X_238,Y_238,Z_238,X_239,Y_239,Z_239,X_240,Y_240,Z_240,X_241,Y_241,Z_241,X_242,Y_242,Z_242,X_243,Y_243,Z_243,X_244,Y_244,Z_244,X_245,Y_245,Z_245,X_246,Y_246,Z_246,X_247,Y_247,Z_247,X_248,Y_248,Z_248,X_249,Y_249,Z_249,X_250,Y_250,Z_250,X_251,Y_251,Z_251,X_252,Y_252,Z_252,X_253,Y_253,Z_253,X_254,Y_254,Z_254,X_255,Y_255,Z_255,X_256,Y_256,Z_256,X_257,Y_257,Z_257,X_258,Y_258,Z_258,X_259,Y_259,Z_259,X_260,Y_260,Z_260,X_261,Y_261,Z_261,X_262,Y_262,Z_262,X_263,Y_263,Z_263,X_264,Y_264,Z_264,X_265,Y_265,Z_265,X_266,Y_266,Z_266,X_267,Y_267,Z_267,X_268,Y_268,Z_268,X_269,Y_269,Z_269,X_270,Y_270,Z_270,X_271,Y_271,Z_271,X_272,Y_272,Z_272,X_273,Y_273,Z_273,X_274,Y_274,Z_274,X_275,Y_275,Z_275,X_276,Y_276,Z_276,X_277,Y_277,Z_277,X_278,Y_278,Z_278,X_279,Y_279,Z_279,X_280,Y_280,Z_280,X_281,Y_281,Z_281,X_282,Y_282,Z_282,X_283,Y_283,Z_283,X_284,Y_284,Z_284,X_285,Y_285,Z_285,X_286,Y_286,Z_286,X_287,Y_287,Z_287,X_288,Y_288,Z_288,X_289,Y_289,Z_289,X_290,Y_290,Z_290,X_291,Y_291,Z_291,X_292,Y_292,Z_292,X_293,Y_293,Z_293,X_294,Y_294,Z_294,X_295,Y_295,Z_295,X_296,Y_296,Z_296,X_297,Y_297,Z_297,X_298,Y_298,Z_298,X_299,Y_299,Z_299,X_300,Y_300,Z_300,X_301,Y_301,Z_301,X_302,Y_302,Z_302,X_303,Y_303,Z_303,X_304,Y_304,Z_304,X_305,Y_305,Z_305,X_306,Y_306,Z_306,X_307,Y_307,Z_307,X_308,Y_308,Z_308,X_309,Y_309,Z_309,X_310,Y_310,Z_310,X_311,Y_311,Z_311,X_312,Y_312,Z_312,X_313,Y_313,Z_313,X_314,Y_314,Z_314,X_315,Y_315,Z_315,X_316,Y_316,Z_316,X_317,Y_317,Z_317,X_318,Y_318,Z_318,X_319,Y_319,Z_319,X_320,Y_320,Z_320,X_321,Y_321,Z_321,X_322,Y_322,Z_322,X_323,Y_323,Z_323,X_324,Y_324,Z_324,X_325,Y_325,Z_325,X_326,Y_326,Z_326,X_327,Y_327,Z_327,X_328,Y_328,Z_328,X_329,Y_329,Z_329,X_330,Y_330,Z_330,X_331,Y_331,Z_331,X_332,Y_332,Z_332,X_333,Y_333,Z_333,X_334,Y_334,Z_334,X_335,Y_335,Z_335,X_336,Y_336,Z_336,X_337,Y_337,Z_337,X_338,Y_338,Z_338,X_339,Y_339,Z_339,X_340,Y_340,Z_340,X_341,Y_341,Z_341,X_342,Y_342,Z_342,X_343,Y_343,Z_343,X_344,Y_344,Z_344,X_345,Y_345,Z_345,X_346,Y_346,Z_346,X_347,Y_347,Z_347,X_348,Y_348,Z_348,X_349,Y_349,Z_349,X_350,Y_350,Z_350,X_351,Y_351,Z_351,X_352,Y_352,Z_352,X_353,Y_353,Z_353,X_354,Y_354,Z_354,X_355,Y_355,Z_355,X_356,Y_356,Z_356,X_357,Y_357,Z_357,X_358,Y_358,Z_358,X_359,Y_359,Z_359,X_360,Y_360,Z_360,X_361,Y_361,Z_361,X_362,Y_362,Z_362,X_363,Y_363,Z_363,X_364,Y_364,Z_364,X_365,Y_365,Z_365,X_366,Y_366,Z_366,X_367,Y_367,Z_367,X_368,Y_368,Z_368,X_369,Y_369,Z_369,X_370,Y_370,Z_370,X_371,Y_371,Z_371,X_372,Y_372,Z_372,X_373,Y_373,Z_373,X_374,Y_374,Z_374,X_375,Y_375,Z_375,X_376,Y_376,Z_376,X_377,Y_377,Z_377,X_378,Y_378,Z_378,X_379,Y_379,Z_379,X_380,Y_380,Z_380,X_381,Y_381,Z_381,X_382,Y_382,Z_382,X_383,Y_383,Z_383,X_384,Y_384,Z_384,X_385,Y_385,Z_385,X_386,Y_386,Z_386,X_387,Y_387,Z_387,X_388,Y_388,Z_388,X_389,Y_389,Z_389,X_390,Y_390,Z_390,X_391,Y_391,Z_391,X_392,Y_392,Z_392,X_393,Y_393,Z_393,X_394,Y_394,Z_394,X_395,Y_395,Z_395,X_396,Y_396,Z_396,X_397,Y_397,Z_397,X_398,Y_398,Z_398,X_399,Y_399,Z_399,X_400,Y_400,Z_400,X_401,Y_401,Z_401,X_402,Y_402,Z_402,X_403,Y_403,Z_403,X_404,Y_404,Z_404,X_405,Y_405,Z_405,X_406,Y_406,Z_406,X_407,Y_407,Z_407,X_408,Y_408,Z_408,X_409,Y_409,Z_409,X_410,Y_410,Z_410,X_411,Y_411,Z_411,X_412,Y_412,Z_412,X_413,Y_413,Z_413,X_414,Y_414,Z_414,X_415,Y_415,Z_415,X_416,Y_416,Z_416,X_417,Y_417,Z_417,X_418,Y_418,Z_418,X_419,Y_419,Z_419,X_420,Y_420,Z_420,X_421,Y_421,Z_421,X_422,Y_422,Z_422,X_423,Y_423,Z_423,X_424,Y_424,Z_424,X_425,Y_425,Z_425,X_426,Y_426,Z_426,X_427,Y_427,Z_427,X_428,Y_428,Z_428,X_429,Y_429,Z_429,X_430,Y_430,Z_430,X_431,Y_431,Z_431,X_432,Y_432,Z_432,X_433,Y_433,Z_433,X_434,Y_434,Z_434,X_435,Y_435,Z_435,X_436,Y_436,Z_436,X_437,Y_437,Z_437,X_438,Y_438,Z_438,X_439,Y_439,Z_439,X_440,Y_440,Z_440,X_441,Y_441,Z_441,X_442,Y_442,Z_442,X_443,Y_443,Z_443,X_444,Y_444,Z_444,X_445,Y_445,Z_445,X_446,Y_446,Z_446,X_447,Y_447,Z_447,X_448,Y_448,Z_448,X_449,Y_449,Z_449,X_450,Y_450,Z_450,X_451,Y_451,Z_451,X_452,Y_452,Z_452,X_453,Y_453,Z_453,X_454,Y_454,Z_454,X_455,Y_455,Z_455,X_456,Y_456,Z_456,X_457,Y_457,Z_457,X_458,Y_458,Z_458,X_459,Y_459,Z_459,X_460,Y_460,Z_460,X_461,Y_461,Z_461,X_462,Y_462,Z_462,X_463,Y_463,Z_463,X_464,Y_464,Z_464,X_465,Y_465,Z_465,X_466,Y_466,Z_466,X_467,Y_467,Z_467,X_468,Y_468,Z_468,X_469,Y_469,Z_469,X_470,Y_470,Z_470,X_471,Y_471,Z_471,X_472,Y_472,Z_472,X_473,Y_473,Z_473,X_474,Y_474,Z_474,X_475,Y_475,Z_475,X_476,Y_476,Z_476,X_477,Y_477,Z_477
0,0.5591495633125305,0.32259249687194824,-0.017289990559220314,0.5597046613693237,0.2926260530948639,-0.030584994703531265,0.5594202280044556,0.30217841267585754,-0.016384273767471313,0.554146409034729,0.26630687713623047,-0.022360987961292267,0.5595697164535522,0.28392717242240906,-0.03238179534673691,0.5592114329338074,0.27320221066474915,-0.02981872670352459,0.5582407116889954,0.24814936518669128,-0.01388770341873169,0.5165188312530518,0.2508433163166046,0.00865801703184843,0.5576906204223633,0.23010799288749695,-0.009930223226547241,0.5574339628219604,0.21874937415122986,-0.010931613855063915,0.5565077662467957,0.1750466227531433,-0.0031711761839687824,0.5591974854469299,0.32571548223495483,-0.01665281131863594,0.5591889023780823,0.3289705812931061,-0.01475339476019144,0.5592064261436462,0.3312233090400696,-0.011864917352795601,0.5590428113937378,0.33122390508651733,-0.012339728884398937,0.5591630339622498,0.33441367745399475,-0.013059460557997227,0.5592555403709412,0.3383426368236542,-0.014455575495958328,0.5593423843383789,0.34275713562965393,-0.013915428891777992,0.5601320266723633,0.35300886631011963,-0.008631148375570774,0.5596974492073059,0.29738694429397583,-0.027745503932237625,0.5544589757919312,0.2978858947753906,-0.020025571808218956,0.49231284856796265,0.2227594256401062,0.03713556006550789,0.53331458568573,0.2569276690483093,0.002631549723446369,0.5273705720901489,0.2581808567047119,0.0029650309588760138,0.521682620048523,0.25825318694114685,0.004536912776529789,0.5143645405769348,0.2545005977153778,0.009490161202847958,0.5383828282356262,0.25436756014823914,0.0033038153778761625,0.5237400531768799,0.23406286537647247,0.00042769729043357074,0.5307023525238037,0.2342027723789215,0.0005942033021710813,0.5175884962081909,0.23635728657245636,0.002340828999876976,0.5137813091278076,0.240168496966362,0.004788229241967201,0.509660542011261,0.26053091883659363,0.012364683672785759,0.5400885343551636,0.3698846697807312,-0.0028726886957883835,0.5144512057304382,0.24895693361759186,0.010606789961457253,0.49210983514785767,0.25985175371170044,0.03847667574882507,0.5030391216278076,0.2561835050582886,0.018371006473898888,0.5310178995132446,0.2909504473209381,-0.0036180182360112667,0.5522468090057373,0.32119348645210266,-0.01659230701625347,0.5531108379364014,0.3290490508079529,-0.014033744111657143,0.5454075932502747,0.3250846862792969,-0.013438122346997261,0.5408246517181396,0.329155832529068,-0.009609083645045757,0.5477597117424011,0.33017751574516296,-0.011950981803238392,0.5433405637741089,0.3318234086036682,-0.008346622809767723,0.5347905158996582,0.3422514498233795,-0.0018661358626559377,0.5550554990768433,0.29276537895202637,-0.030112000182271004,0.5541804432868958,0.2845444679260254,-0.031740523874759674,0.5055782794952393,0.2362978756427765,0.006811035331338644,0.5417301654815674,0.26926830410957336,-0.0038806330412626266,0.5418189764022827,0.2926903963088989,-0.016012856736779213,0.5413264632225037,0.28852659463882446,-0.014173888601362705,0.513657808303833,0.2923644185066223,0.003714819671586156,0.5541632771492004,0.2745603919029236,-0.028086042031645775,0.5192338824272156,0.22546058893203735,-0.0033653678838163614,0.5110071897506714,0.22953543066978455,0.0011818786151707172,0.49801871180534363,0.20592421293258667,0.02586199901998043,0.5455930829048157,0.22998709976673126,-0.00823693536221981,0.5368319153785706,0.23708397150039673,0.002435970352962613,0.5302436947822571,0.33520662784576416,-9.131709521170706e-05,0.5029407739639282,0.339716374874115,0.05133995786309242,0.5461405515670776,0.29707735776901245,-0.01385970413684845,0.5507398247718811,0.29931673407554626,-0.014598685316741467,0.5354156494140625,0.33562031388282776,-0.0007483934750780463,0.5367871522903442,0.33521002531051636,-0.0023353812284767628,0.507759690284729,0.22503571212291718,0.004275387618690729,0.5416532754898071,0.29669225215911865,-0.012926090508699417,0.5306673049926758,0.2250158190727234,-0.006583958398550749,0.5292348265647888,0.21831576526165009,-0.007592706009745598,0.5225890874862671,0.18211722373962402,0.003813043236732483,0.503107488155365,0.2137400507926941,0.013433840125799179,0.5268269181251526,0.19832494854927063,-0.002355653326958418,0.5021828413009644,0.23329520225524902,0.012003752402961254,0.49705594778060913,0.2272762656211853,0.02372400090098381,0.5525626540184021,0.3254794180393219,-0.01599798910319805,0.5465954542160034,0.3278374969959259,-0.013024560175836086,0.542046844959259,0.33053165674209595,-0.009506424888968468,0.5474951863288879,0.2986104190349579,-0.012727340683341026,0.5361260175704956,0.3354262113571167,-0.0015966020291671157,0.5388214588165283,0.33590131998062134,-0.005407963879406452,0.537535548210144,0.3349796235561371,-0.0025299598928540945,0.5488117933273315,0.29351258277893066,-0.021754717454314232,0.5442694425582886,0.33267027139663696,-0.007252949755638838,0.548618495464325,0.3316553235054016,-0.009478280320763588,0.5536538362503052,0.3312341868877411,-0.011331121437251568,0.553067684173584,0.3532215654850006,-0.008547873236238956,0.5524485111236572,0.34265339374542236,-0.013716251589357853,0.5526047945022583,0.3381829857826233,-0.014154953882098198,0.5529488921165466,0.33429649472236633,-0.01257337536662817,0.5534953474998474,0.3312627077102661,-0.011782227084040642,0.5441263318061829,0.33270320296287537,-0.007551617920398712,0.5431205034255981,0.33434370160102844,-0.0085157984867692,0.5419981479644775,0.33649906516075134,-0.009552057832479477,0.5410928726196289,0.3391018509864807,-0.008710277266800404,0.5363569259643555,0.319892555475235,-0.007456329185515642,0.49392905831336975,0.29938897490501404,0.06150384619832039,0.5595702528953552,0.29965272545814514,-0.020324276760220528,0.5408918857574463,0.3337957561016083,-0.004718070384114981,0.539922297000885,0.33476823568344116,-0.005346101708710194,0.5525561571121216,0.30253371596336365,-0.01496214047074318,0.5438295006752014,0.3017128109931946,-0.008823614567518234,0.551720142364502,0.30095329880714417,-0.01490820199251175,0.5357078909873962,0.27494147419929504,-0.002049435395747423,0.5265616774559021,0.28134676814079285,-0.0004964952822774649,0.5404569506645203,0.2926091253757477,-0.01098624151200056,0.5077599883079529,0.19201625883579254,0.013928394764661789,0.5126351714134216,0.2036411464214325,0.005004709120839834,0.517017126083374,0.21927915513515472,-0.0020204707980155945,0.5396916270256042,0.3466763496398926,-0.004885203205049038,0.5430856943130493,0.2188558280467987,-0.010347350500524044,0.5410273671150208,0.19644582271575928,-0.00652657775208354,0.5382604598999023,0.17694184184074402,-0.0020074392668902874,0.5170307159423828,0.2572113275527954,0.007089488208293915,0.5035334229469299,0.2671454846858978,0.015540843829512596,0.5416962504386902,0.2518819272518158,0.0041252076625823975,0.5083958506584167,0.24524858593940735,0.0100124916061759,0.5456976294517517,0.26314011216163635,-0.0058779530227184296,0.545232892036438,0.2888113260269165,-0.021552836522459984,0.49840736389160156,0.274247407913208,0.021819904446601868,0.5075684785842896,0.27232545614242554,0.010122949257493019,0.5151063203811646,0.27453410625457764,0.0047308094799518585,0.5263534784317017,0.2722611427307129,0.002130325185135007,0.5346580147743225,0.2680872678756714,0.000941892561968416,0.5408415794372559,0.2634211778640747,-0.0005483988206833601,0.5528871417045593,0.2507382333278656,-0.011745842173695564,0.5004921555519104,0.2917391061782837,0.019770650193095207,0.5039060711860657,0.2452549785375595,0.0127925556153059,0.5569224953651428,0.29729732871055603,-0.027457857504487038,0.5425838232040405,0.27677643299102783,-0.006457309704273939,0.48979201912879944,0.26089346408843994,0.05821281298995018,0.5453365445137024,0.25828617811203003,-0.0012819119729101658,0.5400211811065674,0.2936122417449951,-0.005109772086143494,0.512107253074646,0.2500523328781128,0.011712427251040936,0.5449010133743286,0.283831387758255,-0.019246568903326988,0.49762222170829773,0.319517582654953,0.05807254835963249,0.5417729616165161,0.24888092279434204,0.00562475947663188,0.5494234561920166,0.27826669812202454,-0.02473674900829792,0.5158586502075195,0.3552253842353821,0.019616669043898582,0.5165460705757141,0.36586955189704895,0.029821917414665222,0.4952232539653778,0.2958480417728424,0.04059690609574318,0.5086749196052551,0.3452005982398987,0.02750566601753235,0.4941808879375458,0.24234126508235931,0.03282405436038971,0.5391554236412048,0.37883317470550537,0.0002884973946493119,0.5574193596839905,0.2994544208049774,-0.019959500059485435,0.5376494526863098,0.2836826741695404,-0.004499037750065327,0.4984193444252014,0.2583673894405365,0.02425626665353775,0.5220515727996826,0.25301170349121094,0.005088129546493292,0.5270469188690186,0.25321370363235474,0.0036498792469501495,0.5377848148345947,0.3373382091522217,-0.004484178964048624,0.5026142001152039,0.3087722659111023,0.02100256457924843,0.5495424270629883,0.3892187476158142,0.0016662011621519923,0.5325679779052734,0.381500780582428,0.013516475446522236,0.5251588821411133,0.37539923191070557,0.020606720820069313,0.5568784475326538,0.19585056602954865,-0.007636318448930979,0.5611283779144287,0.3895189166069031,0.00011974909284617752,0.5321041345596313,0.2522793710231781,0.0034383293241262436,0.536910355091095,0.2507098913192749,0.004268411546945572,0.5401350259780884,0.24979260563850403,0.005495558958500624,0.49999505281448364,0.24427857995033264,0.018801182508468628,0.5360353589057922,0.24299335479736328,0.0034276912920176983,0.5308136343955994,0.2408483922481537,0.002326891990378499,0.5255845785140991,0.24074707925319672,0.0025339967105537653,0.5204445123672485,0.24265216290950775,0.003979652654379606,0.5173722505569458,0.24525418877601624,0.005955507978796959,0.48987776041030884,0.23998865485191345,0.04911044239997864,0.5187488198280334,0.25202563405036926,0.006986582651734352,0.5594975352287292,0.3093027174472809,-0.015286167152225971,0.5418161153793335,0.31423690915107727,-0.010052245110273361,0.5460847020149231,0.2954673767089844,-0.015926644206047058,0.5521232485771179,0.3102829158306122,-0.015007905662059784,0.5579315423965454,0.239278644323349,-0.009634356014430523,0.5235271453857422,0.3650617003440857,0.013224833644926548,0.5310746431350708,0.3722110390663147,0.007008027750998735,0.5491158962249756,0.3829077482223511,-0.00547885661944747,0.50954669713974,0.354987233877182,0.04105975106358528,0.5398953557014465,0.24641501903533936,0.00472080335021019,0.5496816635131836,0.2638489603996277,-0.013724904507398605,0.5610371232032776,0.38307225704193115,-0.0067965020425617695,0.5404762625694275,0.38628488779067993,0.006338894832879305,0.49845850467681885,0.31431660056114197,0.03907642886042595,0.5484693050384521,0.3317078948020935,-0.009898824617266655,0.5474559664726257,0.33420202136039734,-0.010893547907471657,0.5467004179954529,0.33734509348869324,-0.012143267318606377,0.5462021231651306,0.34131762385368347,-0.011608090251684189,0.5456972122192383,0.35051774978637695,-0.007600426208227873,0.5397652983665466,0.33358117938041687,-0.005196199286729097,0.53852379322052,0.33319300413131714,-0.005248903296887875,0.537467896938324,0.33260947465896606,-0.005214529111981392,0.5321611166000366,0.32709643244743347,-0.0038285052869468927,0.5100290775299072,0.31149670481681824,0.009031461551785469,0.5493856072425842,0.25625503063201904,-0.008381225168704987,0.5458285808563232,0.2420158088207245,0.0016278597759082913,0.5422362685203552,0.24327220022678375,0.003740031737834215,0.5410128235816956,0.33380037546157837,-0.004534309729933739,0.5103951096534729,0.3322591483592987,0.016904428601264954,0.5505809783935547,0.2413140833377838,-0.005785987246781588,0.5426774621009827,0.36032629013061523,-0.004857814405113459,0.5588789582252502,0.26459571719169617,-0.024266131222248077,0.5534805059432983,0.25882601737976074,-0.01757449097931385,0.5585604310035706,0.25656819343566895,-0.018855499103665352,0.5461995601654053,0.2772287428379059,-0.013904168270528316,0.5607728958129883,0.3741607964038849,-0.009753357619047165,0.5604264140129089,0.36314260959625244,-0.009228994138538837,0.5513641834259033,0.36339908838272095,-0.008246532641351223,0.5294537544250488,0.3473365008831024,0.0014348806580528617,0.5354796648025513,0.30108702182769775,-0.004096267744898796,0.5356547832489014,0.3551482558250427,-0.0016092750011011958,0.5220915079116821,0.30174028873443604,-0.001764217740856111,0.5302037596702576,0.31023427844047546,-0.003643080359324813,0.517602801322937,0.31633150577545166,0.0022493298165500164,0.549665093421936,0.3741985261440277,-0.008281085640192032,0.5429129004478455,0.2826233506202698,-0.009966369718313217,0.5249134302139282,0.35484158992767334,0.006806757301092148,0.5325490236282349,0.3629915118217468,0.0025963610969483852,0.524544894695282,0.33760562539100647,0.002653992734849453,0.5048487782478333,0.3231273889541626,0.02246900089085102,0.5177004337310791,0.34007856249809265,0.008588433265686035,0.5023393630981445,0.3308635652065277,0.035848408937454224,0.5258015394210815,0.3220273554325104,-0.0014769061235710979,0.5462683439254761,0.2701842784881592,-0.009785573929548264,0.5470666289329529,0.2921704947948456,-0.02286238595843315,0.5436198711395264,0.29514065384864807,-0.0167021956294775,0.5494499802589417,0.2861897647380829,-0.026947299018502235,0.540961503982544,0.23537443578243256,-0.00019145928672514856,0.5307905077934265,0.23109965026378632,-0.001404220936819911,0.5219696164131165,0.2310461848974228,-0.0011085623409599066,0.5149317979812622,0.23374967277050018,0.0012853681109845638,0.5102726221084595,0.23847584426403046,0.0050355191342532635,0.5082103610038757,0.2530176341533661,0.014079645276069641,0.4927912950515747,0.27778053283691406,0.03984510153532028,0.51290363073349,0.2636118531227112,0.009326145052909851,0.518892228603363,0.2653766870498657,0.005753729026764631,0.5267159938812256,0.26472315192222595,0.003355242544785142,0.534176766872406,0.2621272802352905,0.0024197804741561413,0.5400024652481079,0.2587052285671234,0.0022400885354727507,0.5439519286155701,0.2554229497909546,0.0019517551409080625,0.49152272939682007,0.2802000939846039,0.06190577894449234,0.543784499168396,0.2976090908050537,-0.013892230577766895,0.5499562621116638,0.2708509564399719,-0.01838041841983795,0.5510945916175842,0.29199376702308655,-0.027340488508343697,0.5541439652442932,0.2962918281555176,-0.02513636089861393,0.5511220693588257,0.2936495244503021,-0.024565471336245537,0.5454410314559937,0.3001564145088196,-0.01197555661201477,0.5551864504814148,0.29688793420791626,-0.026677247136831284,0.5556895732879639,0.2990608215332031,-0.019979305565357208,0.5438119173049927,0.2489253282546997,0.0047811660915613174,0.5468930006027222,0.2503947615623474,0.00133540912065655,0.5485443472862244,0.2513706386089325,-0.002815384417772293,0.5157232880592346,0.2472139298915863,0.007974249310791492,0.511572003364563,0.2447161227464676,0.008248238824307919,0.5635538101196289,0.26579269766807556,-0.02216874063014984,0.5972850918769836,0.24715977907180786,0.009894728660583496,0.5645614862442017,0.297297865152359,-0.0198757816106081,0.6192833781242371,0.2154243290424347,0.03925933688879013,0.5817869901657104,0.2551974654197693,0.00338308559730649,0.5874282717704773,0.25581273436546326,0.0039033612702041864,0.5927818417549133,0.2551468014717102,0.005642707459628582,0.5996791124343872,0.25023502111434937,0.010801744647324085,0.5769470930099487,0.25300315022468567,0.0038696161936968565,0.5891671180725098,0.2307376116514206,0.0014653661055490375,0.5827829837799072,0.23160763084888458,0.001399424159899354,0.5949944853782654,0.23230430483818054,0.0035532687325030565,0.5987807512283325,0.23567183315753937,0.006065943278372288,0.6044192910194397,0.2555827498435974,0.013769743032753468,0.5808820128440857,0.367442786693573,-0.0021373899653553963,0.5991594791412354,0.2447042018175125,0.011895392090082169,0.6212058067321777,0.252566933631897,0.040455665439367294,0.6106382608413696,0.2506045401096344,0.0199788399040699,0.5865811705589294,0.2880466878414154,-0.0027470551431179047,0.5659548044204712,0.32071346044540405,-0.016332639381289482,0.5652251839637756,0.3286907374858856,-0.013794283382594585,0.5728121995925903,0.32410845160484314,-0.012925968505442142,0.5772625207901001,0.3279590904712677,-0.008870606310665607,0.5705097317695618,0.3295082449913025,-0.011512178927659988,0.5747373700141907,0.33093565702438354,-0.007701610215008259,0.584255576133728,0.33950772881507874,-0.0008859795052558184,0.5643013119697571,0.29222893714904785,-0.029993541538715363,0.5647888779640198,0.283917635679245,-0.03160359337925911,0.6061197519302368,0.23088504374027252,0.008332048542797565,0.5750041007995605,0.2674359381198883,-0.0033310118597000837,0.5765561461448669,0.2907446622848511,-0.015475193969905376,0.5766918659210205,0.2865738272666931,-0.013635373674333096,0.6034952402114868,0.28755226731300354,0.0051125455647706985,0.5641769766807556,0.27396535873413086,-0.02790757641196251,0.5923295021057129,0.22205640375614166,-0.0022411092650145292,0.6003983020782471,0.22498802840709686,0.002538104774430394,0.6135657429695129,0.19934381544589996,0.027784110978245735,0.5680997967720032,0.22957970201969147,-0.0078873410820961,0.577296793460846,0.23524510860443115,0.0030345122795552015,0.5884666442871094,0.33202221989631653,0.0011046817526221275,0.6149329543113708,0.33344322443008423,0.05332695320248604,0.5724725127220154,0.29559221863746643,-0.013409948907792568,0.56805020570755,0.29837915301322937,-0.014362654648721218,0.5824181437492371,0.3344125747680664,0.0003380775451660156,0.5810412168502808,0.33407101035118103,-0.0013747046468779445,0.6032683253288269,0.21999426186084747,0.005741865839809179,0.5766741037368774,0.2948108911514282,-0.012389648705720901,0.5816513895988464,0.22301465272903442,-0.005837355740368366,0.5824350118637085,0.21621519327163696,-0.006820624228566885,0.5897173285484314,0.1784730851650238,0.0048548374325037,0.6093904972076416,0.20783498883247375,0.01509451400488615,0.5861570239067078,0.1951998621225357,-0.0014625877374783158,0.6092843413352966,0.22749438881874084,0.013676222413778305,0.6155035495758057,0.22069913148880005,0.025509845465421677,0.5657605528831482,0.32505080103874207,-0.015760663896799088,0.5716774463653564,0.3270449936389923,-0.012554865330457687,0.5760443806648254,0.32948246598243713,-0.00882771983742714,0.5710815787315369,0.29729771614074707,-0.012388620525598526,0.5817115902900696,0.33425700664520264,-0.00059857516316697,0.579107940196991,0.33478686213493347,-0.004572171717882156,0.5802765488624573,0.33386164903640747,-0.001597926951944828,0.570024311542511,0.29231610894203186,-0.02138151414692402,0.5737215876579285,0.331805557012558,-0.006614974234253168,0.5695592164993286,0.3310318887233734,-0.009027109481394291,0.5646698474884033,0.3309122920036316,-0.011081320233643055,0.5671308636665344,0.3524929881095886,-0.008282371796667576,0.566183865070343,0.34217655658721924,-0.013428290374577045,0.5657721757888794,0.33771008253097534,-0.013849345035851002,0.5652371048927307,0.33386150002479553,-0.012295563705265522,0.5645151138305664,0.3309006690979004,-0.011512228287756443,0.5736519694328308,0.3318566083908081,-0.006909276358783245,0.5748230218887329,0.333404541015625,-0.007857770659029484,0.5760440230369568,0.3354821503162384,-0.008891945704817772,0.577086329460144,0.3379907011985779,-0.008000615984201431,0.5821954011917114,0.31743696331977844,-0.006629600189626217,0.6210228204727173,0.29231223464012146,0.06365969032049179,0.5768565535545349,0.33281296491622925,-0.00392061797901988,0.5779255032539368,0.33371567726135254,-0.0045545571483671665,0.5664076805114746,0.3018518388271332,-0.014754119329154491,0.5746035575866699,0.300128310918808,-0.008410561829805374,0.5671855211257935,0.30018460750579834,-0.014691748656332493,0.5810862183570862,0.2725095748901367,-0.0013223622227087617,0.5904092192649841,0.27798333764076233,0.00047218744293786585,0.5776069164276123,0.29062074422836304,-0.010416414588689804,0.6041085720062256,0.18664103746414185,0.0154836755245924,0.5999796986579895,0.19895154237747192,0.006313012447208166,0.5940357446670532,0.21556779742240906,-0.0008658813312649727,0.5797890424728394,0.34442588686943054,-0.004073430318385363,0.5695880651473999,0.21837672591209412,-0.009968089871108532,0.5723892450332642,0.19481688737869263,-0.006047958508133888,0.5744500160217285,0.17500832676887512,-0.0014722574269399047,0.5972080826759338,0.25351548194885254,0.008337432518601418,0.6107485890388489,0.26159417629241943,0.017123503610491753,0.5737306475639343,0.2508721649646759,0.004641161300241947,0.6044151782989502,0.240081787109375,0.01142573170363903,0.5709546804428101,0.2617209255695343,-0.005445445887744427,0.57326740026474,0.28725114464759827,-0.02111496962606907,0.6166709065437317,0.26768407225608826,0.02362857013940811,0.6069265604019165,0.26696303486824036,0.011626426130533218,0.599768340587616,0.26986926794052124,0.005981341935694218,0.5890913605690002,0.2689543664455414,0.0030564607586711645,0.581138551235199,0.2656790614128113,0.0016477500321343541,0.5751055479049683,0.2617434859275818,3.755947091121925e-06,0.5635576844215393,0.25014668703079224,-0.011558308266103268,0.6158619523048401,0.2854151725769043,0.021580224856734276,0.6087796092033386,0.23970966041088104,0.014402232132852077,0.5624092817306519,0.29696276783943176,-0.02734583429992199,0.5746349096298218,0.27503252029418945,-0.005908553022891283,0.6228779554367065,0.2532540559768677,0.06052334979176521,0.5705451965332031,0.257183313369751,-0.0008813108433969319,0.5779262185096741,0.2916242778301239,-0.004576650448143482,0.6015132069587708,0.24538081884384155,0.013084471225738525,0.5732049942016602,0.2822414040565491,-0.018795501440763474,0.6187736988067627,0.3127767741680145,0.060168907046318054,0.573543906211853,0.24801316857337952,0.0061697401106357574,0.5687475800514221,0.27715712785720825,-0.024411670863628387,0.6039378046989441,0.3501637279987335,0.021076051518321037,0.6035117506980896,0.3607422113418579,0.03134077042341232,0.6204283833503723,0.2888891398906708,0.04254254698753357,0.6103577017784119,0.3394628167152405,0.029174868017435074,0.6185710430145264,0.23538655042648315,0.034735750406980515,0.5823352932929993,0.3761701285839081,0.0010455116862431169,0.5617316961288452,0.2992265820503235,-0.01988932117819786,0.5796870589256287,0.28146621584892273,-0.003834142815321684,0.6156470775604248,0.25266849994659424,0.026014259085059166,0.5920636653900146,0.2504163980484009,0.006174550857394934,0.5873196125030518,0.2511976659297943,0.004573770798742771,0.5802316069602966,0.3361359238624573,-0.0035818868782371283,0.614702045917511,0.30267366766929626,0.02276746556162834,0.5725220441818237,0.3876818120479584,0.002127761486917734,0.5886869430541992,0.3778028190135956,0.014526703394949436,0.5956510901451111,0.3709688186645508,0.021860744804143906,0.5825595259666443,0.25067853927612305,0.004221887327730656,0.5780264735221863,0.24944692850112915,0.0049454583786427975,0.5750626921653748,0.24880030751228333,0.0060833897441625595,0.612667441368103,0.2383027821779251,0.02053402177989483,0.5786187648773193,0.24113816022872925,0.00415754783898592,0.5833445191383362,0.23821301758289337,0.0031821310985833406,0.5881711840629578,0.23750996589660645,0.003558994038030505,0.5930154323577881,0.2388291209936142,0.00512531166896224,0.5960448980331421,0.24113118648529053,0.007165495306253433,0.6220024824142456,0.23233330249786377,0.05138041824102402,0.5951858758926392,0.24886032938957214,0.008169443346560001,0.5769053101539612,0.3123624324798584,-0.00939881056547165,0.5725488662719727,0.29400020837783813,-0.01553985197097063,0.566948413848877,0.3094991445541382,-0.014739399775862694,0.5968735814094543,0.3607216477394104,0.014473372139036655,0.5898551940917969,0.36864763498306274,0.008003700524568558,0.5727694630622864,0.3814355134963989,-0.005072972271591425,0.6096348166465759,0.3492441475391388,0.042840469628572464,0.5751549601554871,0.24523615837097168,0.005337500479072332,0.5674386620521545,0.26286065578460693,-0.01343164686113596,0.5812108516693115,0.3835364580154419,0.0071124425157904625,0.6183713674545288,0.3076626658439636,0.0409947969019413,0.5694485306739807,0.33103832602500916,-0.009403419680893421,0.5705927610397339,0.3334198594093323,-0.010394470766186714,0.5715277194976807,0.3364814817905426,-0.011632400564849377,0.5722870230674744,0.340424120426178,-0.011099719442427158,0.5741416811943054,0.3489166796207428,-0.006972652859985828,0.5781682133674622,0.3324819803237915,-0.0043369014747440815,0.5793814659118652,0.33198797702789307,-0.004317258484661579,0.5804760456085205,0.3312934935092926,-0.004223603289574385,0.586393415927887,0.3241352438926697,-0.0027499599382281303,0.607778012752533,0.30621159076690674,0.010621285066008568,0.5671197175979614,0.25528740882873535,-0.008076910860836506,0.5691916942596436,0.2413724958896637,0.00200928607955575,0.5726866126060486,0.2422475814819336,0.0042572845704853535,0.5768791437149048,0.3327929675579071,-0.00371591467410326,0.6082512736320496,0.3268057405948639,0.018540695309638977,0.5643317699432373,0.2411092072725296,-0.005562555976212025,0.577698826789856,0.35826683044433594,-0.004233844578266144,0.5636061429977417,0.25823667645454407,-0.017422964796423912,0.57143235206604,0.27587273716926575,-0.013510620221495628,0.5693799257278442,0.3623546361923218,-0.007946430705487728,0.5899268388748169,0.34389224648475647,0.0025303983129560947,0.5825793743133545,0.2986130118370056,-0.003366210963577032,0.584242045879364,0.35230451822280884,-0.0007527290727011859,0.5957277417182922,0.2978484332561493,-0.0005932076019234955,0.5880725979804993,0.3071797490119934,-0.0026804411318153143,0.600673258304596,0.31186094880104065,0.003605659119784832,0.5717082023620605,0.3728834092617035,-0.007912627421319485,0.5747385621070862,0.2808869779109955,-0.009479460306465626,0.5949694514274597,0.3507218658924103,0.008041496388614178,0.5878718495368958,0.3596886396408081,0.0035434856545180082,0.5943987965583801,0.3337397277355194,0.003990557044744492,0.6131964325904846,0.31714141368865967,0.024249374866485596,0.6014217138290405,0.33536872267723083,0.010073314420878887,0.6155838370323181,0.32452642917633057,0.03772325813770294,0.5927143096923828,0.3184433579444885,-0.00026110210455954075,0.570865273475647,0.26884186267852783,-0.009364410303533077,0.5717203617095947,0.29077771306037903,-0.02243543229997158,0.5749362111091614,0.2933919429779053,-0.01626242697238922,0.5693027377128601,0.2850457727909088,-0.02658093348145485,0.5731208920478821,0.23422174155712128,0.0003492724208626896,0.5821672677993774,0.22871023416519165,-0.0005671225371770561,0.5903214812278748,0.22760309278964996,-6.983509956626222e-05,0.5971304178237915,0.22944551706314087,0.002535055158659816,0.6019090414047241,0.23354005813598633,0.006400975398719311,0.6054270267486572,0.24801108241081238,0.015535509213805199,0.6215895414352417,0.2705560028553009,0.04187973216176033,0.6014107465744019,0.2590734660625458,0.010640655644237995,0.5957928895950317,0.26149728894233704,0.006913363002240658,0.5884199738502502,0.26181021332740784,0.004292914643883705,0.5813038945198059,0.260034441947937,0.003130898345261812,0.5757139921188354,0.2572226822376251,0.002759783063083887,0.5718286037445068,0.25434765219688416,0.0023582654539495707,0.6221931576728821,0.2728455662727356,0.06420022994279861,0.5746925473213196,0.2958891987800598,-0.013450351543724537,0.567703902721405,0.2698736786842346,-0.018080705776810646,0.5679728388786316,0.2909930944442749,-0.02707238681614399,0.5649580359458923,0.29566481709480286,-0.02496645227074623,0.5678760409355164,0.2927289605140686,-0.024294456467032433,0.5730811953544617,0.29864272475242615,-0.011602207086980343,0.5640484690666199,0.2963692247867584,-0.02653341554105282,0.5633764863014221,0.29861077666282654,-0.019876649603247643,0.5715821385383606,0.2481538951396942,0.0052247969433665276,0.5687329769134521,0.24969182908535004,0.0016407411312684417,0.5670427680015564,0.2507335841655731,-0.002543930197134614,0.5977623462677002,0.24300616979599,0.009231830947101116,0.6013067364692688,0.2399573028087616,0.009589076973497868,0.5271012783050537,0.2459665983915329,0.005295953247696161,0.5334244966506958,0.24538204073905945,0.005295953247696161,0.5266962647438049,0.23858317732810974,0.005295953247696161,0.5207354426383972,0.24650916457176208,0.005295953247696161,0.5274688601493835,0.2533135414123535,0.005295953247696161,0.5872222781181335,0.2430940717458725,0.006242948584258556,0.5936111211776733,0.2430427372455597,0.006242948584258556,0.5872305035591125,0.23519539833068848,0.006242948584258556,0.5808060169219971,0.24309629201889038,0.006242948584258556,0.5872372388839722,0.2510513663291931,0.006242948584258556
33.333333333333336,0.5596654415130615,0.32249704003334045,-0.016722634434700012,0.5604950189590454,0.2936563491821289,-0.029927421361207962,0.5600255131721497,0.3030410408973694,-0.015940604731440544,0.5549952387809753,0.2670179307460785,-0.02202463336288929,0.560412585735321,0.2848966121673584,-0.03172118961811066,0.5600558519363403,0.27404043078422546,-0.029267726466059685,0.5590176582336426,0.2486068457365036,-0.013820333406329155,0.5173377990722656,0.25166749954223633,0.008099937811493874,0.5583943128585815,0.23024222254753113,-0.010068885050714016,0.5581313371658325,0.21877332031726837,-0.011105821467936039,0.5572247505187988,0.17448261380195618,-0.003666138742119074,0.5596693754196167,0.3255136013031006,-0.016083860769867897,0.5595757365226746,0.32869094610214233,-0.014206238090991974,0.5595105290412903,0.33092746138572693,-0.011348813772201538,0.559407114982605,0.331216037273407,-0.011897015385329723,0.5594977736473083,0.3342815637588501,-0.012584904208779335,0.5595357418060303,0.33808794617652893,-0.013938263058662415,0.559536874294281,0.34244248270988464,-0.01339400839060545,0.560025691986084,0.3534190058708191,-0.008174079470336437,0.5604245662689209,0.2983871102333069,-0.0271307285875082,0.5551093816757202,0.2988094091415405,-0.019557742401957512,0.4932289719581604,0.2222209870815277,0.03585578128695488,0.533760666847229,0.25715723633766174,0.0023008116986602545,0.5281288027763367,0.2587345540523529,0.002608338138088584,0.5226343870162964,0.2589505612850189,0.004132367670536041,0.5152007341384888,0.2550976872444153,0.008924197405576706,0.5385432243347168,0.25434091687202454,0.0029759719036519527,0.5244971513748169,0.23415645956993103,-2.5762756195035763e-05,0.5311121344566345,0.23423799872398376,0.0001935711334226653,0.518568217754364,0.23652726411819458,0.0018383419374004006,0.514811635017395,0.2404266893863678,0.004243327304720879,0.5107883810997009,0.2610064446926117,0.011733145453035831,0.5401616096496582,0.37038445472717285,-0.002580466214567423,0.5151998996734619,0.24953778088092804,0.00998205877840519,0.4929814338684082,0.25964978337287903,0.037293966859579086,0.5039639472961426,0.2564474642276764,0.017575766891241074,0.5317727327346802,0.2914479374885559,-0.0035815516021102667,0.5526920557022095,0.32115015387535095,-0.016056258231401443,0.553415834903717,0.3287752866744995,-0.013507586903870106,0.5456530451774597,0.3250235915184021,-0.012970272451639175,0.5409568548202515,0.3291107416152954,-0.00924761313945055,0.5479334592819214,0.3299493193626404,-0.011486886069178581,0.5434379577636719,0.3316519856452942,-0.00798250176012516,0.535243034362793,0.34297701716423035,-0.0017053716583177447,0.5558677315711975,0.2937659025192261,-0.029476802796125412,0.5550383925437927,0.2854800224304199,-0.03111151233315468,0.5069829225540161,0.23652371764183044,0.006113165989518166,0.5424997210502625,0.26965153217315674,-0.003944654017686844,0.5425873398780823,0.29346221685409546,-0.015665067359805107,0.5420932173728943,0.2892298102378845,-0.013882954604923725,0.5144907832145691,0.2927182912826538,0.003469059942290187,0.555040180683136,0.27538883686065674,-0.0275832861661911,0.5207982063293457,0.22560244798660278,-0.0038681828882545233,0.5125877261161804,0.22971075773239136,0.0005550177884288132,0.49899134039878845,0.20541512966156006,0.024718234315514565,0.5464213490486145,0.23011398315429688,-0.008499881252646446,0.5369442701339722,0.2371193915605545,0.0020421878434717655,0.5307608842849731,0.33599239587783813,6.695430329273222e-06,0.5029994249343872,0.34016963839530945,0.05048307403922081,0.5468376278877258,0.29791557788848877,-0.013529307208955288,0.551398515701294,0.3001461327075958,-0.014219755306839943,0.5355449318885803,0.33558034896850586,-0.0006369802867993712,0.5368720889091492,0.3351271450519562,-0.002176313428208232,0.509324312210083,0.2251855432987213,0.0035717333666980267,0.542377233505249,0.29742729663848877,-0.012610992416739464,0.5319977402687073,0.22519242763519287,-0.006947929505258799,0.5307515263557434,0.21857494115829468,-0.007952729240059853,0.5235361456871033,0.1815594732761383,0.0030627776868641376,0.5042015314102173,0.21367859840393066,0.012509999796748161,0.5278152227401733,0.1982012391090393,-0.0029014211613684893,0.5034130811691284,0.23351314663887024,0.011173711158335209,0.49811384081840515,0.22714799642562866,0.02264171838760376,0.5529400110244751,0.32528766989707947,-0.015458818525075912,0.5468029379844666,0.3277013301849365,-0.012551138177514076,0.5421651601791382,0.33043625950813293,-0.009133066982030869,0.5481594204902649,0.29943230748176575,-0.012400871142745018,0.5362277030944824,0.335361123085022,-0.0014540490228682756,0.5390679240226746,0.3357049524784088,-0.005177414044737816,0.5376118421554565,0.33487269282341003,-0.002366460394114256,0.5495401620864868,0.2944445013999939,-0.0212978795170784,0.54436194896698,0.33245259523391724,-0.006895366590470076,0.5487768650054932,0.33138296008110046,-0.009037816897034645,0.5538994669914246,0.3309389650821686,-0.010830588638782501,0.5531410574913025,0.35371506214141846,-0.008120420388877392,0.552740216255188,0.3422776758670807,-0.013217021711170673,0.5529595017433167,0.3378843367099762,-0.013659738004207611,0.5533027052879333,0.33413606882095337,-0.01212293840944767,0.553787887096405,0.3312150835990906,-0.011360055766999722,0.5442996621131897,0.3325461149215698,-0.00725321052595973,0.5433918833732605,0.33411088585853577,-0.008196951821446419,0.5423548221588135,0.33619341254234314,-0.009210837073624134,0.5415008068084717,0.3387365937232971,-0.00838667992502451,0.5369478464126587,0.32067570090293884,-0.007161949761211872,0.49433478713035583,0.29932835698127747,0.06019151583313942,0.560238778591156,0.30060502886772156,-0.019830897450447083,0.5410275459289551,0.3336336612701416,-0.004498200491070747,0.5401197075843811,0.334574818611145,-0.005112451035529375,0.5531934499740601,0.303361713886261,-0.014549223706126213,0.5444613695144653,0.30244413018226624,-0.008548380807042122,0.5523703694343567,0.30178549885749817,-0.014516380615532398,0.5365025997161865,0.27528437972068787,-0.002152936300262809,0.527393639087677,0.2816789746284485,-0.0006520150927826762,0.5411942601203918,0.29328325390815735,-0.010731348767876625,0.508762776851654,0.19150230288505554,0.01298587303608656,0.5137174725532532,0.20362091064453125,0.004269101656973362,0.5186622142791748,0.2194935381412506,-0.0025627557188272476,0.5400322079658508,0.3473080098628998,-0.004630761221051216,0.5441896319389343,0.21915170550346375,-0.010617050342261791,0.5418957471847534,0.19624221324920654,-0.00693154102191329,0.5391088128089905,0.17634674906730652,-0.0025888271629810333,0.5179451704025269,0.25796064734458923,0.006605963222682476,0.5049198865890503,0.26755934953689575,0.014870315790176392,0.5416948795318604,0.25177469849586487,0.003778044367209077,0.5094698667526245,0.24554748833179474,0.009339851327240467,0.5464603304862976,0.26355093717575073,-0.005927280988544226,0.5460044145584106,0.2896674871444702,-0.021124819293618202,0.49934467673301697,0.2743149399757385,0.021038422361016273,0.5092730522155762,0.27284133434295654,0.009621796198189259,0.5169271230697632,0.27499550580978394,0.004373408388346434,0.5277533531188965,0.2724530100822449,0.0018596145091578364,0.5355859994888306,0.2680366635322571,0.0007169583113864064,0.5414499640464783,0.2632802724838257,-0.0007249093614518642,0.5536925196647644,0.25118154287338257,-0.011735753156244755,0.5013014078140259,0.2919900417327881,0.019144844263792038,0.5049836039543152,0.24548356235027313,0.01204120647162199,0.5576412677764893,0.29827937483787537,-0.0268526803702116,0.5433139801025391,0.27729299664497375,-0.006384675391018391,0.49047496914863586,0.2604808509349823,0.056758806109428406,0.5458369255065918,0.2581915855407715,-0.0014553507789969444,0.5407254695892334,0.2942293584346771,-0.004954440984874964,0.5129043459892273,0.25049760937690735,0.011046569794416428,0.5456642508506775,0.28459253907203674,-0.018885262310504913,0.497821182012558,0.3196946978569031,0.05694328248500824,0.5416441559791565,0.2488560676574707,0.005211308598518372,0.5502498745918274,0.27906495332717896,-0.024296648800373077,0.5160356163978577,0.35597074031829834,0.01937602274119854,0.5165785551071167,0.3665439486503601,0.02947581186890602,0.49587687849998474,0.29605191946029663,0.03961126506328583,0.5088439583778381,0.3459591269493103,0.02708284556865692,0.49514302611351013,0.24211350083351135,0.03166104853153229,0.5391309857368469,0.3792499899864197,0.000575547106564045,0.5580796003341675,0.30039501190185547,-0.019474035128951073,0.5383877158164978,0.28416314721107483,-0.004440171178430319,0.499131441116333,0.25849637389183044,0.023344803601503372,0.5229330658912659,0.25397515296936035,0.0046339575201272964,0.5278149247169495,0.25395622849464417,0.003239959944039583,0.5380683541297913,0.33714380860328674,-0.004278650972992182,0.5032405257225037,0.30922451615333557,0.02048971876502037,0.5492945313453674,0.3893429636955261,0.001992199569940567,0.5325947999954224,0.3819170296192169,0.013538273051381111,0.5252276659011841,0.37594133615493774,0.02046414278447628,0.5576261878013611,0.19564387202262878,-0.00794881023466587,0.5606173872947693,0.38956785202026367,0.0005203310865908861,0.5325888991355896,0.2526743710041046,0.003043434116989374,0.5370880365371704,0.2507893145084381,0.003868080908432603,0.5401113629341125,0.24974747002124786,0.005074834451079369,0.5007945895195007,0.24441201984882355,0.017912620678544044,0.5360543727874756,0.24309319257736206,0.002999819815158844,0.531018853187561,0.24106763303279877,0.001867669285275042,0.5260695815086365,0.24111363291740417,0.0020612883381545544,0.5211527943611145,0.24310337007045746,0.0034689917229115963,0.518151044845581,0.24574750661849976,0.005401371046900749,0.4906831383705139,0.2394673377275467,0.04770665615797043,0.5196258425712585,0.25297486782073975,0.006467391736805439,0.5600079298019409,0.31016433238983154,-0.014818125404417515,0.542441189289093,0.3150435984134674,-0.009702091105282307,0.5467986464500427,0.29633694887161255,-0.0155731700360775,0.5527030229568481,0.3111345171928406,-0.01455383375287056,0.558669924736023,0.23956507444381714,-0.009709406644105911,0.5236925482749939,0.36571788787841797,0.013163741677999496,0.5311280488967896,0.37278369069099426,0.00712156156077981,0.5489588379859924,0.383195161819458,-0.005020271986722946,0.5095460414886475,0.35566335916519165,0.04046795144677162,0.5398330092430115,0.246454119682312,0.004302117507904768,0.5504726767539978,0.26441532373428345,-0.013596759177744389,0.5606310367584229,0.38319236040115356,-0.0062749795615673065,0.5403932929039001,0.38656747341156006,0.006529702339321375,0.498874306678772,0.3147440254688263,0.03825705125927925,0.5486864447593689,0.3315865993499756,-0.009531721472740173,0.5477724671363831,0.33397865295410156,-0.010502168908715248,0.5470671653747559,0.3370027542114258,-0.011721018701791763,0.5465607643127441,0.34087416529655457,-0.011198557913303375,0.5459228157997131,0.3510795831680298,-0.0072571272030472755,0.5398305654525757,0.333445280790329,-0.004932451993227005,0.5386046171188354,0.33311477303504944,-0.004999005235731602,0.5375686287879944,0.33257201313972473,-0.004977824632078409,0.5327030420303345,0.3278675675392151,-0.003650084836408496,0.5106800198554993,0.31201064586639404,0.008793458342552185,0.5501687526702881,0.2566867470741272,-0.008416246622800827,0.5459093451499939,0.24209950864315033,0.0013174718478694558,0.542133092880249,0.2433006763458252,0.003358891699463129,0.5410776734352112,0.33362090587615967,-0.004277234431356192,0.5108131170272827,0.33292442560195923,0.016627933830022812,0.551132082939148,0.2413921356201172,-0.005960225127637386,0.5428183078765869,0.36090147495269775,-0.0045573231764137745,0.559701144695282,0.2653137445449829,-0.023880356922745705,0.55431067943573,0.2594181001186371,-0.017396988347172737,0.5593611001968384,0.25716522336006165,-0.018640093505382538,0.5469381809234619,0.27788206934928894,-0.013687783852219582,0.5604562759399414,0.37438535690307617,-0.009243263863027096,0.5602177381515503,0.3634645938873291,-0.00876675359904766,0.5513497591018677,0.36386099457740784,-0.007826854474842548,0.529844343662262,0.348024845123291,0.001532103051431477,0.5361625552177429,0.3016912043094635,-0.003945085220038891,0.5359262824058533,0.3557889759540558,-0.0014109009644016623,0.5228374600410461,0.3022696077823639,-0.0017611210932955146,0.5308749675750732,0.3108566105365753,-0.003487475449219346,0.5182588696479797,0.31691664457321167,0.0022088189143687487,0.5495936274528503,0.3745865225791931,-0.007834002375602722,0.5436320304870605,0.2832430601119995,-0.009784974157810211,0.5252149701118469,0.3554917275905609,0.00681971525773406,0.5327086448669434,0.36358314752578735,0.002744334749877453,0.5250146985054016,0.338326632976532,0.0026884740218520164,0.5053079128265381,0.3237129747867584,0.02202865295112133,0.5181065797805786,0.34076744318008423,0.008506694808602333,0.5025800466537476,0.3314743936061859,0.03519947826862335,0.526394248008728,0.32269278168678284,-0.0013702766736969352,0.5470232963562012,0.27072635293006897,-0.009693506173789501,0.5478244423866272,0.29309409856796265,-0.022394493222236633,0.5443616509437561,0.2959652543067932,-0.01633114367723465,0.5502749085426331,0.2871039807796478,-0.026419181376695633,0.5412794947624207,0.2355487048625946,-0.0005156738916411996,0.5315976738929749,0.2312394231557846,-0.001792227034457028,0.5231710076332092,0.23116633296012878,-0.0015800893306732178,0.5163040161132812,0.2339254468679428,0.0007515488541685045,0.5115691423416138,0.23869705200195312,0.004446817096322775,0.5090792179107666,0.2534329891204834,0.013357792049646378,0.49359554052352905,0.2777506113052368,0.03874621167778969,0.5141153335571289,0.264161616563797,0.008806769736111164,0.5201371908187866,0.2658669054508209,0.005339990835636854,0.527696430683136,0.26502373814582825,0.003027696395292878,0.5347660183906555,0.26216164231300354,0.0021425005979835987,0.5402747392654419,0.25858065485954285,0.0019843552727252245,0.5440817475318909,0.255301833152771,0.001704590511508286,0.49211421608924866,0.27992162108421326,0.06048508733510971,0.5444929599761963,0.2983962893486023,-0.013558187521994114,0.5507728457450867,0.27153754234313965,-0.018103910610079765,0.551879346370697,0.2929621934890747,-0.02677837200462818,0.5548274517059326,0.2972455322742462,-0.024582795798778534,0.5518467426300049,0.2946028411388397,-0.02405044436454773,0.5460938215255737,0.3009343147277832,-0.011658399365842342,0.5558906197547913,0.29785025119781494,-0.02609330601990223,0.5563442707061768,0.29999881982803345,-0.019504357129335403,0.5436679720878601,0.2488468885421753,0.004424162209033966,0.5469524264335632,0.25033456087112427,0.0010711209615692496,0.5489785671234131,0.2513504922389984,-0.0029896467458456755,0.5165039896965027,0.247749462723732,0.007377462461590767,0.5125524401664734,0.24504242837429047,0.007646402809768915,0.5642781853675842,0.2664957344532013,-0.021796049550175667,0.597379207611084,0.24684691429138184,0.009699440561234951,0.565223217010498,0.29826000332832336,-0.019399289041757584,0.6189433336257935,0.2151789665222168,0.03849555924534798,0.582685112953186,0.25516006350517273,0.0033085853792726994,0.5880870223045349,0.25569725036621094,0.00384348863735795,0.5932285785675049,0.25503188371658325,0.005568201187998056,0.5997561812400818,0.25003302097320557,0.010624866001307964,0.5780759453773499,0.25305432081222534,0.0037493386771529913,0.5894650816917419,0.230905219912529,0.0012946737697347999,0.5833437442779541,0.2318544238805771,0.0012161396443843842,0.5951142311096191,0.2323845773935318,0.0033816720824688673,0.5987868309020996,0.2356307953596115,0.005879541859030724,0.604587972164154,0.2555220127105713,0.013575280085206032,0.580215334892273,0.367792546749115,-0.0017457060748711228,0.5991488695144653,0.24444255232810974,0.01165840681642294,0.6207495927810669,0.2526000440120697,0.03980774059891701,0.6107100248336792,0.25036191940307617,0.019624801352620125,0.5866504311561584,0.28861120343208313,-0.0025276083033531904,0.5664456486701965,0.3207284212112427,-0.015788357704877853,0.5655392408370972,0.32845234870910645,-0.013265080749988556,0.5731421709060669,0.3241344690322876,-0.012437291443347931,0.5774180889129639,0.328016072511673,-0.008454712107777596,0.5707443952560425,0.32933568954467773,-0.011034269817173481,0.5748651027679443,0.3308463394641876,-0.007304264698177576,0.5836384296417236,0.3403075039386749,-0.0005959566915407777,0.5650339722633362,0.2932727634906769,-0.02933656796813011,0.5655415058135986,0.2848716974258423,-0.030948584899306297,0.6061127781867981,0.2304345965385437,0.008044525980949402,0.5753414034843445,0.26783421635627747,-0.0032632341608405113,0.5770890712738037,0.29149967432022095,-0.015078150667250156,0.5772010087966919,0.2872432470321655,-0.013291201554238796,0.603288471698761,0.288063108921051,0.005256843287497759,0.5649408102035522,0.274792343378067,-0.027371833100914955,0.5924969911575317,0.22207166254520416,-0.0024207804817706347,0.6004309058189392,0.22472400963306427,0.002318598097190261,0.6133987307548523,0.19903254508972168,0.027106914669275284,0.5688781142234802,0.23013855516910553,-0.00802687183022499,0.5781548023223877,0.23551706969738007,0.002816742518916726,0.5879051089286804,0.33292508125305176,0.0013583014952018857,0.6142515540122986,0.3337435722351074,0.0529043935239315,0.5730247497558594,0.2964297831058502,-0.013042593374848366,0.5686135292053223,0.2992391884326935,-0.01397068239748478,0.5822831392288208,0.3345239758491516,0.0005859450320713222,0.5809637308120728,0.3341226279735565,-0.0011128878686577082,0.6032586097717285,0.2194845825433731,0.005447447765618563,0.5771582126617432,0.29555490612983704,-0.012023803777992725,0.5820715427398682,0.22334124147891998,-0.005984497256577015,0.5827586650848389,0.21643109619617462,-0.006978038232773542,0.5899930000305176,0.1779714822769165,0.004404769279062748,0.6093233227729797,0.20757703483104706,0.014579936861991882,0.5864802598953247,0.19484302401542664,-0.0017859648214653134,0.6092684864997864,0.22689950466156006,0.013275942765176296,0.6152586936950684,0.22050884366035461,0.02488030679523945,0.5661729574203491,0.3249158263206482,-0.015213290229439735,0.5719591975212097,0.32698237895965576,-0.012063338421285152,0.576200008392334,0.3294808566570282,-0.008412697352468967,0.5716245770454407,0.2981303036212921,-0.01203539501875639,0.5816131234169006,0.33433830738067627,-0.0003360293048899621,0.5789698362350464,0.3347587585449219,-0.00426169577986002,0.5802269577980042,0.3338891863822937,-0.0013300670543685555,0.5706707835197449,0.29326584935188293,-0.020884588360786438,0.5737666487693787,0.33170029520988464,-0.006223953794687986,0.5696994662284851,0.3308463394641876,-0.008578215725719929,0.5648884177207947,0.3306657075881958,-0.010584253817796707,0.5668513774871826,0.35296347737312317,-0.00783010944724083,0.5661273002624512,0.3418768048286438,-0.01291950698941946,0.5658481121063232,0.3374764025211334,-0.013351005502045155,0.5654243230819702,0.3337600827217102,-0.011844880878925323,0.5647981762886047,0.3308921754360199,-0.011095055378973484,0.5737127065658569,0.33178001642227173,-0.006570293102413416,0.5747653245925903,0.3333033323287964,-0.0074985455721616745,0.5758686661720276,0.335348904132843,-0.008502411656081676,0.5767874717712402,0.3378416895866394,-0.007614932022988796,0.5820846557617188,0.31829455494880676,-0.006264938972890377,0.6203272342681885,0.2924938201904297,0.06291867792606354,0.5768259763717651,0.33276456594467163,-0.0036278213374316692,0.5778464674949646,0.33366522192955017,-0.004244538024067879,0.5669455528259277,0.3027154505252838,-0.014322049915790558,0.5750249028205872,0.3008776307106018,-0.008092350326478481,0.5677458047866821,0.3010438084602356,-0.014278922230005264,0.5812807083129883,0.27291589975357056,-0.001229667104780674,0.5904117226600647,0.2784450054168701,0.0006048326031304896,0.5780549645423889,0.2912927269935608,-0.010103011503815651,0.6041382551193237,0.18623752892017365,0.014929653145372868,0.6000950932502747,0.19863995909690857,0.005901515018194914,0.5941267013549805,0.21538196504116058,-0.0010967530542984605,0.5792194604873657,0.345045268535614,-0.003718677209690213,0.5701794624328613,0.21887844800949097,-0.010112707503139973,0.5729080438613892,0.19452321529388428,-0.006346453912556171,0.5749433040618896,0.17444990575313568,-0.0019034019205719233,0.5974285006523132,0.2533344626426697,0.008215701207518578,0.6109300255775452,0.26163598895072937,0.0169088002294302,0.5750123262405396,0.25097739696502686,0.004477579612284899,0.6043940186500549,0.2398262470960617,0.011162152513861656,0.5713903903961182,0.26212117075920105,-0.005384989082813263,0.5738685727119446,0.288096159696579,-0.02063734456896782,0.6163954138755798,0.2679131031036377,0.023365896195173264,0.6071993708610535,0.2672156095504761,0.011540115810930729,0.6001989245414734,0.2702750861644745,0.005993249360471964,0.5897249579429626,0.269345760345459,0.0030822863336652517,0.581939160823822,0.26603618264198303,0.0016433355631306767,0.5760581493377686,0.262094110250473,-1.9348299247212708e-05,0.5642163157463074,0.2505737245082855,-0.011493599973618984,0.6155660152435303,0.28579601645469666,0.02145332843065262,0.6087430715560913,0.23935756087303162,0.014065928757190704,0.5631151795387268,0.2979779839515686,-0.026729512959718704,0.5750492215156555,0.27552467584609985,-0.005753564182668924,0.6221850514411926,0.25322577357292175,0.059659913182258606,0.5715875029563904,0.2575540244579315,-0.0009290711022913456,0.5783246755599976,0.29224568605422974,-0.004364837426692247,0.6015124320983887,0.24513541162014008,0.01283813826739788,0.5738025307655334,0.28296369314193726,-0.01838723197579384,0.6181176900863647,0.3129975199699402,0.05957196280360222,0.5748683214187622,0.24803325533866882,0.005952507257461548,0.5694118142127991,0.27793633937835693,-0.023921271786093712,0.6032221913337708,0.35050708055496216,0.02110918238759041,0.6026565432548523,0.3609652519226074,0.03131270408630371,0.6199833154678345,0.28915777802467346,0.04206155240535736,0.6097770929336548,0.339873731136322,0.02906939759850502,0.6182185411453247,0.23530198633670807,0.03405265137553215,0.5815503597259521,0.3763429820537567,0.0014400475192815065,0.5624004006385803,0.30018308758735657,-0.019399113953113556,0.5799508094787598,0.28197211027145386,-0.003659701207652688,0.615716814994812,0.25237318873405457,0.025583632290363312,0.5924745798110962,0.25009414553642273,0.0060561709105968475,0.5879674553871155,0.25093141198158264,0.004474443383514881,0.5799978971481323,0.33614084124565125,-0.00327197159640491,0.6143511533737183,0.3031310737133026,0.022693760693073273,0.5717846155166626,0.3877534866333008,0.0025153360329568386,0.5877144932746887,0.3779100775718689,0.014703819528222084,0.5946897268295288,0.3711124062538147,0.021951206028461456,0.5834540724754333,0.2505064308643341,0.004099320154637098,0.5791705250740051,0.24935990571975708,0.004786809906363487,0.5763505697250366,0.24879316985607147,0.005885347258299589,0.6126061081886292,0.23783764243125916,0.020083198323845863,0.5794981718063354,0.2411375641822815,0.0039526973851025105,0.5839120149612427,0.23826490342617035,0.0029817477334290743,0.5885182619094849,0.2375992238521576,0.003375524189323187,0.5931815505027771,0.2388818860054016,0.004939545877277851,0.5960924625396729,0.24107033014297485,0.006960516329854727,0.6214880347251892,0.2322016954421997,0.05052823945879936,0.5954174995422363,0.24852460622787476,0.008008063770830631,0.5770105719566345,0.31321263313293457,-0.008993499912321568,0.5731304287910461,0.2948594093322754,-0.015154942870140076,0.5673067569732666,0.31037837266921997,-0.014268144965171814,0.5960769653320312,0.3610309958457947,0.01460486464202404,0.5890153646469116,0.36884886026382446,0.008249979466199875,0.5721661448478699,0.38163596391677856,-0.00455823726952076,0.6088998317718506,0.34955283999443054,0.04261816665530205,0.5763349533081055,0.24522970616817474,0.0051258928142488,0.5680264234542847,0.26340967416763306,-0.013237318955361843,0.5803231596946716,0.38362187147140503,0.007406176999211311,0.6179316639900208,0.3080219030380249,0.04060199111700058,0.5696365237236023,0.330983966588974,-0.00902408268302679,0.570642352104187,0.3333110511302948,-0.009987691417336464,0.5714461803436279,0.336300253868103,-0.011195063591003418,0.5720710754394531,0.34017428755760193,-0.010647101327776909,0.5736773610115051,0.3494354486465454,-0.006550774909555912,0.578209400177002,0.3324679136276245,-0.004005195572972298,0.5794171094894409,0.33203357458114624,-0.003990557976067066,0.5804784893989563,0.33138930797576904,-0.0038937442004680634,0.5860554575920105,0.3250339925289154,-0.002446685219183564,0.6074316501617432,0.3067666292190552,0.010768734849989414,0.5676732659339905,0.25570395588874817,-0.008023279719054699,0.5703189373016357,0.24175956845283508,0.001775846118107438,0.5738577246665955,0.24250012636184692,0.00402156263589859,0.576880156993866,0.33275306224823,-0.0033910758793354034,0.6077209711074829,0.32730764150619507,0.01859603449702263,0.5653213858604431,0.24169760942459106,-0.005682102870196104,0.5771275162696838,0.3587194085121155,-0.0038318196311593056,0.5643002986907959,0.25881651043891907,-0.01720575802028179,0.571988046169281,0.2764799892902374,-0.01324472390115261,0.5689850449562073,0.36276230216026306,-0.007485889829695225,0.5893033742904663,0.3445611596107483,0.002786496188491583,0.5827622413635254,0.2992616295814514,-0.0031219222582876682,0.5835943222045898,0.3528401851654053,-0.0004305019392631948,0.5955598950386047,0.2984665036201477,-0.0003275758062954992,0.587989330291748,0.3078872859477997,-0.0023883075919002295,0.6003093719482422,0.31250160932540894,0.0038537036161869764,0.571211576461792,0.37323135137557983,-0.007409586105495691,0.5752313733100891,0.2814581096172333,-0.009241890162229538,0.5942480564117432,0.35119953751564026,0.008251586928963661,0.587135910987854,0.3600468933582306,0.0038224044255912304,0.5938444137573242,0.33449727296829224,0.004235928878188133,0.6127662062644958,0.31761521100997925,0.024189084768295288,0.6008022427558899,0.33591118454933167,0.010256823152303696,0.6151090860366821,0.32493647933006287,0.037446681410074234,0.5923866629600525,0.3192267417907715,2.6477559003978968e-05,0.5713683366775513,0.2693532407283783,-0.009196687489748001,0.572348415851593,0.2917100191116333,-0.021923910826444626,0.5754836797714233,0.29420533776283264,-0.015843290835618973,0.5699916481971741,0.28597694635391235,-0.026002945378422737,0.574018120765686,0.23462176322937012,0.00013082334771752357,0.5826645493507385,0.22900259494781494,-0.0007539266953244805,0.5905569791793823,0.2277432382106781,-0.00023215857800096273,0.5971946120262146,0.22942358255386353,0.0023687214124947786,0.6018710732460022,0.2333458513021469,0.006192362867295742,0.6054691076278687,0.24778588116168976,0.015249420888721943,0.6211328506469727,0.2707197070121765,0.04132447391748428,0.6016697883605957,0.2591061592102051,0.010519041679799557,0.5962603092193604,0.2616475820541382,0.006855074316263199,0.5890855193138123,0.26197007298469543,0.004261053167283535,0.5821688175201416,0.2601969838142395,0.0030833950731903315,0.5767744183540344,0.2574240267276764,0.002672384725883603,0.5729936957359314,0.25458961725234985,0.0022444005589932203,0.6214438676834106,0.2729351818561554,0.06336607038974762,0.5752162933349609,0.2966875731945038,-0.013071161694824696,0.5683373212814331,0.2705300748348236,-0.017758360132575035,0.5686666369438171,0.29201698303222656,-0.026469003409147263,0.5656446814537048,0.29665789008140564,-0.024398326873779297,0.568564772605896,0.29372817277908325,-0.023745456710457802,0.5735695958137512,0.2994304299354553,-0.011246180161833763,0.5647421479225159,0.2973768711090088,-0.025932272896170616,0.5640341639518738,0.29956188797950745,-0.0193923432379961,0.5729163885116577,0.24830326437950134,0.005009785760194063,0.5699418187141418,0.24999991059303284,0.0014846896519884467,0.568131685256958,0.2511586546897888,-0.0026232425589114428,0.5977680683135986,0.2428431659936905,0.009018303826451302,0.6012834906578064,0.23976357281208038,0.009370262734591961,0.527178943157196,0.2462167590856552,0.0048187305219471455,0.5332273840904236,0.24552714824676514,0.0048187305219471455,0.5265486240386963,0.23892095685005188,0.0048187305219471455,0.5210393667221069,0.24684754014015198,0.0048187305219471455,0.5277361869812012,0.2534537613391876,0.0048187305219471455,0.5875579714775085,0.24306830763816833,0.006060921121388674,0.5932464003562927,0.2430838942527771,0.006060921121388674,0.587558925151825,0.23550987243652344,0.006060921121388674,0.5819174647331238,0.24298058450222015,0.006060921121388674,0.5876189470291138,0.25069308280944824,0.006060921121388674
66.66666666666667,0.5594212412834167,0.3239527940750122,-0.016596464440226555,0.5597884058952332,0.29498445987701416,-0.029933562502264977,0.5594181418418884,0.30420535802841187,-0.015842823311686516,0.5541651248931885,0.26849299669265747,-0.02214924804866314,0.5596552491188049,0.2862894833087921,-0.0317746140062809,0.5592489838600159,0.27547720074653625,-0.02937767095863819,0.5581077337265015,0.250022828578949,-0.014102237299084663,0.5168992877006531,0.252605676651001,0.008047463372349739,0.55739825963974,0.23171037435531616,-0.010494898073375225,0.5570785403251648,0.2203085571527481,-0.011622480116784573,0.5560410618782043,0.17569586634635925,-0.004456569440662861,0.5594225525856018,0.3268943727016449,-0.015947192907333374,0.559307336807251,0.32990434765815735,-0.014045179821550846,0.5592085123062134,0.33197134733200073,-0.011159377172589302,0.5590526461601257,0.33214902877807617,-0.011585379019379616,0.559142529964447,0.33513063192367554,-0.012227705679833889,0.5591850280761719,0.3388955295085907,-0.013501961715519428,0.5591858625411987,0.3432428240776062,-0.012834605760872364,0.5597832798957825,0.35476014018058777,-0.007438772823661566,0.5597527623176575,0.2996588945388794,-0.027107805013656616,0.5545171499252319,0.3000940680503845,-0.019483111798763275,0.4926246702671051,0.22342480719089508,0.035659004002809525,0.533092737197876,0.2582361698150635,0.0022046295925974846,0.5274490118026733,0.25977012515068054,0.0025425166822969913,0.5219769477844238,0.25998321175575256,0.004085967782884836,0.5147513151168823,0.2560981810092926,0.008894538506865501,0.537900984287262,0.2554329037666321,0.002833009697496891,0.5238027572631836,0.23532263934612274,-0.00016254489310085773,0.5304387211799622,0.23533855378627777,-5.848517503181938e-06,0.5179306864738464,0.2377399057149887,0.001733053708449006,0.5142461657524109,0.2416285276412964,0.004154807422310114,0.5101068615913391,0.262116402387619,0.011737938970327377,0.540056586265564,0.37131476402282715,-0.0016942641232162714,0.5148144364356995,0.25051891803741455,0.009923214092850685,0.4924142360687256,0.2608281075954437,0.037354376167058945,0.5032668709754944,0.2575186491012573,0.017564227804541588,0.53121417760849,0.292875200510025,-0.0034255138598382473,0.5524444580078125,0.3224898874759674,-0.015885138884186745,0.5531038641929626,0.3298901319503784,-0.013311110436916351,0.5454326272010803,0.3262961208820343,-0.012738200835883617,0.5406442284584045,0.3303375244140625,-0.008958743885159492,0.5475389361381531,0.33101800084114075,-0.011254539713263512,0.5429298877716064,0.3327387571334839,-0.007701820693910122,0.5350649356842041,0.3443853557109833,-0.001154477009549737,0.5551977753639221,0.2951318323612213,-0.02946341410279274,0.5543021559715271,0.2869265079498291,-0.03113904967904091,0.5062034130096436,0.23766151070594788,0.00594761548563838,0.5417774319648743,0.2710174024105072,-0.00400503957644105,0.5420975685119629,0.2949003577232361,-0.015569326467812061,0.5415636897087097,0.2906826436519623,-0.013803819194436073,0.5139899849891663,0.2942369282245636,0.0036739958450198174,0.5542522072792053,0.27685773372650146,-0.027658412232995033,0.5198562741279602,0.22676938772201538,-0.0041549671441316605,0.5117197632789612,0.2308880090713501,0.00031645921990275383,0.4982643723487854,0.2067846655845642,0.024383213371038437,0.5455568432807922,0.23133528232574463,-0.008871300145983696,0.5363067984580994,0.23817576467990875,0.00182704022154212,0.5306060910224915,0.3373800814151764,0.00048763537779450417,0.5029864311218262,0.3407268524169922,0.05113418400287628,0.5463671088218689,0.29928359389305115,-0.013419665396213531,0.5508811473846436,0.3014400601387024,-0.01411995105445385,0.5348780155181885,0.33679452538490295,-0.00021460284187924117,0.5361905097961426,0.3362868130207062,-0.001783612184226513,0.508412778377533,0.22634562849998474,0.0032955848146229982,0.5419313311576843,0.29882168769836426,-0.012487953528761864,0.5310596227645874,0.22637751698493958,-0.007282655220478773,0.5297956466674805,0.21979549527168274,-0.008337588049471378,0.5224770307540894,0.18303866684436798,0.00248361611738801,0.5034160017967224,0.21522396802902222,0.012187269516289234,0.5267953872680664,0.19982218742370605,-0.0034096164163202047,0.5026358366012573,0.23460909724235535,0.010987779125571251,0.49739935994148254,0.2285260409116745,0.02243472822010517,0.5526850819587708,0.3265581429004669,-0.015277145430445671,0.5465145111083984,0.32888904213905334,-0.012320797890424728,0.5417712926864624,0.33160528540611267,-0.008849594742059708,0.547684907913208,0.3007691502571106,-0.012297149747610092,0.535555362701416,0.33654412627220154,-0.001050137565471232,0.5385026335716248,0.3368682265281677,-0.004737303126603365,0.5369150042533875,0.3360019624233246,-0.001976628554984927,0.5489712953567505,0.29582738876342773,-0.021231306716799736,0.5437814593315125,0.3334815502166748,-0.0066075981594622135,0.5483145713806152,0.33236220479011536,-0.008789190091192722,0.5535373091697693,0.3319441080093384,-0.010610878467559814,0.5528799295425415,0.3551120162010193,-0.007366358768194914,0.5524746775627136,0.34316372871398926,-0.012642282992601395,0.5526636838912964,0.3387441635131836,-0.013183019123971462,0.5529677271842957,0.3350173830986023,-0.011732993647456169,0.5533987283706665,0.3321407735347748,-0.011015261523425579,0.5437164306640625,0.3335285782814026,-0.006866231560707092,0.5428836345672607,0.3351440131664276,-0.007768948562443256,0.5419103503227234,0.3373069167137146,-0.008727431297302246,0.541100025177002,0.3399350643157959,-0.007861713878810406,0.5366605520248413,0.3219955563545227,-0.006882871501147747,0.4941207468509674,0.3000200390815735,0.06057211011648178,0.5595943927764893,0.3018249571323395,-0.019768593832850456,0.5403696298599243,0.3347117304801941,-0.004096562974154949,0.539524257183075,0.3356826603412628,-0.004686487372964621,0.5526661276817322,0.3045947849750519,-0.014411523938179016,0.5440309643745422,0.30376964807510376,-0.008395062759518623,0.5518471598625183,0.3030445873737335,-0.01440531574189663,0.5358338952064514,0.2766607403755188,-0.0021408169995993376,0.5267612338066101,0.28313469886779785,-0.000566818518564105,0.5407049059867859,0.29470109939575195,-0.010621307417750359,0.5078774094581604,0.19298626482486725,0.012520451098680496,0.512834906578064,0.20525377988815308,0.0038513056933879852,0.5177007913589478,0.22065111994743347,-0.002897122176364064,0.5398228168487549,0.3487362265586853,-0.00400132779031992,0.5433117747306824,0.22043028473854065,-0.01106617134064436,0.5407953858375549,0.1977367252111435,-0.0075177643448114395,0.537956178188324,0.17772996425628662,-0.0032737667206674814,0.5173951387405396,0.25895822048187256,0.006575919687747955,0.5041055679321289,0.26879215240478516,0.01493256725370884,0.5410512685775757,0.2528710663318634,0.00361234531737864,0.508874237537384,0.24664261937141418,0.009249912574887276,0.5456746220588684,0.2649245858192444,-0.006042145192623138,0.5454108119010925,0.29112106561660767,-0.02107255533337593,0.4987577497959137,0.27566447854042053,0.02118169143795967,0.5084446668624878,0.2741369903087616,0.00971133355051279,0.5160825848579407,0.27633559703826904,0.004449579864740372,0.5269245505332947,0.27373525500297546,0.001881302334368229,0.5347608327865601,0.26926732063293457,0.00068402144825086,0.5406221151351929,0.26450303196907043,-0.0008232045220211148,0.55279940366745,0.25260916352272034,-0.011975654400885105,0.5008436441421509,0.29333940148353577,0.019403478130698204,0.5042898654937744,0.24656324088573456,0.01195343304425478,0.5569895505905151,0.29957541823387146,-0.02681513875722885,0.5426601767539978,0.2786848843097687,-0.006383913103491068,0.4900422692298889,0.2613804340362549,0.05686207488179207,0.5450084209442139,0.2594318091869354,-0.0016104662790894508,0.5402503609657288,0.29561325907707214,-0.004825761541724205,0.5124776363372803,0.25152117013931274,0.01099157053977251,0.5450398325920105,0.2860550284385681,-0.01885887421667576,0.49772489070892334,0.32030367851257324,0.05745707452297211,0.5410205721855164,0.2499205470085144,0.0050315819680690765,0.5495139956474304,0.28053566813468933,-0.024321982637047768,0.5160989761352539,0.3568565845489502,0.020118042826652527,0.5167050361633301,0.3671034574508667,0.03030192106962204,0.4954919219017029,0.2970882058143616,0.039934828877449036,0.5088350176811218,0.3468555212020874,0.027755217626690865,0.4944966435432434,0.2433813214302063,0.03158224746584892,0.5391327738761902,0.37990817427635193,0.001539104850962758,0.5574563145637512,0.30163681507110596,-0.019400499761104584,0.5378002524375916,0.28555062413215637,-0.004370385315269232,0.498389333486557,0.2595960795879364,0.02336699515581131,0.5223464369773865,0.2549465596675873,0.004571816418319941,0.5271572470664978,0.2549890875816345,0.003158947918564081,0.5375272631645203,0.33837035298347473,-0.003815099596977234,0.5029461979866028,0.31046128273010254,0.020871620625257492,0.5493013262748718,0.3897153437137604,0.0030129605438560247,0.532711923122406,0.3823629319667816,0.014503562822937965,0.5253782272338867,0.3764435648918152,0.021360725164413452,0.5564839839935303,0.19698569178581238,-0.008611696772277355,0.5605380535125732,0.38984158635139465,0.0014915734063833952,0.5319328308105469,0.25374868512153625,0.0029305166099220514,0.5364633202552795,0.25186893343925476,0.0037240933161228895,0.5394951105117798,0.25082385540008545,0.004904644098132849,0.5000994801521301,0.2454858422279358,0.017830392345786095,0.5354313254356384,0.24401575326919556,0.0028352909721434116,0.5303888320922852,0.24196410179138184,0.0017217373242601752,0.5254112482070923,0.24207651615142822,0.0019407790387049317,0.5205438733100891,0.24412962794303894,0.0033772552851587534,0.5176360607147217,0.246774822473526,0.005330732092261314,0.4901604652404785,0.2405388057231903,0.04764844849705696,0.5191152691841125,0.25391674041748047,0.0064174942672252655,0.5594677329063416,0.3112901449203491,-0.014692629687488079,0.5420796871185303,0.3163262903690338,-0.00946670863777399,0.5463079810142517,0.2977220118045807,-0.015490610152482986,0.5522333979606628,0.3123476207256317,-0.014379933476448059,0.5577279329299927,0.2409367710351944,-0.010054133832454681,0.5237818360328674,0.3665112555027008,0.01399189606308937,0.5311709642410278,0.3734932243824005,0.008027534931898117,0.5488981008529663,0.38383913040161133,-0.004033156204968691,0.5096072554588318,0.3562336564064026,0.04121381789445877,0.5392104387283325,0.247463196516037,0.0041232663206756115,0.5496623516082764,0.26586318016052246,-0.013726306147873402,0.5605077147483826,0.3837614357471466,-0.005329418927431107,0.5404577255249023,0.38698500394821167,0.007541644852608442,0.49861931800842285,0.31568726897239685,0.03870758041739464,0.5482115745544434,0.3325076997280121,-0.009165117517113686,0.5473766922950745,0.33491337299346924,-0.010090360417962074,0.5467362999916077,0.3379913568496704,-0.011232024058699608,0.5462723970413208,0.341933012008667,-0.010637148283421993,0.545677900314331,0.35250985622406006,-0.006561615504324436,0.5392053127288818,0.33460116386413574,-0.004600285552442074,0.538064181804657,0.3343130648136139,-0.004659735597670078,0.5371001958847046,0.33380597829818726,-0.004636531695723534,0.5325124859809875,0.3292379081249237,-0.0032941221725195646,0.5103952884674072,0.3133883476257324,0.009160718880593777,0.5493209362030029,0.2580878734588623,-0.008596470579504967,0.5452255010604858,0.2432146519422531,0.0010625969152897596,0.5415105223655701,0.24437259137630463,0.0031347470358014107,0.5404055714607239,0.3347277343273163,-0.0039352127350866795,0.510733962059021,0.33408623933792114,0.01716887578368187,0.5503067970275879,0.2426120936870575,-0.006243483629077673,0.5426228046417236,0.3620886504650116,-0.0037375360261648893,0.5588578581809998,0.2667643129825592,-0.02404557727277279,0.5534487962722778,0.2608867287635803,-0.01758597604930401,0.5584824681282043,0.2586134076118469,-0.018863318488001823,0.5462491512298584,0.279316782951355,-0.01371406763792038,0.5602927803993225,0.3752560317516327,-0.008358122780919075,0.5600137710571289,0.3646028935909271,-0.007945460267364979,0.5511289238929749,0.36505189538002014,-0.006970486603677273,0.5297332406044006,0.3492918610572815,0.0021590187679976225,0.5357298254966736,0.30306604504585266,-0.0037415868137031794,0.5357766151428223,0.3569996953010559,-0.0006704289698973298,0.5224066376686096,0.3037460446357727,-0.001482534222304821,0.5305225253105164,0.3122551739215851,-0.003199624828994274,0.5180240869522095,0.31832271814346313,0.002601118991151452,0.5494500398635864,0.3755195438861847,-0.006909520365297794,0.5430368185043335,0.2846528887748718,-0.009753105230629444,0.5252107977867126,0.356561541557312,0.007539419922977686,0.5326406955718994,0.3645678162574768,0.0035686870105564594,0.5248964428901672,0.3396521210670471,0.0032240154687315226,0.5051544308662415,0.32484060525894165,0.022513775154948235,0.5180581212043762,0.3419816195964813,0.009083117358386517,0.50245201587677,0.33236241340637207,0.035774022340774536,0.5261961221694946,0.3240957260131836,-0.000989980180747807,0.5462861657142639,0.2721414864063263,-0.009758428670465946,0.5472532510757446,0.2945123016834259,-0.022338632494211197,0.5438871383666992,0.2973742187023163,-0.016231883317232132,0.5496000051498413,0.2885577976703644,-0.02640831470489502,0.5405852794647217,0.23666326701641083,-0.0007954799802973866,0.5308359861373901,0.2324085533618927,-0.0020592473447322845,0.5223938822746277,0.2324202060699463,-0.0017954306676983833,0.5155807137489319,0.23519116640090942,0.0005781304207630455,0.5109361410140991,0.23991160094738007,0.004300494212657213,0.5085046887397766,0.25446218252182007,0.013317020609974861,0.4931086003780365,0.27886301279067993,0.03894646093249321,0.5134353637695312,0.26529935002326965,0.008822394534945488,0.5193844437599182,0.2670396566390991,0.005340670235455036,0.5269449949264526,0.26617181301116943,0.0029995059594511986,0.5340285301208496,0.2632944583892822,0.002076307311654091,0.5395547747612,0.25971031188964844,0.0018560062162578106,0.5433655381202698,0.2564427852630615,0.0015463561285287142,0.4917945861816406,0.2806946337223053,0.06072613596916199,0.5440431833267212,0.2997792065143585,-0.013444257900118828,0.549993097782135,0.2730000615119934,-0.0181804858148098,0.551243245601654,0.2943609058856964,-0.026746712625026703,0.554202675819397,0.2985564172267914,-0.02453519217669964,0.5512403845787048,0.2959652245044708,-0.024002963677048683,0.5456458926200867,0.30227166414260864,-0.011532514356076717,0.5552520751953125,0.2991611361503601,-0.026049692183732986,0.5557398796081543,0.30126088857650757,-0.019430117681622505,0.5430371761322021,0.24994680285453796,0.004226547200232744,0.5462464690208435,0.2514893710613251,0.0008623473113402724,0.5481683611869812,0.25259846448898315,-0.0032050369773060083,0.5160639882087708,0.24875393509864807,0.00731230340898037,0.5120523571968079,0.2461574524641037,0.007573129143565893,0.5634432435035706,0.2678810954093933,-0.02198423631489277,0.5961992144584656,0.2475530207157135,0.009192786179482937,0.5645243525505066,0.29946088790893555,-0.01936875656247139,0.6181710362434387,0.2151041030883789,0.037539079785346985,0.5816012620925903,0.2559666931629181,0.002911271760240197,0.5870108008384705,0.25657960772514343,0.003417347325012088,0.5921459197998047,0.2558675706386566,0.005109462421387434,0.5986390113830566,0.25057750940322876,0.010113168507814407,0.576957106590271,0.2537173330783844,0.003369214478880167,0.5882330536842346,0.23151475191116333,0.0007955975597724319,0.5821415185928345,0.23242762684822083,0.0007321736193262041,0.5938276052474976,0.2330119013786316,0.002857861341908574,0.5975003242492676,0.23622381687164307,0.005340018309652805,0.6035631895065308,0.2560282349586487,0.013054803013801575,0.579988956451416,0.3682965934276581,-0.0010666621383279562,0.5979775786399841,0.24496513605117798,0.011126888915896416,0.6200879812240601,0.2524735629558563,0.03918469324707985,0.6097566485404968,0.25069668889045715,0.019037285819649696,0.5860323905944824,0.28947728872299194,-0.002694791881367564,0.5662236213684082,0.32207968831062317,-0.015690280124545097,0.5653282403945923,0.3295847773551941,-0.013140793889760971,0.5728551745414734,0.3254355788230896,-0.012358514592051506,0.5771264433860779,0.3292454183101654,-0.008377103134989738,0.5705778002738953,0.3304349184036255,-0.010938952676951885,0.5747479200363159,0.3319247364997864,-0.007198725361377001,0.5833503007888794,0.34116116166114807,-0.00031824217876419425,0.5642980933189392,0.2945560812950134,-0.02936222217977047,0.5647624731063843,0.2862148880958557,-0.031023219227790833,0.6047438383102417,0.2312879115343094,0.00734691321849823,0.5746105313301086,0.26887160539627075,-0.0035272901877760887,0.576278567314148,0.2926270365715027,-0.015154186636209488,0.5764058232307434,0.28836962580680847,-0.013390247710049152,0.6026894450187683,0.28868424892425537,0.004933900199830532,0.564133882522583,0.27616479992866516,-0.027506856247782707,0.5909640789031982,0.22314614057540894,-0.003080307971686125,0.5989142656326294,0.2257266342639923,0.0016157953068614006,0.6124961972236633,0.19923605024814606,0.026104126125574112,0.5675939321517944,0.23116633296012878,-0.00852304045110941,0.5769674181938171,0.2360723316669464,0.002370509086176753,0.5875240564346313,0.3336699604988098,0.0014982337597757578,0.6140809655189514,0.3331587314605713,0.05284364894032478,0.5722436904907227,0.29757070541381836,-0.013062410056591034,0.5678955316543579,0.30037569999694824,-0.013935096561908722,0.5821790099143982,0.3355945646762848,0.0007205384899862111,0.5808730125427246,0.33514633774757385,-0.0009642307413741946,0.6017832159996033,0.22049936652183533,0.004680965561419725,0.5763766169548035,0.29663321375846863,-0.012070071883499622,0.5805917382240295,0.22440558671951294,-0.006571375764906406,0.5812398195266724,0.21763500571250916,-0.007616463117301464,0.5888528227806091,0.17877377569675446,0.0034446220379322767,0.6083097457885742,0.2081102430820465,0.013723660260438919,0.5852798819541931,0.19590240716934204,-0.002584343310445547,0.6080277562141418,0.2276698499917984,0.01253353152424097,0.6144073009490967,0.22074975073337555,0.024065759032964706,0.5659539103507996,0.3261946141719818,-0.015110095031559467,0.5717347860336304,0.3281942307949066,-0.011976759880781174,0.5760006308555603,0.33064472675323486,-0.008319963701069355,0.57086181640625,0.2992614507675171,-0.012035620398819447,0.5815171599388123,0.3353835344314575,-0.00019547974807210267,0.5787651538848877,0.33577683568000793,-0.004030340351164341,0.5801427364349365,0.3348866403102875,-0.001178926439024508,0.5698833465576172,0.29447120428085327,-0.020938295871019363,0.5736815333366394,0.3327063024044037,-0.006099303252995014,0.5695526599884033,0.33183690905570984,-0.008452540263533592,0.5646633505821228,0.331680029630661,-0.01043556910008192,0.5666378736495972,0.35421082377433777,-0.007141172885894775,0.5657134056091309,0.3426728844642639,-0.012409045360982418,0.5654640197753906,0.33827707171440125,-0.012943433597683907,0.5650852918624878,0.3346068263053894,-0.011524755507707596,0.5644998550415039,0.3318086266517639,-0.010819540359079838,0.5735540986061096,0.33271512389183044,-0.006350803188979626,0.5745320916175842,0.3342295289039612,-0.00723423482850194,0.5755631923675537,0.3362938165664673,-0.008184380829334259,0.5764256119728088,0.33880412578582764,-0.00726573821157217,0.5815613865852356,0.31912845373153687,-0.006228889804333448,0.6199359893798828,0.291914701461792,0.06250561028718948,0.5767148733139038,0.33375075459480286,-0.0034355202224105597,0.5776787996292114,0.3346601724624634,-0.004024028312414885,0.5662851333618164,0.30381304025650024,-0.01425084937363863,0.5743099451065063,0.30190616846084595,-0.008079444989562035,0.5670551061630249,0.302157998085022,-0.014230692759156227,0.5805901288986206,0.27384352684020996,-0.0014997627586126328,0.5897690057754517,0.2792612314224243,0.00030215363949537277,0.5772915482521057,0.29236721992492676,-0.010179132223129272,0.6030928492546082,0.18675139546394348,0.013926493003964424,0.5989514589309692,0.19945243000984192,0.00505970511585474,0.5925835967063904,0.21655058860778809,-0.0018160631880164146,0.5789605975151062,0.34602949023246765,-0.0033026747405529022,0.5687975287437439,0.22004884481430054,-0.01068965531885624,0.5717203617095947,0.195715993642807,-0.007082040887326002,0.5737621188163757,0.17546586692333221,-0.002780079608783126,0.5963365435600281,0.2540454566478729,0.007728085853159428,0.6099867224693298,0.2620806396007538,0.01639203354716301,0.5738555788993835,0.2515740394592285,0.004103500861674547,0.6031708717346191,0.24038559198379517,0.010552681051194668,0.5706209540367126,0.26324784755706787,-0.005658090114593506,0.5730634927749634,0.2892953157424927,-0.02072678506374359,0.6157575249671936,0.2680839002132416,0.022851884365081787,0.6062027215957642,0.2678620517253876,0.01108140405267477,0.5991436243057251,0.27107301354408264,0.0055879829451441765,0.5886989235877991,0.2701858580112457,0.00272704497911036,0.5809724926948547,0.2668455243110657,0.0013249253388494253,0.5751189589500427,0.2629145383834839,-0.00032616432872600853,0.5633359551429749,0.25190335512161255,-0.011801214888691902,0.614997148513794,0.2859950065612793,0.021051708608865738,0.6076275706291199,0.239900141954422,0.013416437432169914,0.5624229311943054,0.29922714829444885,-0.02672266773879528,0.5743123292922974,0.2766020894050598,-0.00594501243904233,0.6215970516204834,0.2527734339237213,0.05893096327781677,0.5706211924552917,0.25845059752464294,-0.001245423685759306,0.5776084661483765,0.2932693064212799,-0.004429267253726721,0.6003460884094238,0.24557308852672577,0.012287847697734833,0.5730096697807312,0.28416121006011963,-0.018502580001950264,0.6178317070007324,0.31240400671958923,0.05931856483221054,0.5736846923828125,0.24860933423042297,0.005561539437621832,0.5686192512512207,0.279223769903183,-0.024054132401943207,0.6028585433959961,0.3504805564880371,0.02137172780930996,0.6024355888366699,0.36058539152145386,0.03158065304160118,0.6195084452629089,0.28894758224487305,0.041692279279232025,0.6094425320625305,0.33972305059432983,0.02918362058699131,0.6174750328063965,0.23533521592617035,0.03332027792930603,0.5812869668006897,0.3765425980091095,0.002176895271986723,0.561736524105072,0.3013853430747986,-0.019346017390489578,0.5792679786682129,0.28294217586517334,-0.0038328298833221197,0.6148564219474792,0.25260546803474426,0.0249743964523077,0.5912807583808899,0.2510673701763153,0.005588655360043049,0.5867799520492554,0.2519206404685974,0.0040331254713237286,0.5797610878944397,0.3371883034706116,-0.003040187992155552,0.6138542890548706,0.30325981974601746,0.022437455132603645,0.571621298789978,0.38784724473953247,0.0033963830210268497,0.5874710083007812,0.3777084946632385,0.015314123593270779,0.5944369435310364,0.3708271384239197,0.022401293739676476,0.5822686553001404,0.2513885796070099,0.003679610788822174,0.5779686570167542,0.2500719428062439,0.004381072241812944,0.5751486420631409,0.2493947446346283,0.005483453627675772,0.6116183400154114,0.2382391393184662,0.019400397315621376,0.5783330202102661,0.24168604612350464,0.0035250859800726175,0.5827624797821045,0.23882701992988586,0.0025312639772892,0.5873547792434692,0.2382061779499054,0.00290203676559031,0.5919834971427917,0.23948243260383606,0.0044434648007154465,0.5948792099952698,0.24163416028022766,0.0064544701017439365,0.620806872844696,0.23192133009433746,0.049661602824926376,0.5942302346229553,0.24937771260738373,0.007518952712416649,0.5764436721801758,0.3141302168369293,-0.008943820372223854,0.5723282098770142,0.29601889848709106,-0.015193387866020203,0.5667380094528198,0.3114338219165802,-0.014167062938213348,0.5957297682762146,0.3610649108886719,0.015047824941575527,0.5886988043785095,0.3689323961734772,0.008857128210365772,0.5719816088676453,0.38203680515289307,-0.003696875413879752,0.6087391972541809,0.34906548261642456,0.04271896556019783,0.5751404762268066,0.24580930173397064,0.004712122026830912,0.5672082304954529,0.26468345522880554,-0.013473785482347012,0.5801020264625549,0.38355159759521484,0.008156870491802692,0.6175556182861328,0.30777114629745483,0.04039270058274269,0.5694100856781006,0.3318879306316376,-0.008781480602920055,0.5703378319740295,0.3341752290725708,-0.009696777909994125,0.5710707902908325,0.33715543150901794,-0.01083057839423418,0.5716446042060852,0.3410261571407318,-0.01021579746156931,0.5734439492225647,0.35055461525917053,-0.006003932561725378,0.5781391263008118,0.3335404396057129,-0.0038916505873203278,0.5792805552482605,0.3331502079963684,-0.003888701554387808,0.5802661180496216,0.3325468897819519,-0.0038097186479717493,0.5855754613876343,0.32581302523612976,-0.002399939112365246,0.6068938970565796,0.30717733502388,0.01057627983391285,0.5668509006500244,0.2569320499897003,-0.008316146209836006,0.5691843032836914,0.24248851835727692,0.001388372154906392,0.5726931691169739,0.24306994676589966,0.003604525001719594,0.5768321752548218,0.3337721824645996,-0.0032539458479732275,0.6072794795036316,0.32749032974243164,0.01859690435230732,0.5642408728599548,0.24265065789222717,-0.006046146620064974,0.5769199132919312,0.35952067375183105,-0.0031899046152830124,0.5634390711784363,0.26018863916397095,-0.017452875152230263,0.5712279081344604,0.2776680588722229,-0.013405148871243,0.5688053965568542,0.363756000995636,-0.006715147290378809,0.5889862775802612,0.3451872169971466,0.0030914205126464367,0.5821347236633301,0.3001667261123657,-0.0031706131994724274,0.5833476185798645,0.3535228371620178,6.250026490306482e-05,0.5949695706367493,0.29921212792396545,-0.00047304463805630803,0.5874266624450684,0.3086983561515808,-0.0024207925889641047,0.5997567176818848,0.3130885064601898,0.0037753921933472157,0.5710363388061523,0.3739362359046936,-0.0066017936915159225,0.574483335018158,0.28256160020828247,-0.009377781301736832,0.5938979387283325,0.35155320167541504,0.008600090630352497,0.5868518352508545,0.3604470491409302,0.004367107059806585,0.5934374332427979,0.335090309381485,0.00437187822535634,0.6123296022415161,0.31766387820243835,0.0240741278976202,0.6003690958023071,0.3362772762775421,0.010373284108936787,0.6147956252098083,0.32467120885849,0.03739369660615921,0.5918611884117126,0.31993865966796875,2.7741856683860533e-05,0.5705982446670532,0.27052634954452515,-0.00941056665033102,0.5715488195419312,0.2929142415523529,-0.021994441747665405,0.5746742486953735,0.2953416407108307,-0.01588895358145237,0.5691965818405151,0.28724294900894165,-0.02609504573047161,0.5727893114089966,0.23538343608379364,-0.0003296974755357951,0.5813659429550171,0.22982460260391235,-0.0012855423847213387,0.5891748070716858,0.2285998910665512,-0.0008094789809547365,0.5957747101783752,0.230259507894516,0.0017630478832870722,0.6004965901374817,0.2340722680091858,0.0055612837895751,0.6044177412986755,0.24820208549499512,0.014679944142699242,0.6205657124519348,0.2705434560775757,0.04081907868385315,0.6006208658218384,0.25971519947052,0.010037677362561226,0.5952109098434448,0.2623954713344574,0.0064155785366892815,0.5880525708198547,0.2627619504928589,0.0038682103622704744,0.5811643600463867,0.26095324754714966,0.002730690874159336,0.57576984167099,0.258120596408844,0.0023287362419068813,0.5719776153564453,0.2553112208843231,0.0019117671763524413,0.6209585070610046,0.2723872661590576,0.06278803944587708,0.5744332075119019,0.29779407382011414,-0.013101230375468731,0.567543089389801,0.27181974053382874,-0.01794145256280899,0.5678950548171997,0.29326581954956055,-0.02651802822947502,0.5649352073669434,0.2978774607181549,-0.02439809776842594,0.567804753780365,0.294949471950531,-0.023782387375831604,0.5728214383125305,0.30051228404045105,-0.011244273744523525,0.5640363097190857,0.29860976338386536,-0.025925613939762115,0.5633557438850403,0.30076220631599426,-0.019349534064531326,0.5717527270317078,0.24889372289180756,0.004638934042304754,0.5688983798027039,0.250752717256546,0.001140040927566588,0.5671129822731018,0.25209784507751465,-0.0029534155037254095,0.5965644121170044,0.2433788776397705,0.008500316180288792,0.6000210046768188,0.24028077721595764,0.008817203342914581,0.5267406702041626,0.24733489751815796,0.004709445871412754,0.5326551795005798,0.24665984511375427,0.004709445871412754,0.5261514186859131,0.24003665149211884,0.004709445871412754,0.5207387804985046,0.24796338379383087,0.004709445871412754,0.527263879776001,0.25458472967147827,0.004709445871412754,0.5866603851318359,0.2440575659275055,0.005602177698165178,0.5924060344696045,0.2440338432788849,0.005602177698165178,0.5866188406944275,0.23648247122764587,0.005602177698165178,0.5809559226036072,0.24402187764644623,0.005602177698165178,0.5867524743080139,0.2517017722129822,0.005602177698165178
100.0,0.5591751337051392,0.3250368535518646,-0.016790317371487617,0.559415876865387,0.2954305112361908,-0.030055928975343704,0.5591071248054504,0.3046766519546509,-0.015959974378347397,0.5537427663803101,0.2691335678100586,-0.022178448736667633,0.5592536330223083,0.2867774963378906,-0.031883109360933304,0.5588316321372986,0.27604079246520996,-0.029451044276356697,0.5576662421226501,0.25074687600135803,-0.014035469852387905,0.5166495442390442,0.2533475458621979,0.008177822455763817,0.5569198727607727,0.23238617181777954,-0.010335172526538372,0.55657958984375,0.22097936272621155,-0.0114267747849226,0.5554232597351074,0.17629000544548035,-0.004159186966717243,0.5592319369316101,0.32799944281578064,-0.016150984913110733,0.5591784119606018,0.3309484124183655,-0.01425005029886961,0.5591229796409607,0.3329363167285919,-0.011363809928297997,0.5590159893035889,0.33306995034217834,-0.011722253635525703,0.5591734051704407,0.33618730306625366,-0.012369642965495586,0.5592852234840393,0.3400570750236511,-0.013642953708767891,0.5593701004981995,0.34447020292282104,-0.012964931316673756,0.5596757531166077,0.35515379905700684,-0.0075498889200389385,0.5594038367271423,0.3000958561897278,-0.027233028784394264,0.5542094111442566,0.3005819320678711,-0.019589940086007118,0.49222514033317566,0.22418496012687683,0.035966258496046066,0.5327826142311096,0.2589956820011139,0.0022837920114398003,0.5271456241607666,0.2605600655078888,0.0026238313876092434,0.5216870903968811,0.26075804233551025,0.004179053474217653,0.5145030617713928,0.25679266452789307,0.009015795774757862,0.5375927686691284,0.2561430037021637,0.002928120782598853,0.5234784483909607,0.23618462681770325,-4.014418209408177e-06,0.5300968885421753,0.23617732524871826,0.00014848947466816753,0.5176301598548889,0.2385871708393097,0.0018911032238975167,0.5139718055725098,0.24242709577083588,0.004309520125389099,0.509834885597229,0.26277175545692444,0.01185542345046997,0.5400076508522034,0.37140750885009766,-0.001836347859352827,0.5145764350891113,0.2512332797050476,0.010070230811834335,0.4921785295009613,0.26158034801483154,0.03753608465194702,0.5029811859130859,0.2580976188182831,0.01771974377334118,0.5308572053909302,0.2935670018196106,-0.0034690173342823982,0.5521855354309082,0.3235335052013397,-0.01606513187289238,0.5530296564102173,0.330923855304718,-0.013511594384908676,0.5453240871429443,0.32717156410217285,-0.012915064580738544,0.5406673550605774,0.3310619592666626,-0.009126347489655018,0.5475385785102844,0.3319321572780609,-0.011449240148067474,0.5429993271827698,0.3334968686103821,-0.007884553633630276,0.5349306464195251,0.34498482942581177,-0.001291258609853685,0.5548330545425415,0.29559579491615295,-0.029585162177681923,0.5539065003395081,0.2874372601509094,-0.03124574013054371,0.505889892578125,0.23847034573554993,0.006164863705635071,0.5413610339164734,0.2717384994029999,-0.003987535368651152,0.5417163968086243,0.29550254344940186,-0.015654975548386574,0.541156530380249,0.2913202941417694,-0.013876480050384998,0.5136647820472717,0.29498323798179626,0.0036625186912715435,0.5538288354873657,0.27743765711784363,-0.027728743851184845,0.5195201635360718,0.2277734875679016,-0.003924711607396603,0.5113996267318726,0.23180484771728516,0.0005556315882131457,0.4977365732192993,0.20754846930503845,0.024707473814487457,0.5451211333274841,0.23229579627513885,-0.008692002855241299,0.5359602570533752,0.23896628618240356,0.0019707640167325735,0.530468761920929,0.3380144238471985,0.0003581260098144412,0.5029987692832947,0.3411445915699005,0.05115804448723793,0.5460333824157715,0.29985207319259644,-0.013515407219529152,0.5505703091621399,0.30198153853416443,-0.014216260984539986,0.5350046157836914,0.33729466795921326,-0.00036036333767697215,0.5363166928291321,0.33683842420578003,-0.00193781778216362,0.5080764889717102,0.22722584009170532,0.0035547083243727684,0.5415622591972351,0.29945021867752075,-0.012576551176607609,0.5306875109672546,0.22740882635116577,-0.007077020592987537,0.5294083952903748,0.22083094716072083,-0.008115249685943127,0.5218298435211182,0.1837344467639923,0.0027923714369535446,0.5028756856918335,0.21596187353134155,0.01248694397509098,0.5262066721916199,0.20054054260253906,-0.0031211222521960735,0.5022982358932495,0.23533502221107483,0.011229251511394978,0.4969480633735657,0.22926053404808044,0.022709457203745842,0.552523672580719,0.32764142751693726,-0.01546981930732727,0.5464667081832886,0.3297978341579437,-0.012508107349276543,0.5418165922164917,0.3323528468608856,-0.009028091095387936,0.5473660826683044,0.3013399541378021,-0.012385033071041107,0.5356806516647339,0.3370716869831085,-0.0011999193811789155,0.538600504398346,0.3375401794910431,-0.004885497037321329,0.5370388627052307,0.33658042550086975,-0.0021279258653521538,0.548622190952301,0.29633891582489014,-0.02133156917989254,0.5438525676727295,0.33424854278564453,-0.006791591178625822,0.5483335256576538,0.3332594037055969,-0.008984150364995003,0.5534999966621399,0.3329179584980011,-0.010810600593686104,0.5527626872062683,0.3555396795272827,-0.007477314677089453,0.5526151061058044,0.3443892002105713,-0.012769961729645729,0.5527523159980774,0.33990609645843506,-0.013317836448550224,0.5530099868774414,0.3360816538333893,-0.011869645677506924,0.5534152388572693,0.333069771528244,-0.011150002479553223,0.5438257455825806,0.33433157205581665,-0.00700358347967267,0.5429681539535522,0.33596399426460266,-0.007907180115580559,0.5419939756393433,0.33813291788101196,-0.008870495483279228,0.5412015318870544,0.3407595157623291,-0.00800407212227583,0.5364276766777039,0.3226132094860077,-0.007018358912318945,0.49405115842819214,0.30062514543533325,0.06074081361293793,0.5592652559280396,0.302272766828537,-0.0198826864361763,0.5404928922653198,0.33541497588157654,-0.004237044136971235,0.5396219491958618,0.33637791872024536,-0.004830631893128157,0.5523384809494019,0.30511483550071716,-0.014526212587952614,0.5436944365501404,0.3043915629386902,-0.008492081426084042,0.5515273809432983,0.30357304215431213,-0.014509666711091995,0.5354217886924744,0.27738070487976074,-0.0021349170710891485,0.5263816118240356,0.28386321663856506,-0.0005607848288491368,0.5403119325637817,0.29535481333732605,-0.010698097757995129,0.5072742700576782,0.19373604655265808,0.01284424401819706,0.5122522115707397,0.20599345862865448,0.00415041483938694,0.5173529982566833,0.22163176536560059,-0.002649957314133644,0.5396978259086609,0.34925946593284607,-0.004134622402489185,0.5428628325462341,0.22143658995628357,-0.010861109010875225,0.5402174592018127,0.1984129697084427,-0.007242543622851372,0.5373117327690125,0.17837250232696533,-0.0029767213854938745,0.5171282291412354,0.2596966326236725,0.006681503728032112,0.5038433074951172,0.26939454674720764,0.015037131495773792,0.5407434701919556,0.2535623610019684,0.003723085392266512,0.5085964202880859,0.24735359847545624,0.009415623731911182,0.5452521443367004,0.26564714312553406,-0.006011787336319685,0.5450232625007629,0.29167813062667847,-0.02116379886865616,0.49844881892204285,0.276424378156662,0.021276138722896576,0.5081713199615479,0.27483078837394714,0.009777270257472992,0.5157789587974548,0.2770993709564209,0.004486035089939833,0.5265950560569763,0.27450382709503174,0.0019141985103487968,0.5344106554985046,0.2700178921222687,0.0007206366281025112,0.540248692035675,0.26525434851646423,-0.0007771240780130029,0.552354633808136,0.25334370136260986,-0.011908259242773056,0.5005815625190735,0.294072687625885,0.01943226158618927,0.5039902925491333,0.24724628031253815,0.012138301506638527,0.5566555261611938,0.30002352595329285,-0.026940057054162025,0.5422539114952087,0.2793714702129364,-0.006406644359230995,0.489875465631485,0.26210618019104004,0.057121641933918,0.5446163415908813,0.26020917296409607,-0.0015465745236724615,0.5398603677749634,0.29628217220306396,-0.004895517602562904,0.5122297406196594,0.25219815969467163,0.011141506023705006,0.5446189045906067,0.28666120767593384,-0.018931906670331955,0.4977060556411743,0.3208160996437073,0.05756295472383499,0.5407213568687439,0.25059935450553894,0.005164063069969416,0.5490960478782654,0.28113028407096863,-0.024394065141677856,0.5161193013191223,0.35715895891189575,0.019995220005512238,0.5167772769927979,0.36725693941116333,0.030229905620217323,0.49535107612609863,0.29775354266166687,0.03999749943614006,0.508811891078949,0.34727802872657776,0.027658861130475998,0.4941541254520416,0.24413993954658508,0.03181628882884979,0.539155900478363,0.3797703981399536,0.0013723642332479358,0.5571324229240417,0.3020975589752197,-0.019512467086315155,0.5374049544334412,0.286239892244339,-0.004406141582876444,0.49809759855270386,0.260082870721817,0.023527106270194054,0.5220685005187988,0.25575581192970276,0.004680454730987549,0.5268649458885193,0.2558055520057678,0.0032615712843835354,0.5376375913619995,0.33901917934417725,-0.00396374287083745,0.5027434825897217,0.31112614274024963,0.020849978551268578,0.5493327379226685,0.3893547058105469,0.002878516912460327,0.5328060984611511,0.38217684626579285,0.014395617879927158,0.5254799723625183,0.37640759348869324,0.02126886509358883,0.5559277534484863,0.1976204365491867,-0.008343192748725414,0.5605095624923706,0.38946428894996643,0.001358941663056612,0.5316354036331177,0.2545267641544342,0.0030365148559212685,0.5361733436584473,0.25258174538612366,0.003840191289782524,0.5392043590545654,0.251503586769104,0.005034371744841337,0.49978208541870117,0.24607311189174652,0.018037602305412292,0.5351312160491943,0.24477213621139526,0.002969904337078333,0.5300805568695068,0.24279053509235382,0.0018690929282456636,0.5251168608665466,0.24295008182525635,0.0020910436287522316,0.5202794671058655,0.244994655251503,0.003527201944962144,0.5173932909965515,0.247585266828537,0.005477833561599255,0.4898918867111206,0.24130268394947052,0.04793490096926689,0.5188536047935486,0.2546924948692322,0.006537983193993568,0.5591878890991211,0.3117791414260864,-0.014830400235950947,0.5417941212654114,0.31692248582839966,-0.00959864817559719,0.5459724068641663,0.29827332496643066,-0.015576954931020737,0.5519432425498962,0.3128775656223297,-0.01451487559825182,0.5572640895843506,0.24165290594100952,-0.009938119910657406,0.5238204002380371,0.3666597902774811,0.013848256319761276,0.5312142372131348,0.37347814440727234,0.007869821973145008,0.5488852858543396,0.38367360830307007,-0.004205651115626097,0.5096424221992493,0.35653918981552124,0.04117906093597412,0.5389171242713928,0.24816644191741943,0.004258090164512396,0.5492449998855591,0.2665506601333618,-0.013721577823162079,0.5604547262191772,0.383550763130188,-0.005504836328327656,0.5405303239822388,0.38668256998062134,0.007418514229357243,0.4985145032405853,0.31627845764160156,0.03871208801865578,0.5482774376869202,0.3333972990512848,-0.009301151148974895,0.5474364161491394,0.3358864486217499,-0.010228036902844906,0.5468153953552246,0.33901262283325195,-0.011371158994734287,0.5463934540748596,0.34299910068511963,-0.010775611735880375,0.5455608367919922,0.35298028588294983,-0.006684273947030306,0.5393244028091431,0.33520999550819397,-0.004766280762851238,0.5381797552108765,0.3349004089832306,-0.004822312388569117,0.5372033715248108,0.33437982201576233,-0.004795950837433338,0.5323406457901001,0.32986944913864136,-0.003425832837820053,0.5101852416992188,0.31405720114707947,0.00911367405205965,0.5488854646682739,0.2588154673576355,-0.008542715571820736,0.5448451042175293,0.24398118257522583,0.001193027594126761,0.541174590587616,0.24510496854782104,0.0032771467231214046,0.5405046939849854,0.33537450432777405,-0.004103255923837423,0.5106316208839417,0.33462896943092346,0.017089523375034332,0.5498703122138977,0.2434479296207428,-0.006121194921433926,0.5425254106521606,0.362389475107193,-0.0038611392956227064,0.5584344863891602,0.26739197969436646,-0.024074986577033997,0.5530207753181458,0.2615775167942047,-0.01756531000137329,0.5580533146858215,0.2592964470386505,-0.018842287361621857,0.5458316206932068,0.2799682021141052,-0.013752950355410576,0.560225784778595,0.3752581477165222,-0.008501285687088966,0.5599273443222046,0.3648262023925781,-0.008065136149525642,0.5510324239730835,0.3653160035610199,-0.007092393469065428,0.529633104801178,0.3497788906097412,0.0020326331723481417,0.5353841781616211,0.3037312626838684,-0.0038171508349478245,0.5356766581535339,0.3573756217956543,-0.0007986160926520824,0.5221266150474548,0.3044426739215851,-0.0015351905021816492,0.5302510261535645,0.31291303038597107,-0.00328925927169621,0.51783287525177,0.318970263004303,0.0025257072411477566,0.5493913888931274,0.3755767047405243,-0.007053981069475412,0.5426163077354431,0.285310834646225,-0.009799513034522533,0.5251690745353699,0.356892466545105,0.007408079691231251,0.5326004028320312,0.36475038528442383,0.003425928996875882,0.5247769355773926,0.3402204215526581,0.0031077321618795395,0.5050109028816223,0.325429767370224,0.022458516061306,0.5179797410964966,0.34247344732284546,0.008976721204817295,0.5023840665817261,0.3328768312931061,0.03572600334882736,0.5260177850723267,0.32473719120025635,-0.0010871309787034988,0.5458744764328003,0.2728310525417328,-0.009768004529178143,0.5468921065330505,0.295034795999527,-0.022438134998083115,0.5435336828231812,0.2979452610015869,-0.016325900331139565,0.5492122173309326,0.28908589482307434,-0.026503682136535645,0.5402029156684875,0.23750314116477966,-0.0006474397960118949,0.5304853320121765,0.23332533240318298,-0.0018837309908121824,0.5220649838447571,0.2333439141511917,-0.001607640995644033,0.5152717232704163,0.23607701063156128,0.0007647362072020769,0.5106516480445862,0.24072429537773132,0.004479506518691778,0.5082307457923889,0.2550918757915497,0.013470477424561977,0.49292969703674316,0.27958160638809204,0.03906631097197533,0.5131596326828003,0.2660031020641327,0.00891273096203804,0.5190809965133667,0.26779335737228394,0.005414455663412809,0.5266274809837341,0.26693782210350037,0.0030596437864005566,0.5336959362030029,0.264037549495697,0.0021283235400915146,0.5392112135887146,0.26042625308036804,0.001927003264427185,0.5430073142051697,0.25716355443000793,0.0016271636122837663,0.4916708767414093,0.281365305185318,0.060946591198444366,0.5436917543411255,0.30037355422973633,-0.013534502126276493,0.5495723485946655,0.2736462652683258,-0.018214883282780647,0.5508900284767151,0.29485005140304565,-0.026859136298298836,0.5538813471794128,0.2990317940711975,-0.02465171180665493,0.5508994460105896,0.29645758867263794,-0.024111663922667503,0.545311450958252,0.3028689920902252,-0.011627035215497017,0.5549227595329285,0.29962241649627686,-0.02617305889725685,0.555425226688385,0.30173543095588684,-0.019540058448910713,0.5427169799804688,0.25064587593078613,0.004353265278041363,0.5458686947822571,0.25223052501678467,0.0009670185972936451,0.5477581024169922,0.2534017264842987,-0.003115510568022728,0.5158272385597229,0.24951227009296417,0.007461367640644312,0.511793851852417,0.246888667345047,0.007723355665802956,0.5630456805229187,0.2684977650642395,-0.022015171125531197,0.5960404276847839,0.24816900491714478,0.009317288175225258,0.5641701817512512,0.2999088168144226,-0.019477806985378265,0.6175971031188965,0.21563196182250977,0.03789495304226875,0.5814453959465027,0.2564757764339447,0.002984851598739624,0.5868397355079651,0.2571136951446533,0.0034944405779242516,0.5919632315635681,0.25641903281211853,0.005197916645556688,0.5984537601470947,0.2511674463748932,0.01023115124553442,0.5768264532089233,0.25420328974723816,0.0034560554195195436,0.5880167484283447,0.2320336103439331,0.0009364646393805742,0.5819312930107117,0.23298507928848267,0.0008650455274619162,0.5936190485954285,0.23350024223327637,0.0030021315906196833,0.5973074436187744,0.23671643435955048,0.00548371858894825,0.6033250689506531,0.2565339207649231,0.013171365484595299,0.5799021124839783,0.36834320425987244,-0.0012214580783620477,0.5978208184242249,0.2455596923828125,0.011266425251960754,0.61956787109375,0.252956748008728,0.03937537223100662,0.6094163060188293,0.2511332929134369,0.019196201115846634,0.5858158469200134,0.29002058506011963,-0.002741106553003192,0.565937876701355,0.32295605540275574,-0.015876105055212975,0.5651435256004333,0.3304755687713623,-0.01334497332572937,0.5725235342979431,0.3259851932525635,-0.01254049502313137,0.5768002271652222,0.32955241203308105,-0.008557259105145931,0.5703279376029968,0.33106011152267456,-0.011141407303512096,0.5744645595550537,0.33228859305381775,-0.007394233252853155,0.5832475423812866,0.34158948063850403,-0.0004772924876306206,0.5639286637306213,0.29499173164367676,-0.029484448954463005,0.5643851161003113,0.28669559955596924,-0.031130539253354073,0.6044349074363708,0.23171517252922058,0.007556670345366001,0.5743182897567749,0.2695164680480957,-0.00351224304176867,0.5759990215301514,0.29312869906425476,-0.015240591950714588,0.5761461853981018,0.2889072299003601,-0.013463692739605904,0.6024881601333618,0.2892041504383087,0.004928395617753267,0.5637387633323669,0.27671700716018677,-0.027578135952353477,0.5906850695610046,0.22363752126693726,-0.0028690637554973364,0.5986362099647522,0.22617098689079285,0.0018418683903291821,0.6119624376296997,0.1997840404510498,0.026457633823156357,0.5673055648803711,0.23183521628379822,-0.008358766324818134,0.5767741203308105,0.2366568148136139,0.0024967023637145758,0.5873839259147644,0.3341106176376343,0.0013456613523885608,0.6137280464172363,0.33340662717819214,0.052928198128938675,0.5719398856163025,0.29805776476860046,-0.013154652900993824,0.5675775408744812,0.30085626244544983,-0.014033163897693157,0.5819064378738403,0.33556270599365234,0.0005476028891280293,0.5805960893630981,0.3351738452911377,-0.001142909750342369,0.6014307737350464,0.22095602750778198,0.00492715323343873,0.5761146545410156,0.29715389013290405,-0.012160497717559338,0.5803238153457642,0.22498193383216858,-0.006384893320500851,0.5809264183044434,0.21822968125343323,-0.007409027777612209,0.5883276462554932,0.17932739853858948,0.0037542933132499456,0.6078248620033264,0.20866385102272034,0.014015208929777145,0.5848025679588318,0.19651249051094055,-0.002305737929418683,0.6076284050941467,0.22811192274093628,0.012767457403242588,0.613898515701294,0.22126896679401398,0.024341635406017303,0.5657150745391846,0.32712769508361816,-0.015308787114918232,0.5714446306228638,0.3288000524044037,-0.012171835638582706,0.5756939053535461,0.33098793029785156,-0.00851101242005825,0.5705567002296448,0.29976049065589905,-0.012123233638703823,0.5812406539916992,0.33538421988487244,-0.00037031626561656594,0.5785881876945496,0.3359891176223755,-0.004199354909360409,0.5798590183258057,0.33494696021080017,-0.0013552916934713721,0.5695579051971436,0.2949131429195404,-0.021040115505456924,0.5734385251998901,0.3330807685852051,-0.006298702675849199,0.5693541169166565,0.3324466943740845,-0.008654593490064144,0.5645326972007751,0.3325055241584778,-0.010640108957886696,0.5665580034255981,0.35459768772125244,-0.0072643812745809555,0.5659202337265015,0.34378328919410706,-0.012545733712613583,0.5655596852302551,0.3393174409866333,-0.013085727579891682,0.5650745630264282,0.33554336428642273,-0.011666659265756607,0.5644024014472961,0.3326105773448944,-0.010957574471831322,0.5733160972595215,0.33315330743789673,-0.006502804346382618,0.5743847489356995,0.3346874713897705,-0.007387322373688221,0.575497567653656,0.33676695823669434,-0.008346067741513252,0.5764368772506714,0.3392918109893799,-0.007429228629916906,0.5813698172569275,0.3196035623550415,-0.006376967299729586,0.6194332242012024,0.2922418415546417,0.06272395700216293,0.5764424800872803,0.3339971601963043,-0.0035970075987279415,0.5774653553962708,0.3348974585533142,-0.0041907718405127525,0.5659909844398499,0.3042795658111572,-0.014367127791047096,0.5740514993667603,0.30243393778800964,-0.008176381699740887,0.5667491555213928,0.30262741446495056,-0.01433595921844244,0.5803326368331909,0.27445048093795776,-0.0014936743536964059,0.5895430445671082,0.279826283454895,0.00031068609678186476,0.5770471096038818,0.29290997982025146,-0.010255398228764534,0.6025691628456116,0.1873132288455963,0.014258346520364285,0.5984691977500916,0.20004373788833618,0.00534757599234581,0.5922480225563049,0.21706035733222961,-0.0015865627210587263,0.5788718461990356,0.34643712639808655,-0.0034596852492541075,0.5684694051742554,0.22076228260993958,-0.010494375601410866,0.5712175369262695,0.1963282972574234,-0.006812006700783968,0.5732015371322632,0.1760237216949463,-0.002484654076397419,0.5961524844169617,0.25462764501571655,0.007831715978682041,0.609707772731781,0.2625024616718292,0.016501419246196747,0.5737391710281372,0.2520492374897003,0.0042039877735078335,0.6029184460639954,0.2408473640680313,0.010717540979385376,0.5702965259552002,0.26391637325286865,-0.005631132051348686,0.5727589726448059,0.2897689640522003,-0.020818904042243958,0.6154059171676636,0.26858168840408325,0.022955069318413734,0.6060026288032532,0.26831087470054626,0.011152680031955242,0.598986029624939,0.2715422809123993,0.005627901758998632,0.5885328054428101,0.27067628502845764,0.002761941170319915,0.5807907581329346,0.267334908246994,0.001360133639536798,0.5749224424362183,0.2634105980396271,-0.0002820786612574011,0.5629321932792664,0.25261399149894714,-0.011739343404769897,0.6147100329399109,0.2864600419998169,0.021093934774398804,0.6072903275489807,0.24032741785049438,0.013603714294731617,0.56207275390625,0.29965516924858093,-0.02684725448489189,0.5740296244621277,0.27720800042152405,-0.005967993289232254,0.6210023760795593,0.25322458148002625,0.059243060648441315,0.5704112648963928,0.25896331667900085,-0.0011848682770505548,0.5773688554763794,0.2938241958618164,-0.004499300383031368,0.6001657843589783,0.24615079164505005,0.012431356124579906,0.5727158784866333,0.28468674421310425,-0.018576811999082565,0.6173821687698364,0.31268996000289917,0.05948192626237869,0.5735911726951599,0.24908703565597534,0.005681352689862251,0.5682738423347473,0.2797630727291107,-0.024127831682562828,0.6026692390441895,0.3506901264190674,0.021251006051898003,0.6022320985794067,0.3606920540332794,0.03154263272881508,0.6190851330757141,0.2893425226211548,0.04177185148000717,0.609224796295166,0.3400041162967682,0.029095610603690147,0.6169426441192627,0.23584496974945068,0.033563800156116486,0.5811641812324524,0.3763914704322815,0.002004418056458235,0.5613974928855896,0.3018307089805603,-0.019458003342151642,0.5790192484855652,0.2835181951522827,-0.0038696923293173313,0.6144413948059082,0.2530011832714081,0.02514108270406723,0.5911179780960083,0.2516523599624634,0.005691970698535442,0.5866161584854126,0.2524660527706146,0.0041300286538898945,0.5796201825141907,0.33737966418266296,-0.0032127241138368845,0.6136010885238647,0.3036811947822571,0.02242729440331459,0.5715345144271851,0.3874797224998474,0.003266191342845559,0.5873068571090698,0.3775242567062378,0.015227052383124828,0.5942513942718506,0.370785117149353,0.022331487387418747,0.5821229815483093,0.2519030272960663,0.003780278842896223,0.5778542757034302,0.2505604028701782,0.004489171784371138,0.5750541090965271,0.24987131357192993,0.005603378172963858,0.6111786365509033,0.23866742849349976,0.019603215157985687,0.578179657459259,0.24219363927841187,0.0036450973711907864,0.5825768113136292,0.23932287096977234,0.0026616654358804226,0.5871587991714478,0.23868674039840698,0.0030333700124174356,0.5918155312538147,0.2399764060974121,0.004576217383146286,0.5947274565696716,0.24216364324092865,0.006585302762687206,0.6202008128166199,0.232430100440979,0.050006210803985596,0.5940709710121155,0.24998562037944794,0.007635433692485094,0.57623291015625,0.31461548805236816,-0.009084101766347885,0.5720171332359314,0.2964862287044525,-0.01528115477412939,0.5664842128753662,0.31191736459732056,-0.014306279830634594,0.5955523252487183,0.36115562915802,0.01490006223320961,0.5885533690452576,0.3688924014568329,0.008693193085491657,0.5718957781791687,0.38185298442840576,-0.003876178292557597,0.6084797978401184,0.3492664396762848,0.04273122176527977,0.5750299692153931,0.24629627168178558,0.004833637736737728,0.5668459534645081,0.2653298079967499,-0.013472238555550575,0.579967737197876,0.38325247168540955,0.008045444265007973,0.6171978712081909,0.3081214129924774,0.040416691452264786,0.5692352652549744,0.3325256109237671,-0.008924544788897038,0.5702676177024841,0.3348976969718933,-0.009843479841947556,0.5711050629615784,0.33793604373931885,-0.010984010063111782,0.5717865228652954,0.34186986088752747,-0.010369786992669106,0.5733676552772522,0.3509428799152374,-0.006151858251541853,0.5778200626373291,0.333683580160141,-0.004075915087014437,0.5789612531661987,0.33326685428619385,-0.004071049392223358,0.579944372177124,0.3326389193534851,-0.003986514639109373,0.5853986144065857,0.3262734115123749,-0.00254935584962368,0.6066885590553284,0.3076242506504059,0.010530762374401093,0.5664849877357483,0.257624089717865,-0.00826981756836176,0.5689579844474792,0.2430698722600937,0.0015084620099514723,0.5725275278091431,0.24361974000930786,0.0037290093023329973,0.5765408277511597,0.3339475989341736,-0.003444101894274354,0.607075572013855,0.3278568387031555,0.018516425043344498,0.5639349222183228,0.24324771761894226,-0.005936377216130495,0.5768618583679199,0.3597620725631714,-0.003331039333716035,0.5630353689193726,0.26085466146469116,-0.017434878274798393,0.5709254145622253,0.2782520055770874,-0.013445494696497917,0.5687468647956848,0.363984614610672,-0.006843512877821922,0.588861882686615,0.3455333113670349,0.0029414405580610037,0.5819167494773865,0.30069199204444885,-0.003247738815844059,0.5832663774490356,0.353801429271698,-8.694078132975847e-05,0.5947734713554382,0.2997214198112488,-0.0005308292456902564,0.5872238278388977,0.30919668078422546,-0.0025168526917696,0.5995540022850037,0.3135426640510559,0.003688807599246502,0.5709674954414368,0.37396010756492615,-0.006755268666893244,0.5742148160934448,0.28313323855400085,-0.009423578158020973,0.5937522053718567,0.3517768383026123,0.00845464039593935,0.586746871471405,0.3605639338493347,0.004214291460812092,0.5932822823524475,0.33548426628112793,0.004234716296195984,0.612094521522522,0.3180418908596039,0.024029716849327087,0.6002001166343689,0.3366188406944275,0.010252650827169418,0.6145074963569641,0.32498955726623535,0.037356480956077576,0.5916587114334106,0.3204018175601959,-8.603174501331523e-05,0.5702756643295288,0.2711566090583801,-0.00942349061369896,0.5712248086929321,0.293361097574234,-0.022095659747719765,0.5743802189826965,0.29582011699676514,-0.015983499586582184,0.5688462257385254,0.2877134382724762,-0.0261898972094059,0.5725641846656799,0.23600353300571442,-0.00019496689492370933,0.5811334252357483,0.23038038611412048,-0.001128954696469009,0.5889406800270081,0.22909314930438995,-0.0006388655165210366,0.5955522060394287,0.23070797324180603,0.001938683446496725,0.600267231464386,0.2345273494720459,0.005736056715250015,0.6041567921638489,0.24870191514492035,0.014834295958280563,0.6200840473175049,0.2709833085536957,0.04094820097088814,0.6004306674003601,0.2602357864379883,0.010128259658813477,0.5950316190719604,0.26291126012802124,0.006486740428954363,0.5878778100013733,0.2632696032524109,0.003926052246242762,0.5809911489486694,0.2614498734474182,0.0027785615529865026,0.5756021738052368,0.2586108446121216,0.0023944885469973087,0.5718027353286743,0.25581246614456177,0.001987065654247999,0.6204125881195068,0.2727676033973694,0.06305654346942902,0.574151337146759,0.2982947826385498,-0.013194093480706215,0.5671842694282532,0.27242016792297363,-0.017977489158511162,0.5675421953201294,0.2937006950378418,-0.026632370427250862,0.5645818710327148,0.29831165075302124,-0.024515554308891296,0.5674585103988647,0.2953839898109436,-0.023891091346740723,0.5725429654121399,0.30102595686912537,-0.011340032331645489,0.5636852979660034,0.29903754591941833,-0.02604849264025688,0.5630097389221191,0.301207035779953,-0.019459959119558334,0.5716264843940735,0.24938726425170898,0.004753047600388527,0.568697452545166,0.2512848675251007,0.0012357428204268217,0.5668734908103943,0.2526414394378662,-0.002868709620088339,0.5964156985282898,0.2439449280500412,0.00863566342741251,0.5998303890228271,0.24080505967140198,0.00896014366298914,0.5265322923660278,0.24799582362174988,0.004841108340770006,0.5324481725692749,0.247288778424263,0.004841108340770006,0.5259496569633484,0.24071632325649261,0.004841108340770006,0.5205342173576355,0.2486628144979477,0.004841108340770006,0.5270504951477051,0.25523683428764343,0.004841108340770006,0.5865026712417603,0.24440345168113708,0.005722892936319113,0.5922103524208069,0.24435807764530182,0.005722892936319113,0.5864431262016296,0.2367919385433197,0.005722892936319113,0.5808233618736267,0.24438008666038513,0.005722892936319113,0.5866058468818665,0.2520785629749298,0.005722892936319113
133.33333333333334,0.55861896276474,0.32547298073768616,-0.016821756958961487,0.5590276718139648,0.2960359454154968,-0.029911726713180542,0.558775782585144,0.3051878809928894,-0.0159139521420002,0.5534310936927795,0.2697591781616211,-0.021995170041918755,0.5588640570640564,0.2874213457107544,-0.031705163419246674,0.5584620237350464,0.27669861912727356,-0.029250185936689377,0.5573582649230957,0.2513590455055237,-0.013825464993715286,0.516543984413147,0.25386372208595276,0.008257152512669563,0.5566264986991882,0.2329801321029663,-0.010082767345011234,0.556283175945282,0.2216174602508545,-0.011126465164124966,0.555107831954956,0.17716562747955322,-0.0037008458748459816,0.5586418509483337,0.3283238112926483,-0.01620584912598133,0.5585591793060303,0.33118677139282227,-0.014319743029773235,0.5584875345230103,0.3331252336502075,-0.011429941281676292,0.5583581328392029,0.3332851827144623,-0.011725956574082375,0.5584667921066284,0.3361912667751312,-0.012347989715635777,0.5585415363311768,0.33984389901161194,-0.013611497357487679,0.5585874319076538,0.34405866265296936,-0.012917254120111465,0.5593613386154175,0.3555658459663391,-0.007517843507230282,0.5590299367904663,0.3006645441055298,-0.027114249765872955,0.5538850426673889,0.3011278510093689,-0.019519945606589317,0.4921398460865021,0.22472774982452393,0.036042436957359314,0.532569408416748,0.25967058539390564,0.0023606899194419384,0.5269562005996704,0.2611948549747467,0.0026929578743875027,0.521529495716095,0.2613323926925659,0.004239809699356556,0.514396607875824,0.25731781125068665,0.009071207605302334,0.5373653173446655,0.2568335235118866,0.0030096611008048058,0.5234224200248718,0.23676007986068726,0.0001472219155402854,0.530000627040863,0.236813023686409,0.00030358097865246236,0.5175929069519043,0.23911139369010925,0.002023369073867798,0.5139404535293579,0.24291808903217316,0.004426885861903429,0.5097360014915466,0.26328903436660767,0.011873920448124409,0.5398805737495422,0.3714587688446045,-0.001961855683475733,0.5144950151443481,0.2517331838607788,0.010145473293960094,0.49209150671958923,0.26194360852241516,0.03746848925948143,0.502910852432251,0.25862154364585876,0.017737209796905518,0.5307860970497131,0.2940056324005127,-0.0034846754278987646,0.5516872406005859,0.32401102781295776,-0.01608692854642868,0.5524507164955139,0.331205278635025,-0.013590183109045029,0.5448001623153687,0.32767820358276367,-0.012990383431315422,0.5401099324226379,0.3316814601421356,-0.009276588447391987,0.5469653606414795,0.3323141932487488,-0.011565775610506535,0.5424219965934753,0.33403244614601135,-0.008064120076596737,0.5350143909454346,0.34542325139045715,-0.0015345897991210222,0.5544734001159668,0.29619669914245605,-0.029443277046084404,0.553554892539978,0.28806906938552856,-0.031072473153471947,0.5058496594429016,0.23891502618789673,0.006331532262265682,0.5411941409111023,0.27224063873291016,-0.003937392495572567,0.5415343642234802,0.29604363441467285,-0.015582004562020302,0.5409881472587585,0.2918574810028076,-0.013804926536977291,0.5136914253234863,0.29537126421928406,0.0035743056796491146,0.5534961223602295,0.2780787944793701,-0.027539294213056564,0.5194761157035828,0.22821879386901855,-0.0036904357839375734,0.5113676190376282,0.23223359882831573,0.0007621537079103291,0.4976253807544708,0.20816737413406372,0.024903859943151474,0.5449951887130737,0.23306390643119812,-0.008433148264884949,0.535817563533783,0.23965200781822205,0.002112415386363864,0.5306341648101807,0.3384982943534851,0.00012457261618692428,0.5031050443649292,0.34115949273109436,0.05059415474534035,0.5458265542984009,0.30038315057754517,-0.013465040363371372,0.5503144264221191,0.3025001287460327,-0.014179099351167679,0.5344650745391846,0.3382301926612854,-0.000632195791695267,0.5357891321182251,0.3376994729042053,-0.0022059143520891666,0.5080419778823853,0.22763292491436005,0.003782641375437379,0.5413971543312073,0.2999681532382965,-0.01253241766244173,0.5306316018104553,0.22798830270767212,-0.006818260531872511,0.5293702483177185,0.22137832641601562,-0.007821153849363327,0.5216342210769653,0.18450695276260376,0.0031778840348124504,0.5027444362640381,0.21658456325531006,0.012713116593658924,0.5259982943534851,0.20126798748970032,-0.002791509497910738,0.5022658109664917,0.23580724000930786,0.011408595368266106,0.4968433082103729,0.22980988025665283,0.022850679233670235,0.5519843697547913,0.3280009627342224,-0.0155235156416893,0.5459174513816833,0.330238938331604,-0.012609768658876419,0.5412488579750061,0.33292993903160095,-0.009194515645503998,0.5471502542495728,0.30185550451278687,-0.012348190881311893,0.5351471304893494,0.3379696309566498,-0.001471628318540752,0.5380276441574097,0.3382248878479004,-0.005112535320222378,0.5365163087844849,0.3373965620994568,-0.0023917306680232286,0.5483521223068237,0.2969217300415039,-0.021229926496744156,0.543282687664032,0.3347381055355072,-0.0069669089280068874,0.5477533936500549,0.3335932791233063,-0.009107024408876896,0.5529139637947083,0.3331563472747803,-0.010888910852372646,0.5525444746017456,0.3559262752532959,-0.00746747525408864,0.5519120097160339,0.344082236289978,-0.012737731449306011,0.5520772933959961,0.339785099029541,-0.013296169228851795,0.5523711442947388,0.33615443110466003,-0.011859018355607986,0.5527952909469604,0.33333492279052734,-0.011165115050971508,0.543240487575531,0.33481717109680176,-0.0071393633261322975,0.5423901677131653,0.3364359140396118,-0.00802729744464159,0.5413955450057983,0.3385825753211975,-0.008992176502943039,0.5405805110931396,0.3411605656147003,-0.008147917687892914,0.5364335179328918,0.32309556007385254,-0.007158897817134857,0.494066059589386,0.300791472196579,0.06032251939177513,0.5589097738265991,0.30280834436416626,-0.019814414903521538,0.5399150252342224,0.33604884147644043,-0.004455420654267073,0.539055585861206,0.3370373547077179,-0.005047637969255447,0.5520658493041992,0.3056167960166931,-0.014487768523395061,0.5435194969177246,0.30488353967666626,-0.008481120690703392,0.5512600541114807,0.3040841519832611,-0.014472388662397861,0.535296618938446,0.27786311507225037,-0.002121868310496211,0.5263155698776245,0.28431442379951477,-0.0005798068013973534,0.540160596370697,0.29587143659591675,-0.010658007115125656,0.5071201324462891,0.19442513585090637,0.013140515424311161,0.512076735496521,0.2066722810268402,0.004435905255377293,0.5173259973526001,0.2220504879951477,-0.0023836030159145594,0.5396796464920044,0.349643349647522,-0.004321213811635971,0.542779266834259,0.22217068076133728,-0.010552529245615005,0.5399696230888367,0.19918671250343323,-0.006888063624501228,0.5370672345161438,0.17920871078968048,-0.002538037486374378,0.5169990062713623,0.2602408230304718,0.006734545808285475,0.5037630200386047,0.2698739171028137,0.01501419022679329,0.5405110120773315,0.25426068902015686,0.0038134052883833647,0.508547842502594,0.24783897399902344,0.009509415365755558,0.5450547933578491,0.26617103815078735,-0.005926263052970171,0.544782280921936,0.29225969314575195,-0.021051431074738503,0.4984019100666046,0.2767835855484009,0.021194016560912132,0.5080631375312805,0.2753067910671234,0.0097467927262187,0.5156417489051819,0.27758967876434326,0.004464463796466589,0.5264047980308533,0.2750745415687561,0.001915689674206078,0.534182608127594,0.2706437110900879,0.0007472172728739679,0.5400118231773376,0.2658953368663788,-0.0007238955586217344,0.5520877838134766,0.25393062829971313,-0.011722663417458534,0.5006026029586792,0.29439058899879456,0.019279109314084053,0.5039460062980652,0.24774110317230225,0.012233688496053219,0.5562964677810669,0.30058908462524414,-0.026823462918400764,0.5420926809310913,0.27988386154174805,-0.006362839136272669,0.4898177981376648,0.2624613642692566,0.05692756548523903,0.5443753600120544,0.2608512043952942,-0.001464598230086267,0.5397314429283142,0.2967805564403534,-0.004894058220088482,0.5121583342552185,0.25269919633865356,0.01121125090867281,0.5443996787071228,0.2872328460216522,-0.01881960779428482,0.49774619936943054,0.32089436054229736,0.05706015229225159,0.5404926538467407,0.25130361318588257,0.0052679069340229034,0.548816978931427,0.2817382514476776,-0.024236256256699562,0.5162112712860107,0.35717904567718506,0.019665313884615898,0.5168497562408447,0.3672120273113251,0.029732638970017433,0.49535197019577026,0.2979644238948822,0.03975372016429901,0.5089610815048218,0.347299724817276,0.027299441397190094,0.49405136704444885,0.24460072815418243,0.03185350447893143,0.5389793515205383,0.37976354360580444,0.0012063350295647979,0.5567860007286072,0.3026328682899475,-0.019446909427642822,0.5372800827026367,0.28671714663505554,-0.004394370596855879,0.49805402755737305,0.26060160994529724,0.02351902239024639,0.5219218134880066,0.25632959604263306,0.004764113575220108,0.5266935229301453,0.25643327832221985,0.00334891933016479,0.5370477437973022,0.3397091031074524,-0.004208776634186506,0.5028415322303772,0.3113518953323364,0.020617036148905754,0.5490391850471497,0.3893947899341583,0.002652860479429364,0.5326791405677795,0.38216152787208557,0.01404658518731594,0.5254451632499695,0.3763662874698639,0.020848287269473076,0.555627703666687,0.19842836260795593,-0.007981251925230026,0.5601559281349182,0.3895357847213745,0.0011545312590897083,0.531446635723114,0.2551928162574768,0.0031306063756346703,0.5359610915184021,0.25327301025390625,0.00393701670691371,0.5389758348464966,0.2522070109844208,0.005133338272571564,0.4997541308403015,0.24660781025886536,0.018126823008060455,0.5349516868591309,0.245476633310318,0.003095207503065467,0.5299450755119324,0.24347810447216034,0.002005436457693577,0.5250260233879089,0.2435894012451172,0.0022238371893763542,0.5202152729034424,0.24557988345623016,0.0036489623598754406,0.5173335671424866,0.24812839925289154,0.00558598292991519,0.4898153841495514,0.24175989627838135,0.04788092151284218,0.5187281370162964,0.25522956252098083,0.006616079714149237,0.558874785900116,0.3122413158416748,-0.014808556996285915,0.5416783094406128,0.3174007534980774,-0.009662440046668053,0.5457554459571838,0.2988233268260956,-0.015509308315813541,0.5516948103904724,0.31334012746810913,-0.014496960677206516,0.5569716691970825,0.2422443926334381,-0.00971627701073885,0.5238093733787537,0.36667412519454956,0.013550766743719578,0.5311262011528015,0.37347322702407837,0.0076336972415447235,0.5486173033714294,0.3836885690689087,-0.004312892444431782,0.5097660422325134,0.35652220249176025,0.04061802849173546,0.5387035608291626,0.24886438250541687,0.0043698083609342575,0.5489991903305054,0.2671234607696533,-0.01358464639633894,0.5601018071174622,0.3835863173007965,-0.005601705051958561,0.540317714214325,0.3866945803165436,0.007143592461943626,0.49857017397880554,0.3164040744304657,0.03839924558997154,0.5476739406585693,0.33374813199043274,-0.009368939325213432,0.5468401908874512,0.3361310064792633,-0.010270828381180763,0.5461944341659546,0.33915433287620544,-0.011414853855967522,0.5457401275634766,0.3430079519748688,-0.010833298787474632,0.5454420447349548,0.3533616065979004,-0.006782459560781717,0.5387535095214844,0.3359408378601074,-0.005000196397304535,0.5376033782958984,0.3356679081916809,-0.005057201255112886,0.5366271734237671,0.3351689875125885,-0.005022160708904266,0.5324586033821106,0.3303629457950592,-0.003625201992690563,0.5103139281272888,0.3143164813518524,0.008936014026403427,0.5486528277397156,0.2593708634376526,-0.008409772999584675,0.5446376800537109,0.2446967214345932,0.0013330322690308094,0.5409784317016602,0.2458130419254303,0.003403322072699666,0.5399512052536011,0.33603712916374207,-0.004338901489973068,0.5108047127723694,0.3347625434398651,0.01682215929031372,0.5496473908424377,0.24416324496269226,-0.005926630925387144,0.5424216389656067,0.36257243156433105,-0.0039704409427940845,0.558087944984436,0.26803553104400635,-0.023871731013059616,0.5527322888374329,0.262184202671051,-0.01737745851278305,0.5577257871627808,0.2599240839481354,-0.01863807439804077,0.5456213355064392,0.28052133321762085,-0.01365604531019926,0.5598759651184082,0.37533751130104065,-0.008533368818461895,0.5595959424972534,0.3650522828102112,-0.008045556023716927,0.5508210062980652,0.36551451683044434,-0.00710240239277482,0.529678225517273,0.3500542640686035,0.0018006315222010016,0.5353013277053833,0.304187148809433,-0.003858530195429921,0.535639762878418,0.35757797956466675,-0.000988054322078824,0.5221709609031677,0.3048228919506073,-0.0016001403564587235,0.5302658677101135,0.31333887577056885,-0.003399639157578349,0.5179648399353027,0.31927430629730225,0.0023884300608187914,0.5491617918014526,0.37563714385032654,-0.0071024708449840546,0.5424501895904541,0.28583839535713196,-0.009742711670696735,0.5251914858818054,0.35701972246170044,0.0071516940370202065,0.5325466990470886,0.36482375860214233,0.0032237970735877752,0.5249008536338806,0.3405535817146301,0.002885898808017373,0.5051559805870056,0.3255774974822998,0.022177711129188538,0.5181113481521606,0.3426574468612671,0.00873173214495182,0.50250244140625,0.3329324722290039,0.03536045551300049,0.5261458158493042,0.32515278458595276,-0.001248645014129579,0.5456706285476685,0.27337077260017395,-0.009682093746960163,0.5466324090957642,0.2956194579601288,-0.022322025150060654,0.5433347225189209,0.29848846793174744,-0.016254808753728867,0.5489104986190796,0.2896992862224579,-0.026364414021372795,0.5400640964508057,0.2382158488035202,-0.0004742525634355843,0.5304071307182312,0.23392435908317566,-0.0016970221186056733,0.5220212936401367,0.2338535040616989,-0.0014292947016656399,0.5152450203895569,0.2365538775920868,0.0009195107850246131,0.5106221437454224,0.2411850243806839,0.004610557109117508,0.5081544518470764,0.2556041181087494,0.013518732972443104,0.49287888407707214,0.2798629403114319,0.038908638060092926,0.513048529624939,0.26652371883392334,0.008928442373871803,0.5189375281333923,0.2683369815349579,0.005434269551187754,0.5264410972595215,0.2675487995147705,0.003088270779699087,0.5334771275520325,0.2646988034248352,0.0021780042443424463,0.5389801263809204,0.261105477809906,0.0019877797458320856,0.5427718758583069,0.257845014333725,0.0017049291636794806,0.49165090918540955,0.28163212537765503,0.06063491478562355,0.5435048341751099,0.3008969724178314,-0.013485042378306389,0.5493072867393494,0.27423855662345886,-0.01807296834886074,0.5505685806274414,0.29545196890830994,-0.026727324351668358,0.5535443425178528,0.29959529638290405,-0.024546029046177864,0.5505924224853516,0.2970445454120636,-0.02399778552353382,0.5451169610023499,0.30337247252464294,-0.011595675721764565,0.5545768737792969,0.3001873195171356,-0.026060743257403374,0.5550920963287354,0.302273154258728,-0.019472286105155945,0.5424876809120178,0.2513466477394104,0.00445712823420763,0.545631468296051,0.25291842222213745,0.0010752627858892083,0.5475174188613892,0.2540552616119385,-0.002993940142914653,0.5157610774040222,0.25002920627593994,0.0075571597553789616,0.5117473006248474,0.24737176299095154,0.007816662080585957,0.562675952911377,0.26914167404174805,-0.02182682417333126,0.5958880186080933,0.2486083209514618,0.009400407783687115,0.5637968182563782,0.300481915473938,-0.019404327496886253,0.6172498464584351,0.21635222434997559,0.03803107514977455,0.5811731219291687,0.2569138705730438,0.0030753070022910833,0.5865636467933655,0.257525235414505,0.0035748241934925318,0.5916962027549744,0.2568434774875641,0.005268577020615339,0.5982450246810913,0.25162947177886963,0.010292895138263702,0.5765886306762695,0.25470009446144104,0.0035461706575006247,0.5878719091415405,0.23232895135879517,0.0010892483405768871,0.581767737865448,0.23330074548721313,0.001018162933178246,0.5934905409812927,0.2338227927684784,0.0031365735922008753,0.597175121307373,0.23710379004478455,0.005598569754511118,0.6030284762382507,0.25702816247940063,0.013197210617363453,0.579462468624115,0.3684488832950592,-0.0013664393918588758,0.5976925492286682,0.24598589539527893,0.011345140635967255,0.6193910837173462,0.25352632999420166,0.039297353476285934,0.6090862154960632,0.2516876459121704,0.019216708838939667,0.5853831768035889,0.290560781955719,-0.002747113350778818,0.5654144287109375,0.32346445322036743,-0.01590593159198761,0.5645626187324524,0.3307585120201111,-0.013429883867502213,0.5720329284667969,0.3265314996242523,-0.01262675505131483,0.5763049125671387,0.3301815092563629,-0.008723495528101921,0.5697953104972839,0.3314518630504608,-0.01127302274107933,0.5739453434944153,0.33282414078712463,-0.0075942035764455795,0.582751452922821,0.34214240312576294,-0.0007527300622314215,0.5635220408439636,0.29561305046081543,-0.029341747984290123,0.5639798641204834,0.2873486280441284,-0.030954694375395775,0.6042541265487671,0.23231671750545502,0.007719199173152447,0.5739509463310242,0.27007535099983215,-0.0034490933176130056,0.5755715370178223,0.29374510049819946,-0.015164696611464024,0.5757206678390503,0.2895137071609497,-0.013388015329837799,0.6020594239234924,0.2897489666938782,0.00485230004414916,0.5633460879325867,0.27737730741500854,-0.027387352660298347,0.5905954837799072,0.22406330704689026,-0.002643028274178505,0.598524272441864,0.22668904066085815,0.002040500519797206,0.6115409731864929,0.20056699216365814,0.02670128457248211,0.5671223998069763,0.23210544884204865,-0.008105448447167873,0.5765861868858337,0.2370421290397644,0.00263912882655859,0.5868512988090515,0.3347485065460205,0.0010790848173201084,0.6136341094970703,0.3336576521396637,0.052467480301856995,0.5715258121490479,0.2986578643321991,-0.01309792697429657,0.5671854615211487,0.3014194965362549,-0.013993214815855026,0.5813307762145996,0.33643999695777893,0.00024467339972034097,0.5800307393074036,0.3359813690185547,-0.0014465446583926678,0.6012933850288391,0.221596360206604,0.005141475237905979,0.5756943821907043,0.29774653911590576,-0.01211315393447876,0.580228328704834,0.2252901792526245,-0.006136066280305386,0.5808477401733398,0.2186121940612793,-0.0071225035935640335,0.5879221558570862,0.18018509447574615,0.004172874614596367,0.6073914170265198,0.20948126912117004,0.014222071506083012,0.5844137668609619,0.1973419487476349,-0.0019851040560752153,0.60740065574646,0.22881248593330383,0.012933431193232536,0.6135161519050598,0.22202080488204956,0.02446834370493889,0.5651612281799316,0.3274957239627838,-0.015368062071502209,0.5709294676780701,0.3292611241340637,-0.012285886332392693,0.5751829743385315,0.3315698802471161,-0.008698487654328346,0.570152759552002,0.3003424108028412,-0.012085012160241604,0.5806707739830017,0.3362242877483368,-0.0006755604990758002,0.5779767036437988,0.336586594581604,-0.004459913820028305,0.5793072581291199,0.33571702241897583,-0.00165296730119735,0.5691472291946411,0.29554784297943115,-0.020932145416736603,0.5728963613510132,0.3335830569267273,-0.006496987771242857,0.5687897205352783,0.33280038833618164,-0.008793824352324009,0.5639249086380005,0.33274996280670166,-0.010728524066507816,0.5661905407905579,0.3550165295600891,-0.007271015550941229,0.5651357173919678,0.3434193730354309,-0.01253370102494955,0.5648243427276611,0.3391628563404083,-0.01308002881705761,0.5643908977508545,0.3356021046638489,-0.011671173386275768,0.5637792944908142,0.3328641653060913,-0.010985670611262321,0.5727663040161133,0.33359575271606445,-0.006660946179181337,0.5737646818161011,0.3350878655910492,-0.0075311800464987755,0.5748240351676941,0.3370964527130127,-0.008497425355017185,0.5757225751876831,0.3395400941371918,-0.007604070007801056,0.5808931589126587,0.32019978761672974,-0.006529361475259066,0.6194078922271729,0.29261794686317444,0.06239980086684227,0.5759207010269165,0.3345966041088104,-0.0038440809585154057,0.5768873691558838,0.3354959487915039,-0.0044357869774103165,0.5656128525733948,0.3048142194747925,-0.01432708464562893,0.5736449360847473,0.3029997944831848,-0.00816249568015337,0.5663644075393677,0.3031761348247528,-0.014293752610683441,0.5799435377120972,0.2750048339366913,-0.0014643226750195026,0.5891232490539551,0.28038087487220764,0.00030784745467826724,0.5766263604164124,0.29349595308303833,-0.010209566913545132,0.6021449565887451,0.18813613057136536,0.014599853195250034,0.5980449318885803,0.2008891999721527,0.005617721937596798,0.5921602845191956,0.2175932079553604,-0.0013349673245102167,0.5784199833869934,0.3469007909297943,-0.003676492953673005,0.5683265924453735,0.22106175124645233,-0.010191787034273148,0.5708696246147156,0.19714471697807312,-0.006462142802774906,0.5728359222412109,0.17689740657806396,-0.002030192641541362,0.5959158539772034,0.25507572293281555,0.007896609604358673,0.6093636751174927,0.2630123794078827,0.016483915969729424,0.5735310316085815,0.25258758664131165,0.004301314242184162,0.6027122139930725,0.24135425686836243,0.010814420878887177,0.5699406862258911,0.2644856572151184,-0.005535211879760027,0.5723397731781006,0.29041433334350586,-0.020700056105852127,0.6151587963104248,0.2691350281238556,0.022878017276525497,0.6056627631187439,0.26878443360328674,0.011129340156912804,0.5986325740814209,0.27199050784111023,0.0056195310316979885,0.5881643295288086,0.27112001180648804,0.0027791173197329044,0.5804360508918762,0.26779094338417053,0.0014029484009370208,0.5745893120765686,0.2638871371746063,-0.00021522201132029295,0.5625929236412048,0.2532196342945099,-0.01155064720660448,0.6144372820854187,0.2869791090488434,0.020950185135006905,0.6070328950881958,0.2408912181854248,0.013697627000510693,0.5616961121559143,0.3002338111400604,-0.02673066221177578,0.5736393928527832,0.2777787148952484,-0.005916570778936148,0.6208857893943787,0.2537676692008972,0.05912137031555176,0.5700938701629639,0.2594463527202606,-0.0010924417292699218,0.5769492387771606,0.2943938672542572,-0.0044927215203642845,0.5999820232391357,0.24663016200065613,0.012500343844294548,0.5722972750663757,0.28531503677368164,-0.018457243219017982,0.6173690557479858,0.31299513578414917,0.05908157676458359,0.5734074711799622,0.24963688850402832,0.005786530673503876,0.5678703784942627,0.2804093360900879,-0.02396422252058983,0.6023299098014832,0.35088810324668884,0.020909158512949944,0.6019687056541443,0.3608160614967346,0.031113576143980026,0.6189687848091125,0.2897842824459076,0.041532959789037704,0.6089368462562561,0.3402586579322815,0.0287307295948267,0.6166694760322571,0.23650100827217102,0.03358957916498184,0.5807576775550842,0.376423180103302,0.0018232009606435895,0.5610346794128418,0.3023739457130432,-0.01939057558774948,0.5786118507385254,0.28407055139541626,-0.0038462954107671976,0.6140474081039429,0.25360071659088135,0.025131531059741974,0.590919554233551,0.252070814371109,0.005782990716397762,0.5863944888114929,0.2528759241104126,0.004227952565997839,0.578984797000885,0.33796828985214233,-0.0034897818695753813,0.6133034229278564,0.30413222312927246,0.022202499210834503,0.5711616277694702,0.38755321502685547,0.0030457221437245607,0.5869629979133606,0.37755709886550903,0.014913089573383331,0.5939407348632812,0.37083739042282104,0.021956792101264,0.581897497177124,0.25234290957450867,0.003885223064571619,0.5776481628417969,0.25105947256088257,0.004593284334987402,0.5748667120933533,0.25041043758392334,0.005706490948796272,0.6108644604682922,0.2393166869878769,0.019684404134750366,0.5779708623886108,0.24251098930835724,0.003774970769882202,0.5823564529418945,0.23947542905807495,0.0028031987603753805,0.5869792699813843,0.2387719303369522,0.0031701193656772375,0.5916897654533386,0.24010270833969116,0.004702124744653702,0.5946208834648132,0.24239827692508698,0.006697868928313255,0.6199713945388794,0.23306846618652344,0.05002044513821602,0.5938966870307922,0.25041964650154114,0.007723202928900719,0.5758140087127686,0.31517666578292847,-0.009155241772532463,0.5715983510017395,0.29710257053375244,-0.015209469012916088,0.5661210417747498,0.31241869926452637,-0.01429156307131052,0.5951972007751465,0.36128026247024536,0.014584394171833992,0.5881689786911011,0.36894750595092773,0.008438033051788807,0.5715017914772034,0.3818981945514679,-0.003995381295681,0.6082818508148193,0.3494550287723541,0.042261891067028046,0.5748428702354431,0.24677303433418274,0.00494981138035655,0.566482424736023,0.2659375071525574,-0.013326898217201233,0.5796030759811401,0.3832981288433075,0.007790873292833567,0.6170753240585327,0.3084987699985504,0.040107954293489456,0.5686506628990173,0.3328464925289154,-0.00901050865650177,0.5696069002151489,0.3350871801376343,-0.009908856824040413,0.5703915953636169,0.33797964453697205,-0.011054644361138344,0.5710195899009705,0.34173983335494995,-0.01045931689441204,0.572955846786499,0.35137811303138733,-0.006279981695115566,0.5773277878761292,0.33438628911972046,-0.004339568316936493,0.5784571766853333,0.3340045213699341,-0.004336815793067217,0.5794361233711243,0.33340558409690857,-0.0042396835051476955,0.5848773121833801,0.3269074857234955,-0.002768539823591709,0.6062707304954529,0.3080851435661316,0.010355199687182903,0.5661360025405884,0.25821301341056824,-0.008127355948090553,0.5687209367752075,0.24353119730949402,0.0016481708735227585,0.5723363161087036,0.24410401284694672,0.0038571669720113277,0.5760462284088135,0.3346054255962372,-0.003711148165166378,0.6066763401031494,0.3282087445259094,0.01824003830552101,0.5636582374572754,0.24365705251693726,-0.005745036993175745,0.5764337182044983,0.3600015938282013,-0.003461774904280901,0.5626834034919739,0.2614798843860626,-0.017242731526494026,0.570529580116272,0.2788548767566681,-0.013338497839868069,0.5683432817459106,0.36421865224838257,-0.006863126996904612,0.5884202122688293,0.34593018889427185,0.0026789656840264797,0.581479012966156,0.3012388050556183,-0.0032848170958459377,0.5828384757041931,0.3540875315666199,-0.00030304683605208993,0.594293475151062,0.3002464771270752,-0.0005929289618507028,0.5867427587509155,0.3097391128540039,-0.0026274637784808874,0.5990564823150635,0.3140200972557068,0.003543122671544552,0.5705496668815613,0.37405943870544434,-0.006814574357122183,0.5738035440444946,0.2837194800376892,-0.009356833063066006,0.5933424234390259,0.3520278334617615,0.008175233379006386,0.5863311886787415,0.3607141971588135,0.003991021774709225,0.5928052067756653,0.3359801471233368,0.003983654081821442,0.6117825508117676,0.3184264302253723,0.02374826930463314,0.5997658371925354,0.3369821012020111,0.00998492632061243,0.6143277287483215,0.3253065049648285,0.03699278086423874,0.5911388397216797,0.32096073031425476,-0.0002578717831056565,0.5698993802070618,0.27174344658851624,-0.00932806171476841,0.5708069205284119,0.2940080165863037,-0.021977446973323822,0.5739567279815674,0.29643768072128296,-0.015909742563962936,0.5684306621551514,0.2883736193180084,-0.026041066274046898,0.5723788142204285,0.23636989295482635,-2.9665217880392447e-05,0.58099365234375,0.23071123659610748,-0.0009511163225397468,0.5888261198997498,0.22945308685302734,-0.00046507272054441273,0.5954362154006958,0.23111124336719513,0.0020914236083626747,0.60011887550354,0.23500120639801025,0.005863478872925043,0.6039031744003296,0.24922724068164825,0.014886577613651752,0.6199470162391663,0.2714817225933075,0.04078458622097969,0.6001386046409607,0.26069751381874084,0.010152683593332767,0.5947098135948181,0.2633574306964874,0.00651884451508522,0.587553083896637,0.263700932264328,0.0039693256840109825,0.5806744694709778,0.26189664006233215,0.002841577399522066,0.5753083825111389,0.25910136103630066,0.002467869082465768,0.5715218186378479,0.2563268542289734,0.002074064686894417,0.6203481554985046,0.2732289731502533,0.06282828003168106,0.5737345218658447,0.29889219999313354,-0.013140402734279633,0.5668004155158997,0.2730478346347809,-0.017827993258833885,0.5671331286430359,0.29434773325920105,-0.026496704667806625,0.5642063617706299,0.2989082634449005,-0.024407589808106422,0.5670586228370667,0.29601845145225525,-0.023773977532982826,0.5721377730369568,0.3016010522842407,-0.011304004117846489,0.5633077025413513,0.2996264398097992,-0.02593562938272953,0.5626434683799744,0.3017655313014984,-0.019390685483813286,0.571429431438446,0.2499382197856903,0.00486000906676054,0.5684272050857544,0.2518001198768616,0.0013495886232703924,0.5665689706802368,0.25311729311943054,-0.0027410248294472694,0.596302330493927,0.24428027868270874,0.008734466508030891,0.5996686816215515,0.24126239120960236,0.009054521098732948,0.5263532996177673,0.24857643246650696,0.004942937754094601,0.532154381275177,0.24791781604290009,0.004942937754094601,0.5258042216300964,0.24134287238121033,0.004942937754094601,0.5204594731330872,0.24920010566711426,0.004942937754094601,0.5268388986587524,0.25577759742736816,0.004942937754094601,0.5862839818000793,0.24471746385097504,0.0058302367106080055,0.5920409560203552,0.2446291595697403,0.0058302367106080055,0.5862303376197815,0.23703409731388092,0.0058302367106080055,0.5805526375770569,0.24472948908805847,0.0058302367106080055,0.586380660533905,0.2524735629558563,0.0058302367106080055
166.66666666666669,0.558538019657135,0.3237137198448181,-0.016950372606515884,0.5591495633125305,0.29502618312835693,-0.029711708426475525,0.5589035749435425,0.30419832468032837,-0.01586560532450676,0.5535335540771484,0.2690091133117676,-0.021684926003217697,0.5589641332626343,0.28646212816238403,-0.031456734985113144,0.5585444569587708,0.27583006024360657,-0.028953060507774353,0.5574336647987366,0.2507772147655487,-0.013430838473141193,0.5163216590881348,0.2535105347633362,0.008563960902392864,0.5567188262939453,0.23241284489631653,-0.009578934870660305,0.5563821792602539,0.22106343507766724,-0.01054566539824009,0.5551474690437317,0.1766704022884369,-0.0029264246113598347,0.558607280254364,0.32674217224121094,-0.016352029517292976,0.5586252212524414,0.3299499452114105,-0.014472374692559242,0.558676540851593,0.33221960067749023,-0.011579586192965508,0.5585544109344482,0.3324335217475891,-0.012157440185546875,0.5587052702903748,0.3357286751270294,-0.01278266217559576,0.5588448643684387,0.3398006558418274,-0.014089888893067837,0.5589848756790161,0.34430256485939026,-0.013483422808349133,0.5596694946289062,0.3536023795604706,-0.008196135051548481,0.559167206287384,0.2996487319469452,-0.026948848739266396,0.5540639162063599,0.300205796957016,-0.01940234564244747,0.49236738681793213,0.22439846396446228,0.03651665896177292,0.5325075387954712,0.2588520348072052,0.0026331881526857615,0.5269168019294739,0.26052674651145935,0.0029692177195101976,0.5214681625366211,0.26081863045692444,0.004523949231952429,0.5142259001731873,0.25692519545555115,0.009355242364108562,0.5372572541236877,0.25593671202659607,0.0033042922150343657,0.5230970978736877,0.2362484186887741,0.0005159325082786381,0.5296965837478638,0.23617449402809143,0.0006720267701894045,0.5172673463821411,0.2386825680732727,0.002388893160969019,0.5136229991912842,0.24253390729427338,0.004775369539856911,0.5097115635871887,0.26283589005470276,0.012126252055168152,0.5404172539710999,0.36995992064476013,-0.0027930610813200474,0.5142216682434082,0.2513860762119293,0.010458562523126602,0.49228861927986145,0.26158639788627625,0.0376724936068058,0.5028945207595825,0.25804653763771057,0.01801224984228611,0.531029224395752,0.2933591902256012,-0.003413787577301264,0.5517652630805969,0.3223056495189667,-0.016209809109568596,0.5526785850524902,0.3300131559371948,-0.013751664198935032,0.5451130270957947,0.3261664807796478,-0.013175775296986103,0.5407083630561829,0.33028534054756165,-0.009597472846508026,0.5474492311477661,0.33116188645362854,-0.011788892559707165,0.543190598487854,0.3328824043273926,-0.008403614163398743,0.5355992317199707,0.34438687562942505,-0.002209611004218459,0.5546265244483948,0.295230507850647,-0.029245037585496902,0.5536928176879883,0.2871435284614563,-0.030823711305856705,0.5056236982345581,0.23838958144187927,0.006784248631447554,0.541312575340271,0.2716577649116516,-0.0037179156206548214,0.5418042540550232,0.2952859401702881,-0.015435595996677876,0.541246771812439,0.29113975167274475,-0.013652050867676735,0.5139284729957581,0.29488515853881836,0.0036441117990761995,0.5536060333251953,0.27723798155784607,-0.027248943224549294,0.5191661715507507,0.22776272892951965,-0.0031644515693187714,0.5110646486282349,0.2317800223827362,0.0012811595806851983,0.49785539507865906,0.2078268826007843,0.025475280359387398,0.5448923707008362,0.2321656197309494,-0.007928520441055298,0.5355510115623474,0.23888778686523438,0.0024610820692032576,0.5311967134475708,0.33772969245910645,-0.0004348952497821301,0.5033373832702637,0.3404620289802551,0.0502595491707325,0.5461059212684631,0.2995767593383789,-0.013364914804697037,0.5505689978599548,0.3016301989555359,-0.014092720113694668,0.5355900526046753,0.33693379163742065,-0.0012148928362876177,0.5368930697441101,0.3364686667919159,-0.002791460370644927,0.5077797770500183,0.22707343101501465,0.0043276771903038025,0.5417130589485168,0.2992191016674042,-0.012422746047377586,0.5303673148155212,0.22734615206718445,-0.006299326196312904,0.5291051864624023,0.2206929326057434,-0.007247632835060358,0.5217500329017639,0.1841432750225067,0.0038811154663562775,0.5029536485671997,0.21609343588352203,0.013273271732032299,0.5261377692222595,0.20079785585403442,-0.0021198545582592487,0.5020995140075684,0.2351473569869995,0.011876441538333893,0.4970521330833435,0.22934946417808533,0.023318558931350708,0.5521016120910645,0.32648783922195435,-0.015671728178858757,0.5462875962257385,0.32888320088386536,-0.01282433606684208,0.5419126152992249,0.3316406011581421,-0.009529436938464642,0.547440767288208,0.30103322863578796,-0.012252078391611576,0.536264955997467,0.33671319484710693,-0.002054433338344097,0.5389822721481323,0.33711177110671997,-0.0057579465210437775,0.5376070737838745,0.3362027108669281,-0.0029766447842121124,0.5485570430755615,0.29607099294662476,-0.021060120314359665,0.5441405177116394,0.3337023854255676,-0.007301954086869955,0.5483517050743103,0.3326331377029419,-0.009333524852991104,0.5532580614089966,0.3322170376777649,-0.011050875298678875,0.553015410900116,0.35402876138687134,-0.008154788054525852,0.5523207187652588,0.34417375922203064,-0.013312017545104027,0.5524092316627502,0.339621901512146,-0.013798277825117111,0.5526837110519409,0.3355741500854492,-0.01231348142027855,0.5531541705131531,0.3324320912361145,-0.011609481647610664,0.5440760254859924,0.33374279737472534,-0.00769008556380868,0.5431596636772156,0.33546876907348633,-0.008599776774644852,0.5421285033226013,0.3377116322517395,-0.009614392183721066,0.5413110256195068,0.34036144614219666,-0.008811633102595806,0.5368688106536865,0.3222593069076538,-0.007427954114973545,0.49419036507606506,0.3003450930118561,0.06028012931346893,0.5590500831604004,0.30180126428604126,-0.019709719344973564,0.5409390926361084,0.3348841667175293,-0.0050600082613527775,0.5400272607803345,0.33591604232788086,-0.005671754013746977,0.5523115396499634,0.30469992756843567,-0.014452525414526463,0.5438589453697205,0.3041079342365265,-0.008441567420959473,0.5515076518058777,0.3031916618347168,-0.014400123618543148,0.5354395508766174,0.27730321884155273,-0.0019394868286326528,0.5265024900436401,0.28378626704216003,-0.0004178814124315977,0.5404574275016785,0.2951560318470001,-0.010540860705077648,0.5073081254959106,0.19408664107322693,0.013783175498247147,0.5122648477554321,0.20617195963859558,0.005060675088316202,0.5170141458511353,0.22152377665042877,-0.0018184261862188578,0.540274441242218,0.3482869565486908,-0.005046970676630735,0.5426455736160278,0.22123324871063232,-0.009982727468013763,0.540080189704895,0.19872766733169556,-0.006198773626238108,0.5371357202529907,0.17879685759544373,-0.0017973410431295633,0.5168865323066711,0.25981977581977844,0.007018739823251963,0.5038827657699585,0.2694220244884491,0.015220738016068935,0.5403631329536438,0.25333088636398315,0.0041231573559343815,0.5083215236663818,0.24736791849136353,0.009850313887000084,0.5451579093933105,0.26558247208595276,-0.005665218457579613,0.5449972748756409,0.29146119952201843,-0.020860441029071808,0.4985474944114685,0.27642330527305603,0.021339427679777145,0.508180558681488,0.27495285868644714,0.009921303018927574,0.5157304406166077,0.2772637903690338,0.004626714624464512,0.5264555811882019,0.2746097147464752,0.00210412684828043,0.5342154502868652,0.2700323164463043,0.0009506262722425163,0.5400039553642273,0.2652328312397003,-0.0004836806037928909,0.552179217338562,0.25336429476737976,-0.011348900385200977,0.5007646679878235,0.29399213194847107,0.01931288279592991,0.5037935376167297,0.2471512258052826,0.012584603391587734,0.5564493536949158,0.29960206151008606,-0.026660077273845673,0.542262852191925,0.27924439311027527,-0.006186461541801691,0.49000030755996704,0.26214224100112915,0.05714360624551773,0.5443578958511353,0.2601810693740845,-0.0011819766368716955,0.5400285720825195,0.2960963845252991,-0.004828703124076128,0.5119195580482483,0.25232550501823425,0.011516494676470757,0.5445958375930786,0.28647977113723755,-0.018613014370203018,0.4979178309440613,0.32034704089164734,0.056882791221141815,0.5403072237968445,0.2503490149974823,0.0055884369648993015,0.5489612221717834,0.2809346616268158,-0.02397880144417286,0.5165531039237976,0.35627150535583496,0.01900794543325901,0.517166256904602,0.3662465512752533,0.02911674790084362,0.495480477809906,0.2975330650806427,0.0397137850522995,0.5092380046844482,0.3465139865875244,0.02679428830742836,0.4942571222782135,0.24421468377113342,0.03219248726963997,0.5394966006278992,0.3782746195793152,0.0003316471120342612,0.5569411516189575,0.3016473054885864,-0.019342556595802307,0.5374917387962341,0.28609293699264526,-0.004264846909791231,0.49810990691185,0.2599392831325531,0.023770354688167572,0.5217984318733215,0.25582748651504517,0.005062271375209093,0.526608943939209,0.2557521164417267,0.0036486752796918154,0.5380055904388428,0.3385877013206482,-0.00486616650596261,0.5030537247657776,0.3108633756637573,0.02050342783331871,0.5495439767837524,0.3878081440925598,0.0018240743083879352,0.5331618785858154,0.3808557093143463,0.0132635198533535,0.5258600115776062,0.37523093819618225,0.020120110362768173,0.5557113885879517,0.19789448380470276,-0.007277221418917179,0.5606065988540649,0.38791438937187195,0.00031805524486117065,0.5313402414321899,0.2543557286262512,0.003436683677136898,0.5358256101608276,0.252338171005249,0.0042527057230472565,0.5388178825378418,0.2512379288673401,0.005455703008919954,0.4996646046638489,0.2458643913269043,0.018481625244021416,0.5347201824188232,0.24465006589889526,0.0034252461045980453,0.5296750664710999,0.24277108907699585,0.0023561203852295876,0.5247291922569275,0.24300168454647064,0.002577747218310833,0.519904375076294,0.24509748816490173,0.003994238097220659,0.5170139074325562,0.2477254718542099,0.005916384514421225,0.4900241196155548,0.2414492666721344,0.048238225281238556,0.5185550451278687,0.25482961535453796,0.006919297389686108,0.5590035915374756,0.3111664056777954,-0.014836947433650494,0.5420375466346741,0.3165147304534912,-0.009797520004212856,0.54600989818573,0.2980135679244995,-0.015373528003692627,0.5519574880599976,0.31231582164764404,-0.014545926824212074,0.5570481419563293,0.24168404936790466,-0.009278972633183002,0.5242274403572083,0.3655884861946106,0.012759405188262463,0.5316055417060852,0.37219682335853577,0.006783693563193083,0.5491055250167847,0.38203760981559753,-0.0052151065319776535,0.5100293159484863,0.35567882657051086,0.04016384482383728,0.5384947061538696,0.2479531466960907,0.004699240438640118,0.5491111278533936,0.2664591073989868,-0.013297761790454388,0.5605118870735168,0.3818873465061188,-0.006516235414892435,0.5408389568328857,0.38521355390548706,0.00632903166115284,0.49874892830848694,0.3158694803714752,0.03821513056755066,0.5482727289199829,0.3327828347682953,-0.009855828247964382,0.5473750233650208,0.33537614345550537,-0.010782962664961815,0.5466926097869873,0.33863842487335205,-0.011988273821771145,0.5462647676467896,0.34268614649772644,-0.011471420526504517,0.5460159182548523,0.3517007827758789,-0.00750298798084259,0.5397434830665588,0.33475109934806824,-0.005465488415211439,0.5385289788246155,0.3344128429889679,-0.005530297290533781,0.5374913215637207,0.33384591341018677,-0.00548556400462985,0.5329586267471313,0.3295923173427582,-0.0040400465950369835,0.51057368516922,0.31375306844711304,0.008816034533083439,0.5487459301948547,0.25879034399986267,-0.008089657872915268,0.5445187091827393,0.2438325583934784,0.0016867943340912461,0.540769636631012,0.24493423104286194,0.0037543768994510174,0.5409880876541138,0.3349200189113617,-0.004803466610610485,0.5111162662506104,0.33406680822372437,0.0164475180208683,0.5496548414230347,0.24336302280426025,-0.0055284579284489155,0.5429667234420776,0.3610335886478424,-0.004760097712278366,0.5581678152084351,0.2672676146030426,-0.023547615855932236,0.5528289079666138,0.26152393221855164,-0.017034608870744705,0.5578048825263977,0.2592445909976959,-0.018284382298588753,0.5457749962806702,0.2798115909099579,-0.013440294191241264,0.5602559447288513,0.3735763132572174,-0.009396488778293133,0.5599355697631836,0.3632126748561859,-0.008821569383144379,0.5512999892234802,0.36374175548553467,-0.007889896631240845,0.5301833152770996,0.34907710552215576,0.0011064618593081832,0.5356101989746094,0.3034764528274536,-0.003875255584716797,0.5361850261688232,0.3563300669193268,-0.001760621671564877,0.5224511027336121,0.3041757643222809,-0.0016414569690823555,0.5305970907211304,0.31260034441947937,-0.0035648418124765158,0.518265426158905,0.3186250627040863,0.002172304317355156,0.5496534109115601,0.37393224239349365,-0.00795615091919899,0.5426536798477173,0.28516077995300293,-0.009578774683177471,0.5256485342979431,0.35600849986076355,0.006426291540265083,0.5330600738525391,0.36358004808425903,0.002415860304608941,0.5253610610961914,0.3397873342037201,0.002345021814107895,0.505412757396698,0.3249898850917816,0.021915631368756294,0.5185016989707947,0.34186723828315735,0.00821558479219675,0.5027217864990234,0.3322826623916626,0.03502040356397629,0.5265406370162964,0.32446616888046265,-0.0015569335082545877,0.5457999110221863,0.2727130949497223,-0.009451920166611671,0.5468440651893616,0.29478463530540466,-0.02213682048022747,0.5436022877693176,0.2976981997489929,-0.0161203071475029,0.5490831732749939,0.28883859515190125,-0.026131508871912956,0.5398561954498291,0.23741793632507324,-9.071102977031842e-05,0.530113160610199,0.23332306742668152,-0.0012789374450221658,0.5217036008834839,0.23339398205280304,-0.0010017815511673689,0.5149219036102295,0.2361290454864502,0.00133771903347224,0.5103194117546082,0.24075661599636078,0.005003578029572964,0.5080206990242004,0.2551359236240387,0.013813547790050507,0.4930206835269928,0.279487669467926,0.03899125009775162,0.5130113959312439,0.2661159336566925,0.009160367771983147,0.5189266800880432,0.267876535654068,0.005663642659783363,0.5264350771903992,0.2669464647769928,0.0033195624127984047,0.5334535241127014,0.2639487087726593,0.0024052278604358435,0.5389169454574585,0.26029741764068604,0.002256068866699934,0.5426960587501526,0.25703272223472595,0.0019852358382195234,0.4917978048324585,0.28126075863838196,0.06072885915637016,0.543804407119751,0.30011463165283203,-0.013375106267631054,0.5494245886802673,0.27350062131881714,-0.017804963514208794,0.550747275352478,0.29455167055130005,-0.026529649272561073,0.5537124276161194,0.29866617918014526,-0.0243866927921772,0.5507737398147583,0.2961580157279968,-0.02381986565887928,0.5454369783401489,0.30257293581962585,-0.011516398750245571,0.5547370910644531,0.2992269992828369,-0.025898687541484833,0.55525803565979,0.3013176918029785,-0.019363073632121086,0.5423051118850708,0.25042569637298584,0.004785493016242981,0.5455552935600281,0.25209155678749084,0.0013969892170280218,0.5475049614906311,0.2533436417579651,-0.002656986704096198,0.5154501795768738,0.24967476725578308,0.007881656289100647,0.511466383934021,0.24698901176452637,0.00814487598836422,0.5627447962760925,0.2683521807193756,-0.021518124267458916,0.5959823727607727,0.24820980429649353,0.009726154617965221,0.5638869404792786,0.2994751036167145,-0.019289055839180946,0.6172130107879639,0.21552997827529907,0.03860139846801758,0.5812307000160217,0.2565702497959137,0.0033518762793391943,0.5866196751594543,0.25713083148002625,0.003859567688778043,0.5917686820030212,0.2564167380332947,0.005566900596022606,0.5983734726905823,0.2511574923992157,0.010597444139420986,0.576643168926239,0.2544415593147278,0.003842210629954934,0.5878907442092896,0.23206903040409088,0.0014764703810214996,0.5817744731903076,0.2330954521894455,0.001405123621225357,0.5935473442077637,0.2335004359483719,0.003523006336763501,0.597267210483551,0.2367168664932251,0.005972810089588165,0.6031633019447327,0.25642386078834534,0.013469573110342026,0.5796687602996826,0.36688125133514404,-0.0021868960466235876,0.5977860689163208,0.2455996423959732,0.011679169721901417,0.6194376945495605,0.25262007117271423,0.039548467844724655,0.6092788577079773,0.2509741485118866,0.01952248252928257,0.5854146480560303,0.2896578013896942,-0.002670563757419586,0.5651602745056152,0.3217630088329315,-0.016038838773965836,0.5645042657852173,0.329588919878006,-0.013602597638964653,0.5718530416488647,0.32510557770729065,-0.012830237857997417,0.5761781930923462,0.32893192768096924,-0.009062744677066803,0.5697004795074463,0.33039364218711853,-0.011512195691466331,0.5738094449043274,0.33185502886772156,-0.007954109460115433,0.582736611366272,0.3409000039100647,-0.0014292551204562187,0.563611626625061,0.29458850622177124,-0.029141215607523918,0.5640500783920288,0.28637459874153137,-0.030707482248544693,0.6043816804885864,0.23150882124900818,0.008204379118978977,0.5740050673484802,0.2693493664264679,-0.003227624110877514,0.5754976868629456,0.2928464710712433,-0.01501960214227438,0.5756466388702393,0.2886655032634735,-0.013234555721282959,0.6021066308021545,0.28882861137390137,0.004930458497256041,0.5634092092514038,0.2764945328235626,-0.02709619142115116,0.5906323790550232,0.22358940541744232,-0.0021048407070338726,0.5985991358757019,0.22601887583732605,0.0025792261585593224,0.6115226745605469,0.1997763216495514,0.02736261859536171,0.5671443939208984,0.23198559880256653,-0.007595788687467575,0.576620876789093,0.23685620725154877,0.0030005243606865406,0.5868235230445862,0.33371439576148987,0.0005242224433459342,0.6137057542800903,0.33250513672828674,0.05220288410782814,0.5714797377586365,0.2977260947227478,-0.012996592558920383,0.5671960115432739,0.3004627525806427,-0.013907207176089287,0.5812566876411438,0.33539292216300964,-0.0003418589476495981,0.5799297094345093,0.33505314588546753,-0.002041185274720192,0.6013711094856262,0.22071713209152222,0.005715549923479557,0.5755975246429443,0.2968539893627167,-0.012008467689156532,0.580237090587616,0.22504600882530212,-0.005600231233984232,0.5808173418045044,0.21822211146354675,-0.006531556602567434,0.5879591107368469,0.179544597864151,0.0049233948811888695,0.6074262857437134,0.208592027425766,0.014827696606516838,0.5845062732696533,0.1966501921415329,-0.0012875475222244859,0.6075408458709717,0.22780859470367432,0.01343696378171444,0.6135395169258118,0.22110265493392944,0.0249794889241457,0.5650047659873962,0.3259859085083008,-0.01552623137831688,0.5707923173904419,0.3279842436313629,-0.012517709285020828,0.5750463008880615,0.33043432235717773,-0.009053143672645092,0.5701162815093994,0.2994087338447571,-0.01198936440050602,0.58058100938797,0.33524221181869507,-0.0012640543282032013,0.5780430436134338,0.3357921242713928,-0.005121141206473112,0.5791947245597839,0.33483415842056274,-0.002246636664494872,0.5691891312599182,0.29457196593284607,-0.020759684965014458,0.5728309750556946,0.3327319622039795,-0.006850500125437975,0.5687726140022278,0.3319339156150818,-0.009037598967552185,0.5639817714691162,0.3318518400192261,-0.01090166810899973,0.5663361549377441,0.3530711233615875,-0.00796834472566843,0.565589427947998,0.3436584174633026,-0.013122395612299442,0.5651541352272034,0.3390985131263733,-0.013601204380393028,0.5645878911018372,0.33508986234664917,-0.012141875922679901,0.5638649463653564,0.3320263624191284,-0.011445537209510803,0.5727453231811523,0.33279192447662354,-0.007229608483612537,0.5738714337348938,0.33439868688583374,-0.008124466985464096,0.5750676393508911,0.33655741810798645,-0.009141607210040092,0.5760784149169922,0.3391089141368866,-0.008288362063467503,0.5808861255645752,0.3191676735877991,-0.006812249310314655,0.6194630861282349,0.29161152243614197,0.06243835389614105,0.5758466720581055,0.33375340700149536,-0.0044628893956542015,0.5768811702728271,0.3346859812736511,-0.00507356459274888,0.5656388401985168,0.303832471370697,-0.014291951432824135,0.5735720992088318,0.3021007180213928,-0.008128426969051361,0.5663833618164062,0.3022075295448303,-0.014221734367311,0.5799903273582458,0.2742486298084259,-0.001278886222280562,0.5891862511634827,0.2795516848564148,0.00047392884152941406,0.5765374898910522,0.2926420271396637,-0.0100976238027215,0.6021601557731628,0.18741272389888763,0.015312439762055874,0.5981060266494751,0.20006342232227325,0.006278353743255138,0.5921814441680908,0.21692442893981934,-0.0007476004539057612,0.5784443020820618,0.345397412776947,-0.004411808215081692,0.5682944655418396,0.22083991765975952,-0.009612053632736206,0.5709648728370667,0.19656231999397278,-0.0057564545422792435,0.572874903678894,0.17633575201034546,-0.0012631816789507866,0.5960257053375244,0.2546182870864868,0.008197114802896976,0.6095125079154968,0.26232582330703735,0.01671759970486164,0.5735970139503479,0.2523966431617737,0.004611217882484198,0.6028639674186707,0.24076977372169495,0.011186727322638035,0.5700078010559082,0.26378950476646423,-0.005274507682770491,0.572340190410614,0.2894837260246277,-0.02050662226974964,0.6152068972587585,0.2682252824306488,0.023056088015437126,0.6057558655738831,0.26812106370925903,0.011327498592436314,0.5987194180488586,0.2713831663131714,0.005794067867100239,0.5882684588432312,0.27060291171073914,0.002969856606796384,0.5805289149284363,0.26737135648727417,0.0016061156056821346,0.5746833682060242,0.2635500133037567,2.4937200578278862e-05,0.5626684427261353,0.25260835886001587,-0.011175488121807575,0.614477276802063,0.28603729605674744,0.021011801436543465,0.6071904897689819,0.24014639854431152,0.014086299575865269,0.561815619468689,0.2992058992385864,-0.026565836742520332,0.5736529231071472,0.2770095765590668,-0.005734619218856096,0.6209056377410889,0.2529028058052063,0.05942610651254654,0.5701868534088135,0.25918617844581604,-0.0008116503013297915,0.5768647193908691,0.2935652732849121,-0.004434220027178526,0.6001260280609131,0.246156707406044,0.01282518170773983,0.5722858905792236,0.2844483256340027,-0.018249958753585815,0.6174148321151733,0.31191807985305786,0.058993756771087646,0.5734897255897522,0.24947236478328705,0.006110627669841051,0.567909836769104,0.27952367067337036,-0.02370554208755493,0.6025515794754028,0.3497130870819092,0.02028779685497284,0.6022108197212219,0.359626829624176,0.03056453727185726,0.6190199851989746,0.2887795865535736,0.04153289645910263,0.6091030836105347,0.33909592032432556,0.028265172615647316,0.6167019009590149,0.23560041189193726,0.03397713974118233,0.5810413360595703,0.3749084770679474,0.000963901518844068,0.5611549615859985,0.3013562560081482,-0.019286738708615303,0.5786083936691284,0.283267080783844,-0.0037119477055966854,0.6143643856048584,0.2527703046798706,0.025421861559152603,0.5909748673439026,0.2516859769821167,0.0060938624665141106,0.5864316821098328,0.25251156091690063,0.004537145607173443,0.579130232334137,0.33714666962623596,-0.004156508482992649,0.6133426427841187,0.3031232953071594,0.02211446315050125,0.5715341567993164,0.38596850633621216,0.002220937516540289,0.5872516632080078,0.3762247562408447,0.014166873879730701,0.5942129492759705,0.369607150554657,0.021280888468027115,0.5819398760795593,0.2520110607147217,0.004196915775537491,0.5776914358139038,0.2507920265197754,0.004907920956611633,0.5749239921569824,0.2501968741416931,0.0060306088998913765,0.6110864877700806,0.23839077353477478,0.020075786858797073,0.5780336856842041,0.24237990379333496,0.004120314959436655,0.582425594329834,0.23937255144119263,0.003163473214954138,0.5870563387870789,0.23867768049240112,0.0035412185825407505,0.5917596817016602,0.2399563193321228,0.005066247656941414,0.5947001576423645,0.2421664595603943,0.007046327460557222,0.6199508905410767,0.2322380393743515,0.05047300457954407,0.5939725637435913,0.25002923607826233,0.008040846325457096,0.5758081674575806,0.3141501843929291,-0.009302059188485146,0.5715755224227905,0.2961599826812744,-0.015074299648404121,0.5661585330963135,0.3113357722759247,-0.014347629621624947,0.5954309701919556,0.36003032326698303,0.013822709210216999,0.5884365439414978,0.36760786175727844,0.007613183930516243,0.5718207359313965,0.38022157549858093,-0.0048897759988904,0.6084437966346741,0.3482654094696045,0.041876018047332764,0.5749165415763855,0.2466256022453308,0.0052863359451293945,0.5665465593338013,0.26519933342933655,-0.013037794269621372,0.5799230933189392,0.38182854652404785,0.0070013245567679405,0.6171202063560486,0.3074228763580322,0.03996172174811363,0.5686717629432678,0.3320430815219879,-0.009520149789750576,0.5697729587554932,0.3345194160938263,-0.010443218052387238,0.5707123279571533,0.337706059217453,-0.011655466631054878,0.5714750289916992,0.34173762798309326,-0.01112151239067316,0.5730144381523132,0.3496202230453491,-0.007017618510872126,0.5771444439888,0.33344918489456177,-0.004815178457647562,0.5783052444458008,0.33296430110931396,-0.004817853681743145,0.5793384313583374,0.3322693705558777,-0.004708472173660994,0.5848615765571594,0.32589033246040344,-0.0031906021758913994,0.6063328981399536,0.3070589005947113,0.01025452371686697,0.5662118792533875,0.2575569748878479,-0.0078078280203044415,0.5688222646713257,0.24336114525794983,0.0020116667728871107,0.5724185705184937,0.24394528567790985,0.004212997388094664,0.5758982300758362,0.3337651491165161,-0.004194379318505526,0.6067783236503601,0.3270939886569977,0.017895899713039398,0.5637280941009521,0.24349762499332428,-0.005341603420674801,0.576574981212616,0.35839301347732544,-0.004253642167896032,0.5627557039260864,0.2607782483100891,-0.01689997874200344,0.570554792881012,0.27804282307624817,-0.013119562529027462,0.5685501098632812,0.3624124526977539,-0.0076530249789357185,0.5884961485862732,0.34471628069877625,0.0019937509205192327,0.5814528465270996,0.3003268539905548,-0.003306094789877534,0.5829409956932068,0.35269737243652344,-0.0010767574422061443,0.5943602323532104,0.299241840839386,-0.0006239998620003462,0.5867866277694702,0.30873191356658936,-0.0027891527861356735,0.5991513133049011,0.3129722476005554,0.0033403055276721716,0.5708086490631104,0.3723164498806,-0.007664247415959835,0.5737826824188232,0.2829211950302124,-0.009193265810608864,0.5934958457946777,0.35079100728034973,0.007471432443708181,0.5865179896354675,0.3593544363975525,0.003198683727532625,0.5928717255592346,0.3349010646343231,0.0034574142191559076,0.6118442416191101,0.3173576891422272,0.02351546287536621,0.5998874306678772,0.3358505368232727,0.009495479986071587,0.6144136190414429,0.3241710960865021,0.036686647683382034,0.5911976099014282,0.3199520707130432,-0.0005637902650050819,0.5699448585510254,0.2709827423095703,-0.009093967266380787,0.5708307027816772,0.2930378019809723,-0.021790316328406334,0.5739027261734009,0.29550835490226746,-0.01577593944966793,0.5684710144996643,0.2874118387699127,-0.025806184858083725,0.5724338889122009,0.23621739447116852,0.00037686736322939396,0.5810058116912842,0.23048850893974304,-0.000507722666952759,0.5888503789901733,0.22911259531974792,-1.772582072590012e-05,0.5954957604408264,0.2306671440601349,0.0025322670117020607,0.6002346873283386,0.23445755243301392,0.006287251133471727,0.6040606498718262,0.24861104786396027,0.015207039192318916,0.6200063228607178,0.27052730321884155,0.04090675339102745,0.6002492308616638,0.2601434588432312,0.01040067058056593,0.5947961211204529,0.262834370136261,0.006758933421224356,0.5876266360282898,0.2632482647895813,0.004207401070743799,0.5807523131370544,0.261517196893692,0.0030696154572069645,0.5753955841064453,0.2587961256504059,0.0027344124391674995,0.5716215968132019,0.25607430934906006,0.0023518733214586973,0.6203934550285339,0.2722974717617035,0.06299032270908356,0.5736604332923889,0.29797691106796265,-0.013033729046583176,0.5668545365333557,0.2722357511520386,-0.017557095736265182,0.5672008395195007,0.2933385968208313,-0.026297956705093384,0.5643054842948914,0.29789018630981445,-0.02424708381295204,0.5671325325965881,0.295015811920166,-0.023594968020915985,0.572076678276062,0.30068445205688477,-0.011230211704969406,0.5634185671806335,0.2985951900482178,-0.02577425166964531,0.5627478361129761,0.30074843764305115,-0.019280850887298584,0.5715157389640808,0.24978725612163544,0.005188324488699436,0.5685376524925232,0.25159892439842224,0.001669956254772842,0.5666654109954834,0.25291958451271057,-0.0024060611613094807,0.5963903069496155,0.24397340416908264,0.009076119400560856,0.5998044013977051,0.24080480635166168,0.009410178288817406,0.5258517265319824,0.2480003982782364,0.0052648079581558704,0.531880259513855,0.24719636142253876,0.0052648079581558704,0.5251924991607666,0.2405964732170105,0.0052648079581558704,0.5197464227676392,0.248749241232872,0.0052648079581558704,0.5264438986778259,0.25534582138061523,0.0052648079581558704,0.5861658453941345,0.24439160525798798,0.006163955200463533,0.5919045805931091,0.24433672428131104,0.006163955200463533,0.5860662460327148,0.23670485615730286,0.006163955200463533,0.5804623365402222,0.24437522888183594,0.006163955200463533,0.5863178968429565,0.252146452665329,0.006163955200463533
200.00000000000003,0.5583595633506775,0.32168424129486084,-0.016985423862934113,0.5599675178527832,0.2925860583782196,-0.02972930110991001,0.5596460700035095,0.3017675578594208,-0.01594511605799198,0.5544100403785706,0.2664640247821808,-0.021615345031023026,0.5598076581954956,0.283994197845459,-0.03144374117255211,0.5594004988670349,0.2733288109302521,-0.02890552394092083,0.5583178997039795,0.2482808530330658,-0.013297488912940025,0.5171683430671692,0.25131797790527344,0.00867005717009306,0.5576881766319275,0.23048336803913116,-0.009368178434669971,0.5573890805244446,0.21922045946121216,-0.010272272862493992,0.5561829209327698,0.17448468506336212,-0.002348188776522875,0.5584133267402649,0.32462528347969055,-0.01638656109571457,0.5584543943405151,0.32776567339897156,-0.014525777660310268,0.5585479736328125,0.32998502254486084,-0.011668608523905277,0.5584789514541626,0.3301052153110504,-0.012463643215596676,0.5586047172546387,0.3333241939544678,-0.013154983520507812,0.5587286949157715,0.3372645378112793,-0.014552896842360497,0.5588638782501221,0.3415876626968384,-0.014099630527198315,0.5600903034210205,0.3505430221557617,-0.009000830352306366,0.5599660873413086,0.2972297668457031,-0.026983609423041344,0.5548081398010254,0.2977412939071655,-0.019462738186120987,0.49291807413101196,0.22196805477142334,0.036676742136478424,0.5333503484725952,0.2566559910774231,0.0028214200865477324,0.5277051329612732,0.25832852721214294,0.0031088755931705236,0.5222406387329102,0.25853338837623596,0.004624399356544018,0.5150548219680786,0.25465092062950134,0.009424884803593159,0.5381752848625183,0.25364649295806885,0.0034812670201063156,0.5240654945373535,0.23400108516216278,0.0006747233564965427,0.530689537525177,0.23394764959812164,0.0008961387793533504,0.5181633234024048,0.23641346395015717,0.002494514686986804,0.5144698619842529,0.24023640155792236,0.004871147684752941,0.5105484127998352,0.2604511082172394,0.012159157544374466,0.5407428741455078,0.3678625524044037,-0.0036581933964043856,0.5151223540306091,0.24918554723262787,0.010544979944825172,0.4928699731826782,0.259230375289917,0.037671130150556564,0.5037669539451599,0.25579726696014404,0.018028704449534416,0.5317590236663818,0.29072096943855286,-0.003485701512545347,0.5515007972717285,0.3202532231807709,-0.01630181260406971,0.5524644255638123,0.3278144299983978,-0.013834403827786446,0.5447830557823181,0.32382863759994507,-0.01329790148884058,0.540369987487793,0.32778120040893555,-0.00972452200949192,0.5472395420074463,0.32886314392089844,-0.011879436671733856,0.5430072546005249,0.33048415184020996,-0.008498928509652615,0.5358067154884338,0.3415054678916931,-0.002573462901636958,0.555427610874176,0.2927711009979248,-0.029272256419062614,0.5545365810394287,0.28463438153266907,-0.0308279637247324,0.5064941644668579,0.23611772060394287,0.006812756415456533,0.5421772003173828,0.2690652906894684,-0.0036469779442995787,0.5424906015396118,0.2926778197288513,-0.01548812072724104,0.5419664978981018,0.28850433230400085,-0.013681243173778057,0.5145915746688843,0.2921532988548279,0.003516798373311758,0.5544723868370056,0.27470558881759644,-0.02722061425447464,0.5200610756874084,0.22543466091156006,-0.0030783957336097956,0.5119646787643433,0.22949589788913727,0.0012975117424502969,0.4986199140548706,0.20536619424819946,0.025732949376106262,0.5457171201705933,0.22964903712272644,-0.007728050462901592,0.5365592241287231,0.23666547238826752,0.0027228244580328465,0.5313303470611572,0.3348841071128845,-0.0007214148063212633,0.5035674571990967,0.338715136051178,0.049755360931158066,0.5467684268951416,0.2970151901245117,-0.013407568447291851,0.5512513518333435,0.29909390211105347,-0.014181111939251423,0.5353610515594482,0.33429211378097534,-0.001396274659782648,0.5367195010185242,0.33390483260154724,-0.002933135721832514,0.5086959004402161,0.22497695684432983,0.0043936134316027164,0.542353093624115,0.2965851426124573,-0.012490347027778625,0.531216561794281,0.2249327301979065,-0.006137557793408632,0.5299708843231201,0.21849565207958221,-0.007051968481391668,0.5228821039199829,0.18172979354858398,0.004351350013166666,0.5039030313491821,0.21384954452514648,0.013434356078505516,0.5273483395576477,0.19855758547782898,-0.001789152156561613,0.5029610991477966,0.23309850692749023,0.011934377253055573,0.49781060218811035,0.2271069884300232,0.023450704291462898,0.5518351793289185,0.3243440091609955,-0.015750231221318245,0.546006441116333,0.3265533149242401,-0.012922982685267925,0.5416406989097595,0.329180508852005,-0.00963819120079279,0.5480935573577881,0.2984652817249298,-0.012331589125096798,0.5360649228096008,0.3341153860092163,-0.002212915336713195,0.5387281775474548,0.3345913290977478,-0.005996084772050381,0.5374653935432434,0.3336804211139679,-0.0031276980880647898,0.5493139028549194,0.29357224702835083,-0.02110498584806919,0.5440301895141602,0.33133575320243835,-0.007404217962175608,0.5482138991355896,0.33034732937812805,-0.009436674416065216,0.5531122088432312,0.3299720287322998,-0.011160658672451973,0.5534542798995972,0.35096022486686707,-0.008955152705311775,0.5520853996276855,0.3414727449417114,-0.013928859494626522,0.5521905422210693,0.33709272742271423,-0.014296678826212883,0.5525096654891968,0.3331587612628937,-0.012708840891718864,0.5530493855476379,0.33010804653167725,-0.011936883442103863,0.5439730882644653,0.33139798045158386,-0.00795290619134903,0.5429777503013611,0.3330703675746918,-0.008914006873965263,0.5418559908866882,0.33523404598236084,-0.009968303143978119,0.5409764051437378,0.33775997161865234,-0.00919358804821968,0.5372257232666016,0.3195509612560272,-0.007553092669695616,0.49453574419021606,0.29837489128112793,0.0600220151245594,0.5598260760307312,0.29939258098602295,-0.019766580313444138,0.5408197045326233,0.3324607014656067,-0.005264617037028074,0.5398319363594055,0.3334588408470154,-0.0059018987230956554,0.5530046820640564,0.30219271779060364,-0.014562821947038174,0.5444796681404114,0.3014650046825409,-0.008528867736458778,0.5521961450576782,0.3006725311279297,-0.014501309022307396,0.5362937450408936,0.2746807038784027,-0.001919277012348175,0.5273144245147705,0.2811030447483063,-0.00048809783766046166,0.5411360263824463,0.29250943660736084,-0.010584219358861446,0.5083020329475403,0.19162264466285706,0.014142639003694057,0.5133979916572571,0.20394743978977203,0.005304722581058741,0.5179246068000793,0.21943333745002747,-0.0016659050015732646,0.540574312210083,0.3453811705112457,-0.005536919459700584,0.5434608459472656,0.21896085143089294,-0.009736570529639721,0.5412296056747437,0.19647565484046936,-0.0058012185618281364,0.5382617712020874,0.17646369338035583,-0.0012561060721054673,0.5176836252212524,0.25751298666000366,0.007092402782291174,0.5047538876533508,0.2669178247451782,0.015219170600175858,0.5413593649864197,0.2509635388851166,0.004314748104661703,0.509160578250885,0.2451080083847046,0.009916940703988075,0.5460487604141235,0.2630214989185333,-0.005575616378337145,0.5457776188850403,0.28890499472618103,-0.02089386247098446,0.4992600083351135,0.2738768458366394,0.021276114508509636,0.5089864730834961,0.2722721993923187,0.009911580942571163,0.5165024399757385,0.27444612979888916,0.004642365034669638,0.5272418856620789,0.2718362510204315,0.002126214327290654,0.5350527763366699,0.26734092831611633,0.0010270669590681791,0.5409073829650879,0.2625429034233093,-0.000382638827431947,0.5530797839164734,0.25084710121154785,-0.011227468028664589,0.5013898611068726,0.29142242670059204,0.019172687083482742,0.5046419501304626,0.24497970938682556,0.012631764635443687,0.5572357773780823,0.2971712648868561,-0.026704514399170876,0.5430628657341003,0.2766566276550293,-0.006130297668278217,0.49039432406425476,0.25991377234458923,0.05710489675402641,0.5452882051467896,0.25747400522232056,-0.0010475694434717298,0.5406923890113831,0.2934468686580658,-0.0048515633679926395,0.5127764940261841,0.2500722408294678,0.011586896143853664,0.5453982353210449,0.28389644622802734,-0.01861826702952385,0.49824103713035583,0.3185301423072815,0.05649969354271889,0.5413748621940613,0.24802619218826294,0.005805358290672302,0.5498204827308655,0.27838364243507385,-0.02397051267325878,0.5166558623313904,0.3542732298374176,0.01844893768429756,0.5172856450080872,0.36460769176483154,0.02842007391154766,0.4960041046142578,0.29527854919433594,0.0395335778594017,0.5093785524368286,0.3444783091545105,0.02630901336669922,0.49490654468536377,0.24188721179962158,0.0322611965239048,0.5397824048995972,0.37651243805885315,-0.0006093244883231819,0.557703971862793,0.29922178387641907,-0.019404320046305656,0.5382586121559143,0.28348129987716675,-0.004255893174558878,0.4989602565765381,0.2577435076236725,0.02377568930387497,0.522585928440094,0.25369566679000854,0.005201147869229317,0.5274194478988647,0.2536971867084503,0.003806973109021783,0.5377075672149658,0.3359786868095398,-0.00511558260768652,0.503517210483551,0.3084242343902588,0.020271535962820053,0.549896240234375,0.38622283935546875,0.0006718768272548914,0.5333895683288574,0.3793487250804901,0.012308169156312943,0.5260140895843506,0.37368497252464294,0.0193010363727808,0.5567296147346497,0.19574597477912903,-0.0068354299291968346,0.56101393699646,0.38631999492645264,-0.0008175352122634649,0.5322083830833435,0.25230538845062256,0.003612506901845336,0.5367568731307983,0.25020498037338257,0.00444507971405983,0.5398219227790833,0.24899575114250183,0.005655003245919943,0.5005050301551819,0.24385638535022736,0.018527217209339142,0.5357637405395508,0.24257294833660126,0.0036590120289474726,0.5307016372680664,0.24081984162330627,0.0025469243992120028,0.5257557034492493,0.2410534769296646,0.0027359293308109045,0.5209028720855713,0.24308127164840698,0.004120441619306803,0.5179810523986816,0.24561616778373718,0.006036168895661831,0.49047109484672546,0.23907390236854553,0.048307668417692184,0.5193573832511902,0.2526509165763855,0.007033294998109341,0.5596773028373718,0.30869370698928833,-0.01491983886808157,0.5425559282302856,0.31385549902915955,-0.009934768080711365,0.5466979146003723,0.2954694330692291,-0.015417743474245071,0.5525814890861511,0.30976176261901855,-0.01468116044998169,0.5579642653465271,0.23943552374839783,-0.009084313176572323,0.5243680477142334,0.36370357871055603,0.012075822800397873,0.5318170785903931,0.3704201579093933,0.005962294992059469,0.5494727492332458,0.3801974952220917,-0.006243519019335508,0.5101814270019531,0.35395747423171997,0.03955456614494324,0.5395584106445312,0.2457083910703659,0.004919559694826603,0.5499909520149231,0.2639029026031494,-0.013202866539359093,0.5609393119812012,0.3800541162490845,-0.007527073845267296,0.541132926940918,0.3836798071861267,0.0052530462853610516,0.49918296933174133,0.31372693181037903,0.03792775794863701,0.5481665730476379,0.33047398924827576,-0.010160345584154129,0.5471963286399841,0.33299392461776733,-0.011153291910886765,0.5464338064193726,0.3361572325229645,-0.012414531782269478,0.5459559559822083,0.3400525152683258,-0.011964626610279083,0.5464115738868713,0.34870409965515137,-0.0081452252343297,0.539574384689331,0.33226269483566284,-0.00558354752138257,0.5382800102233887,0.33186256885528564,-0.005656336899846792,0.5371759533882141,0.33124756813049316,-0.005614770110696554,0.5331395864486694,0.3268006443977356,-0.004206335172057152,0.5109928250312805,0.31119489669799805,0.008565370924770832,0.5496513247489929,0.25625374913215637,-0.007977333851158619,0.5454650521278381,0.24145323038101196,0.0019495155429467559,0.5417962670326233,0.2426149845123291,0.003994134720414877,0.5409001111984253,0.3324826657772064,-0.004919460508972406,0.51130211353302,0.33173975348472595,0.016067422926425934,0.5505315661430359,0.24079731106758118,-0.005312223918735981,0.5433375239372253,0.35852617025375366,-0.00553868105635047,0.5590307712554932,0.2647486925125122,-0.023461325094103813,0.5537168979644775,0.2589694559574127,-0.01693444885313511,0.558677077293396,0.2567126154899597,-0.018167875707149506,0.5466049313545227,0.2772379517555237,-0.013392290100455284,0.5606883764266968,0.3714096248149872,-0.010395199991762638,0.5603650212287903,0.36059901118278503,-0.009749067947268486,0.5517184734344482,0.3611360490322113,-0.008815337903797626,0.5304070115089417,0.346505731344223,0.0006322534172795713,0.5362212657928467,0.3008281886577606,-0.003975701052695513,0.5364958047866821,0.35384318232536316,-0.002386275213211775,0.5230005383491516,0.30150532722473145,-0.0018238055054098368,0.5310653448104858,0.3099399209022522,-0.003712631296366453,0.5185935497283936,0.3160274624824524,0.0019358749268576503,0.550041675567627,0.3717626631259918,-0.008954603224992752,0.5434201955795288,0.2825603187084198,-0.009555579163134098,0.5258369445800781,0.3537660837173462,0.005849797744303942,0.5333324670791626,0.3614642918109894,0.0016805022023618221,0.5255436301231384,0.33715495467185974,0.0019730902276933193,0.5057162642478943,0.32268184423446655,0.02159872278571129,0.5186702609062195,0.33945801854133606,0.007806087844073772,0.5030146837234497,0.33021748065948486,0.03462297096848488,0.5267711281776428,0.32176318764686584,-0.0017852985765784979,0.5466459393501282,0.2701444625854492,-0.009374176152050495,0.5476037859916687,0.29226353764533997,-0.0221771989017725,0.544277012348175,0.2951251268386841,-0.016178442165255547,0.5499047636985779,0.2863171398639679,-0.026176461949944496,0.5407814383506775,0.23503230512142181,0.00018837240349967033,0.5310297608375549,0.23095259070396423,-0.0010736319236457348,0.5226038098335266,0.23103924095630646,-0.0008787513361312449,0.5157908797264099,0.23381498456001282,0.0014071164187043905,0.5111633539199829,0.2384347766637802,0.005056900437921286,0.5088826417922974,0.25285372138023376,0.013854502700269222,0.493574857711792,0.27716776728630066,0.03890582546591759,0.5138091444969177,0.26363250613212585,0.00921014416962862,0.5196902751922607,0.2653600573539734,0.0057154386304318905,0.5272140502929688,0.2644864022731781,0.003391435369849205,0.5342889428138733,0.2615342140197754,0.002560478402301669,0.5398253798484802,0.2578285336494446,0.002398597775027156,0.5436446666717529,0.25451308488845825,0.002161856507882476,0.49215808510780334,0.27916577458381653,0.0605805478990078,0.5444464087486267,0.2975175082683563,-0.013441212475299835,0.5502927899360657,0.27094584703445435,-0.01774459518492222,0.5515373349189758,0.2920662760734558,-0.026563631370663643,0.5544792413711548,0.2962144911289215,-0.02443242073059082,0.5515429377555847,0.29368558526039124,-0.02385861426591873,0.5460717678070068,0.2999618351459503,-0.011594819836318493,0.5555174350738525,0.29678231477737427,-0.02594548463821411,0.5560096502304077,0.2988707721233368,-0.01942547596991062,0.5433565974235535,0.24801893532276154,0.005004740785807371,0.5465238690376282,0.24958103895187378,0.0016017259331420064,0.5484355092048645,0.25069430470466614,-0.0025055832229554653,0.516390323638916,0.24749986827373505,0.00798163004219532,0.5123054385185242,0.2447068989276886,0.008232027292251587,0.5635766386985779,0.2658753991127014,-0.021402010694146156,0.5969234108924866,0.24635879695415497,0.010153787210583687,0.5647091865539551,0.2970542907714844,-0.01931535080075264,0.6178120374679565,0.21396611630916595,0.039329349994659424,0.581763505935669,0.254547119140625,0.003748272079974413,0.5872979164123535,0.25507330894470215,0.0042526633478701115,0.5925387740135193,0.25437963008880615,0.005960190203040838,0.5992648005485535,0.24942108988761902,0.011009790934622288,0.5770192742347717,0.25245657563209534,0.0041804127395153046,0.5888743996620178,0.23035065829753876,0.0018968210788443685,0.5825510025024414,0.2312978357076645,0.001828520791605115,0.5946752429008484,0.23183013498783112,0.003929263446480036,0.5984312891960144,0.235079824924469,0.006391217466443777,0.6039876937866211,0.2547101676464081,0.01387060433626175,0.5801935791969299,0.36499348282814026,-0.0028783793095499277,0.5987475514411926,0.24393746256828308,0.012100666761398315,0.6200253963470459,0.25114256143569946,0.040021445602178574,0.61008220911026,0.24951356649398804,0.01994776353240013,0.586033284664154,0.2874181270599365,-0.0024993782863020897,0.5651833415031433,0.3198365867137909,-0.016055939719080925,0.5645206570625305,0.3274662494659424,-0.013607842847704887,0.5721156001091003,0.3230462670326233,-0.012800243683159351,0.5765885710716248,0.3267076909542084,-0.008987156674265862,0.5698851346969604,0.32825320959091187,-0.011458639986813068,0.5741009712219238,0.3296332061290741,-0.007868900895118713,0.583246111869812,0.3383482098579407,-0.0015390990301966667,0.5644400715827942,0.2921733260154724,-0.029142986983060837,0.5648826360702515,0.2839314639568329,-0.030677471309900284,0.6057981848716736,0.22993113100528717,0.00861798133701086,0.5746721625328064,0.2670024633407593,-0.0030070412904024124,0.5763341188430786,0.29041653871536255,-0.014942875131964684,0.576446533203125,0.28623586893081665,-0.013127567246556282,0.6027128100395203,0.286731481552124,0.0051949527114629745,0.5642412900924683,0.2740330696105957,-0.02702176384627819,0.5921223163604736,0.22155126929283142,-0.0017507410375401378,0.600140392780304,0.22424036264419556,0.002932508010417223,0.6121232509613037,0.1981234848499298,0.028116829693317413,0.5680870413780212,0.2295002043247223,-0.007313159294426441,0.577187180519104,0.2349608987569809,0.0034203098621219397,0.5874361395835876,0.33125177025794983,0.0005438071675598621,0.6142405271530151,0.3314632773399353,0.05217656493186951,0.5723220109939575,0.2952818274497986,-0.012939664535224438,0.5680189728736877,0.29800981283187866,-0.01394567172974348,0.5818015336990356,0.332900732755661,-0.00025403514155186713,0.5804371237754822,0.3326376676559448,-0.0019421675242483616,0.6029452681541443,0.21907161176204681,0.006139654200524092,0.576425313949585,0.2943991422653198,-0.011947688646614552,0.5815160870552063,0.22276510298252106,-0.005261181853711605,0.5822430849075317,0.21595482528209686,-0.006158425007015467,0.5887312889099121,0.17765089869499207,0.005664111580699682,0.6080394983291626,0.2070399522781372,0.015374119393527508,0.5852691531181335,0.19484227895736694,-0.0007528150454163551,0.608864426612854,0.22640694677829742,0.013896165415644646,0.6141427159309387,0.2196108102798462,0.02555014379322529,0.5650180578231812,0.3239351212978363,-0.015525154769420624,0.5710150003433228,0.3258614242076874,-0.012469821609556675,0.5753957629203796,0.3281984329223633,-0.008968519978225231,0.5709551572799683,0.2969452142715454,-0.011987628415226936,0.5811015963554382,0.33279064297676086,-0.0011721921619027853,0.5785582065582275,0.33338382840156555,-0.0051503474824130535,0.5796709656715393,0.33246123790740967,-0.00216603628359735,0.5700197219848633,0.2921641170978546,-0.02071380987763405,0.5731124877929688,0.33050957322120667,-0.006780731957405806,0.5689433813095093,0.3297707140445709,-0.00900760293006897,0.5640114545822144,0.32966873049736023,-0.010932156816124916,0.5667179226875305,0.35008737444877625,-0.008698742836713791,0.5657456517219543,0.3410138487815857,-0.013662811368703842,0.5652808547019958,0.33663398027420044,-0.014018645510077477,0.5646885633468628,0.33274486660957336,-0.012454234063625336,0.5639444589614868,0.3297765552997589,-0.011691597290337086,0.5730799436569214,0.33057844638824463,-0.007318016607314348,0.5742700099945068,0.3321116268634796,-0.008266424760222435,0.5755370259284973,0.33416780829429626,-0.009319920092821121,0.5766040682792664,0.33658963441848755,-0.008491123095154762,0.5815428495407104,0.3167511224746704,-0.006725342944264412,0.6200217008590698,0.29050371050834656,0.06269961595535278,0.5762720108032227,0.33146587014198303,-0.00445873336866498,0.5773542523384094,0.3323499262332916,-0.005098151508718729,0.5664047002792358,0.3014015257358551,-0.014347687363624573,0.574351966381073,0.2996373772621155,-0.008106754161417484,0.5671798586845398,0.29976773262023926,-0.014272358268499374,0.580609917640686,0.2719484269618988,-0.0010529315331950784,0.5897746682167053,0.27732741832733154,0.0006880434812046587,0.5773240327835083,0.29020828008651733,-0.01000115368515253,0.6028135418891907,0.18565252423286438,0.016068972647190094,0.5987551808357239,0.19843202829360962,0.006825229153037071,0.5937663316726685,0.21497216820716858,-0.0003169335541315377,0.578891396522522,0.34274739027023315,-0.004697049967944622,0.5694617629051208,0.218357115983963,-0.00928413961082697,0.5718487501144409,0.19454821944236755,-0.005259139928966761,0.5737753510475159,0.17429381608963013,-0.0005867332802154124,0.5968571305274963,0.2526974081993103,0.008594733662903309,0.6102173328399658,0.2606058716773987,0.01712336204946041,0.573858380317688,0.25038743019104004,0.00494108721613884,0.6039906144142151,0.2392180860042572,0.01161906961351633,0.5707105994224548,0.261418879032135,-0.005068779923021793,0.5731556415557861,0.2870873510837555,-0.020431140437722206,0.6157808899879456,0.26649317145347595,0.023450378328561783,0.6065453290939331,0.2661573886871338,0.01170829962939024,0.5995318293571472,0.26921120285987854,0.006156348157674074,0.5889936089515686,0.2684217393398285,0.0032643931917846203,0.5811160802841187,0.2652394473552704,0.0018900525756180286,0.575161874294281,0.2613900303840637,0.0002793955209199339,0.5634981989860535,0.2501663565635681,-0.011007021181285381,0.6150633096694946,0.28426238894462585,0.0213361494243145,0.6082764863967896,0.23870031535625458,0.01453366782516241,0.5626243352890015,0.29679742455482483,-0.0265885628759861,0.5743638873100281,0.2746478021144867,-0.005535460542887449,0.6215168833732605,0.2516159415245056,0.05996658653020859,0.570641279220581,0.25692346692085266,-0.0005603982135653496,0.5776134133338928,0.2911411225795746,-0.0043072085827589035,0.6010827422142029,0.24455443024635315,0.013244724832475185,0.5730724930763245,0.2820470333099365,-0.01814577728509903,0.6179445385932922,0.31088703870773315,0.05910748988389969,0.5736790895462036,0.24746859073638916,0.0064641013741493225,0.5687046051025391,0.27710622549057007,-0.023615393787622452,0.6032410860061646,0.348208487033844,0.020092405378818512,0.6027902960777283,0.3584511876106262,0.030251188203692436,0.619580864906311,0.28737103939056396,0.041833627969026566,0.6097932457923889,0.3376728296279907,0.02819799818098545,0.6172952651977539,0.23409348726272583,0.03451363742351532,0.5816155672073364,0.37335968017578125,0.00019823834009002894,0.5619493126869202,0.29895272850990295,-0.019335219636559486,0.5792787075042725,0.2809467613697052,-0.0035202661529183388,0.6149564385414124,0.2513749301433563,0.025873497128486633,0.591840922832489,0.24958714842796326,0.006517314352095127,0.5871998071670532,0.2504155933856964,0.004944307263940573,0.5796895027160645,0.33463844656944275,-0.004182091448456049,0.6139757633209229,0.3014328181743622,0.02234606072306633,0.5719895362854004,0.3844873905181885,0.0011839511571452022,0.5877730250358582,0.3749837875366211,0.013468817807734013,0.5947681069374084,0.36839917302131653,0.020776784047484398,0.582542359828949,0.24998511373996735,0.004582138732075691,0.5781025290489197,0.24883291125297546,0.005271023605018854,0.5751884579658508,0.24823980033397675,0.006378118880093098,0.6120269894599915,0.23714101314544678,0.02055029198527336,0.5784984230995178,0.24066931009292603,0.0045350403524935246,0.5830962657928467,0.2378198802471161,0.003567079547792673,0.5878614187240601,0.23715414106845856,0.003952950704842806,0.5926558971405029,0.23842844367027283,0.005479183979332447,0.595646321773529,0.2406071424484253,0.007475109770894051,0.620560884475708,0.23078343272209167,0.0511237271130085,0.5948894023895264,0.24803084135055542,0.008463350124657154,0.5764642357826233,0.31171226501464844,-0.009276107884943485,0.5724214315414429,0.293730765581131,-0.015025489032268524,0.5668287873268127,0.3088727295398712,-0.014416993595659733,0.5960781574249268,0.3585200011730194,0.013437158428132534,0.5890611410140991,0.36612752079963684,0.007028331980109215,0.5723149180412292,0.3784898519515991,-0.0058167497627437115,0.6090096235275269,0.3471482992172241,0.04171893373131752,0.5751994252204895,0.24471260607242584,0.00566100375726819,0.5673240423202515,0.26277562975883484,-0.012865742668509483,0.5804169774055481,0.3804891109466553,0.006121108308434486,0.6176822185516357,0.3060707747936249,0.04014914482831955,0.5688917636871338,0.3298558294773102,-0.009685278870165348,0.5700477957725525,0.3322382867336273,-0.010677044279873371,0.5710484385490417,0.3353006839752197,-0.011943859979510307,0.5718531608581543,0.33916595578193665,-0.011472740210592747,0.5734105706214905,0.3468027710914612,-0.007509041577577591,0.5775421857833862,0.33112722635269165,-0.0047159320674836636,0.5787555575370789,0.3306088149547577,-0.004710596054792404,0.5798494219779968,0.32989269495010376,-0.004595333710312843,0.5855374932289124,0.32344722747802734,-0.0030818304512649775,0.607014536857605,0.3051522374153137,0.010426557622849941,0.5669688582420349,0.2551591694355011,-0.007615460082888603,0.5692691802978516,0.24113571643829346,0.0023645965848118067,0.5727481245994568,0.24190084636211395,0.004578336142003536,0.5762752890586853,0.33146998286247253,-0.004101356957107782,0.6075028777122498,0.3253750801086426,0.01792450249195099,0.5644124746322632,0.24105191230773926,-0.005070152692496777,0.5770283937454224,0.35608971118927,-0.004871733020991087,0.5635893940925598,0.2582969069480896,-0.016757812350988388,0.5712912082672119,0.2756534814834595,-0.012969768606126308,0.5689796209335327,0.35990381240844727,-0.008504291996359825,0.589031994342804,0.3425113260746002,0.0018041178118437529,0.5821244716644287,0.2979816496372223,-0.003204567823559046,0.5834092497825623,0.3505052328109741,-0.001485198619775474,0.595020055770874,0.2970700263977051,-0.00048281019553542137,0.5874357223510742,0.3064511716365814,-0.002680205274373293,0.5998691320419312,0.310901403427124,0.003471160074695945,0.5712814331054688,0.3702494502067566,-0.008566422387957573,0.5745214223861694,0.2805350720882416,-0.009044471196830273,0.5940901637077332,0.34893256425857544,0.007195394020527601,0.5870673060417175,0.3575384020805359,0.0026950568426400423,0.5934976935386658,0.3327046036720276,0.0034263976849615574,0.6125105023384094,0.315748929977417,0.023641029372811317,0.6005630493164062,0.3339410722255707,0.009451610967516899,0.6150205135345459,0.32283592224121094,0.03675051033496857,0.5919002294540405,0.31767621636390686,-0.000479006179375574,0.5706775784492493,0.26859602332115173,-0.00890552718192339,0.5716628432273865,0.2906358242034912,-0.02173575572669506,0.5747502446174622,0.2930821478366852,-0.01572519540786743,0.569297730922699,0.28500595688819885,-0.025774069130420685,0.5730893611907959,0.23401644825935364,0.0007823972846381366,0.5819913744926453,0.2284354418516159,-0.00011230689415242523,0.5900830030441284,0.22721712291240692,0.0003610434359870851,0.5968340635299683,0.22891320288181305,0.00290910666808486,0.6015459299087524,0.2328191101551056,0.006682432256639004,0.6049414277076721,0.24705705046653748,0.01562196109443903,0.620578408241272,0.2690807580947876,0.0413125641644001,0.6010773181915283,0.25827303528785706,0.010803475975990295,0.5955667495727539,0.2607921063899994,0.007123052142560482,0.5883073210716248,0.2611723244190216,0.004539542365819216,0.5812902450561523,0.2594725489616394,0.003426730167120695,0.5757856965065002,0.2567519247531891,0.0030311790760606527,0.5719477534294128,0.25395601987838745,0.002653573639690876,0.6209741234779358,0.27112165093421936,0.06341157108545303,0.5745000243186951,0.29552850127220154,-0.012991100549697876,0.5676329731941223,0.2698151469230652,-0.01741682179272175,0.5680336356163025,0.290932834148407,-0.026274463161826134,0.5651237964630127,0.2954828441143036,-0.02425890974700451,0.5679541230201721,0.29261645674705505,-0.023571839556097984,0.572896420955658,0.2982167601585388,-0.011211728677153587,0.5642327070236206,0.29619091749191284,-0.025793736800551414,0.5635526776313782,0.2983347773551941,-0.019318711012601852,0.5717289447784424,0.24772009253501892,0.005517677869647741,0.5688678622245789,0.24939192831516266,0.001970163080841303,0.5671567916870117,0.25056326389312744,-0.0021714158356189728,0.5973545908927917,0.2423604279756546,0.00949805323034525,0.6009226441383362,0.23920714855194092,0.009839865379035473,0.5269790291786194,0.24603021144866943,0.005423379130661488,0.5329768657684326,0.24528491497039795,0.005423379130661488,0.5263843536376953,0.23867692053318024,0.005423379130661488,0.5208995342254639,0.2467268705368042,0.005423379130661488,0.5275115966796875,0.25334036350250244,0.005423379130661488,0.586746096611023,0.24242770671844482,0.006565201561897993,0.5928269624710083,0.24235481023788452,0.006565201561897993,0.5866619348526001,0.234836608171463,0.006565201561897993,0.5806713104248047,0.2424260526895523,0.006565201561897993,0.5868749618530273,0.25007668137550354,0.006565201561897993
233.33333333333337,0.5586526989936829,0.32167288661003113,-0.017270252108573914,0.5589495897293091,0.29244890809059143,-0.030005045235157013,0.5587225556373596,0.30185139179229736,-0.016134316101670265,0.5534929037094116,0.26638031005859375,-0.02177559584379196,0.5588083267211914,0.2838332951068878,-0.031726863235235214,0.5584675073623657,0.27320560812950134,-0.029173431918025017,0.5575832724571228,0.24824264645576477,-0.013412803411483765,0.5168144702911377,0.2508256435394287,0.009002571925520897,0.557022750377655,0.23011067509651184,-0.009448458440601826,0.5567485094070435,0.21880808472633362,-0.010353941470384598,0.5558843016624451,0.1747911423444748,-0.0025164110120385885,0.5587055087089539,0.3247867226600647,-0.016683032736182213,0.5586697459220886,0.32802051305770874,-0.014810733497142792,0.558643102645874,0.33024248480796814,-0.011950968764722347,0.5585252046585083,0.33031150698661804,-0.012341434136033058,0.5586426258087158,0.3336750864982605,-0.013019884005188942,0.5587282180786133,0.3378099501132965,-0.014330814592540264,0.5588048696517944,0.3423556089401245,-0.01371086947619915,0.5592929720878601,0.3522798418998718,-0.008399481885135174,0.5589650869369507,0.2971407175064087,-0.02724284864962101,0.5538431406021118,0.297687828540802,-0.01963089220225811,0.49311500787734985,0.22221100330352783,0.03736988827586174,0.5329400897026062,0.2565155625343323,0.0029578700195997953,0.5273046493530273,0.2580764889717102,0.003317850176244974,0.5218617916107178,0.258253812789917,0.004899152088910341,0.5147235989570618,0.254224956035614,0.009796438738703728,0.5377527475357056,0.2536478638648987,0.003578353440389037,0.5237351655960083,0.23367547988891602,0.0009289186564274132,0.530339777469635,0.23367759585380554,0.0010556941851973534,0.5178927183151245,0.23605629801750183,0.0028241325635463,0.514229953289032,0.23987993597984314,0.005233132280409336,0.5101508498191833,0.2601754367351532,0.012575295753777027,0.5397086143493652,0.3682655990123749,-0.002844918519258499,0.5147691369056702,0.24867329001426697,0.010921290144324303,0.49269649386405945,0.25928646326065063,0.038368187844753265,0.5034119486808777,0.2554876208305359,0.018549438565969467,0.5308467149734497,0.2908308804035187,-0.0033123367466032505,0.5516932606697083,0.32003718614578247,-0.016476815566420555,0.552605152130127,0.32794326543807983,-0.014025726355612278,0.5449003577232361,0.32371172308921814,-0.01332393754273653,0.5404091477394104,0.3277253210544586,-0.009574598632752895,0.54726243019104,0.3288922607898712,-0.011943814344704151,0.5429180264472961,0.3304441273212433,-0.008402342908084393,0.5348918437957764,0.34230536222457886,-0.0019720152486115694,0.5543814897537231,0.2926025092601776,-0.029510634019970894,0.5534790754318237,0.2844717502593994,-0.031063226982951164,0.5063310861587524,0.23587903380393982,0.0073044756427407265,0.5413565039634705,0.26913806796073914,-0.0035921696107834578,0.5414464473724365,0.2926417589187622,-0.015542076900601387,0.5409232378005981,0.2884937524795532,-0.013720376417040825,0.5137876272201538,0.2922748327255249,0.003919399343430996,0.5534859299659729,0.27457621693611145,-0.027423763647675514,0.5197916030883789,0.22520165145397186,-0.0027625446673482656,0.5117699503898621,0.22923657298088074,0.0017321293707937002,0.4986487925052643,0.20558735728263855,0.026307297870516777,0.5452356934547424,0.22967123985290527,-0.007708341348916292,0.5361840724945068,0.23647260665893555,0.0028109042905271053,0.5305082201957703,0.3354026973247528,-0.00019439587777014822,0.5031889081001282,0.3386740982532501,0.05065581202507019,0.5457665324211121,0.2970212697982788,-0.013493327423930168,0.5502803325653076,0.29915544390678406,-0.014298281632363796,0.5351939797401428,0.33431941270828247,-0.0009446631884202361,0.5365317463874817,0.33387336134910583,-0.0025308849290013313,0.5085340738296509,0.22467882931232452,0.004843727219849825,0.541338324546814,0.29663369059562683,-0.012531942687928677,0.5308566689491272,0.22477766871452332,-0.005970960482954979,0.5296009182929993,0.21823933720588684,-0.006891035940498114,0.5225757956504822,0.18196070194244385,0.00454796152189374,0.5035852789878845,0.21373066306114197,0.013951185159385204,0.526745080947876,0.19845110177993774,-0.0015851653879508376,0.5028284192085266,0.23276863992214203,0.012467055581510067,0.49765077233314514,0.2270364761352539,0.024054618552327156,0.552041232585907,0.3243606388568878,-0.015937091782689095,0.5461013317108154,0.3265484869480133,-0.01296925451606512,0.5416343212127686,0.32916030287742615,-0.009517255239188671,0.5471065640449524,0.2985197603702545,-0.012408586218953133,0.5358849763870239,0.3341085612773895,-0.0017896563513204455,0.538569986820221,0.33466771245002747,-0.005515335593372583,0.5372645258903503,0.33362147212028503,-0.002721579745411873,0.5482794642448425,0.29343628883361816,-0.021230679005384445,0.5438486337661743,0.3312912881374359,-0.007324923761188984,0.5481451749801636,0.33038032054901123,-0.009506265632808208,0.5531416535377502,0.3301389217376709,-0.011347629129886627,0.5524404644966125,0.35262298583984375,-0.008286114782094955,0.5520163774490356,0.34216561913490295,-0.013459423556923866,0.552193284034729,0.33754777908325195,-0.013946685008704662,0.5525344610214233,0.33344465494155884,-0.012459028512239456,0.5530321598052979,0.3302309513092041,-0.011712153442203999,0.5437877774238586,0.3313824534416199,-0.007566545158624649,0.5428235530853271,0.33312803506851196,-0.008491497486829758,0.5417345762252808,0.3354087471961975,-0.009492318145930767,0.5408557057380676,0.33809542655944824,-0.0086597241461277,0.5363417267799377,0.3198767304420471,-0.0073500461876392365,0.494449257850647,0.29839539527893066,0.06090047210454941,0.5588570237159729,0.29937371611595154,-0.019982539117336273,0.5406093001365662,0.3324418067932129,-0.00482261274009943,0.539657473564148,0.333465576171875,-0.005441287998110056,0.5520268082618713,0.3022860288619995,-0.014675119891762733,0.5435044765472412,0.301614373922348,-0.008564888499677181,0.5512234568595886,0.3007453680038452,-0.014618158340454102,0.5354438424110413,0.2747635245323181,-0.0017868551658466458,0.5264556407928467,0.2812071740627289,-0.0002345205721212551,0.5401179790496826,0.2925623655319214,-0.01060508657246828,0.508132815361023,0.1918419450521469,0.014548861421644688,0.5129034519195557,0.2038031369447708,0.005672527942806482,0.5176597833633423,0.21909858286380768,-0.001352651626802981,0.5395733118057251,0.34644967317581177,-0.0048753744922578335,0.5430091619491577,0.21883462369441986,-0.009711181744933128,0.5406455993652344,0.19645029306411743,-0.005752292927354574,0.5379234552383423,0.17673444747924805,-0.0012618687469512224,0.5173287987709045,0.25715917348861694,0.007428185548633337,0.5042212009429932,0.26675930619239807,0.01570262387394905,0.5409151315689087,0.25104811787605286,0.004385646898299456,0.5089361667633057,0.24477531015872955,0.010361839085817337,0.5452439785003662,0.2630675435066223,-0.005562343634665012,0.5447039008140564,0.28877294063568115,-0.021002385765314102,0.49873027205467224,0.27391067147254944,0.021865813061594963,0.5084686875343323,0.27219158411026,0.010340197011828423,0.5159761905670166,0.2744966149330139,0.004976998548954725,0.5267170071601868,0.27195751667022705,0.002365530002862215,0.534512996673584,0.26750171184539795,0.0011728164972737432,0.5403435230255127,0.26276180148124695,-0.00030298857018351555,0.552308201789856,0.25080621242523193,-0.011283290572464466,0.500738263130188,0.2914638817310333,0.019762229174375534,0.5044208765029907,0.24464711546897888,0.01315234787762165,0.5562187433242798,0.2970609664916992,-0.026932109147310257,0.5421693921089172,0.2766953408718109,-0.006120864301919937,0.49056321382522583,0.260087251663208,0.05792784318327904,0.5447059273719788,0.25773176550865173,-0.0010199453681707382,0.5397287011146545,0.293548583984375,-0.004837822634726763,0.512484610080719,0.2496165931224823,0.011992844752967358,0.5443506240844727,0.28380635380744934,-0.018715208396315575,0.497952938079834,0.3184763789176941,0.05738810449838638,0.5409117341041565,0.24808292090892792,0.005885855294764042,0.548790454864502,0.2782682180404663,-0.024118680506944656,0.5160856246948242,0.3542395830154419,0.01922828145325184,0.5167974829673767,0.3644257187843323,0.029313061386346817,0.49554240703582764,0.2952587902545929,0.040256280452013016,0.5088574290275574,0.3444579243659973,0.027068883180618286,0.49478358030319214,0.24191348254680634,0.03292718157172203,0.5388215184211731,0.376590371131897,0.0002178145368816331,0.5567291378974915,0.2991906702518463,-0.019601885229349136,0.5373552441596985,0.28355327248573303,-0.004190538078546524,0.49861639738082886,0.2574496567249298,0.024367699399590492,0.5222163796424866,0.2532905042171478,0.005462129134684801,0.5270184874534607,0.25335177779197693,0.004018544219434261,0.5375531911849976,0.33615177869796753,-0.00461144233122468,0.502861738204956,0.3084327280521393,0.020886002108454704,0.5489422082901001,0.38631075620651245,0.001544121652841568,0.5325878262519836,0.37914907932281494,0.013251284137368202,0.5253708362579346,0.3734458088874817,0.020223168656229973,0.5562360882759094,0.1957811713218689,-0.00693355081602931,0.5601354241371155,0.3865334391593933,-5.9450016124174e-05,0.5317963361740112,0.2520696520805359,0.0037743288557976484,0.5363430380821228,0.2501141428947449,0.004569308832287788,0.5393865704536438,0.24900977313518524,0.005758053157478571,0.5003149509429932,0.24347993731498718,0.019104618579149246,0.5353363752365112,0.2423064112663269,0.003783561522141099,0.5302903652191162,0.24035044014453888,0.002727542072534561,0.5253303050994873,0.24049480259418488,0.002974223578348756,0.5204909443855286,0.2425023913383484,0.004418524913489819,0.5175905823707581,0.24506302177906036,0.006361640989780426,0.49070319533348083,0.23931628465652466,0.049076274037361145,0.5190054774284363,0.2522016167640686,0.007340410724282265,0.5588027238845825,0.30898502469062805,-0.015111778862774372,0.5415967702865601,0.3141452372074127,-0.009858869016170502,0.5456816554069519,0.29541897773742676,-0.015510041266679764,0.5516214370727539,0.3100500702857971,-0.014764809049665928,0.5572941303253174,0.2392801195383072,-0.009178156033158302,0.5236747860908508,0.363660991191864,0.012898843735456467,0.5309933423995972,0.37036845088005066,0.006803384982049465,0.5484651327133179,0.38050398230552673,-0.005455041769891977,0.5097625255584717,0.35388368368148804,0.0404399111866951,0.5391066074371338,0.2456604540348053,0.0050232200883328915,0.5491173267364502,0.2638850212097168,-0.013275640085339546,0.5600309371948242,0.3804643154144287,-0.006842964794486761,0.5402036905288696,0.3836088180541992,0.006180961616337299,0.4986230731010437,0.313691109418869,0.03865738585591316,0.5480586886405945,0.33049601316452026,-0.009851654060184956,0.547112762928009,0.3331455886363983,-0.010800300166010857,0.5463717579841614,0.33646780252456665,-0.011980465613305569,0.5458680391311646,0.3405921459197998,-0.011436869390308857,0.5453341007232666,0.3500845432281494,-0.00745503231883049,0.5394256114959717,0.33218467235565186,-0.005315103102475405,0.5382006168365479,0.3318173289299011,-0.005356295499950647,0.5371521711349487,0.3312148451805115,-0.005302752368152142,0.5323513746261597,0.3272041380405426,-0.0038364920765161514,0.5102865695953369,0.31126832962036133,0.009092513471841812,0.5488625764846802,0.2562590539455414,-0.008003948256373405,0.5450046062469482,0.24147838354110718,0.0019481034250929952,0.5413662195205688,0.24259278178215027,0.004056817851960659,0.540657103061676,0.33239495754241943,-0.0046631223522126675,0.5107191801071167,0.33179980516433716,0.016722796484827995,0.5499698519706726,0.2409699410200119,-0.005352253094315529,0.5422760844230652,0.35935789346694946,-0.0047525884583592415,0.5581629276275635,0.26466742157936096,-0.023684047162532806,0.5528625249862671,0.2589235007762909,-0.017041830345988274,0.5578717589378357,0.25667548179626465,-0.018327267840504646,0.5456434488296509,0.27721086144447327,-0.013465642929077148,0.559787392616272,0.37215083837509155,-0.00969077367335558,0.5595126748085022,0.3618124723434448,-0.009083002805709839,0.5506767630577087,0.3622465133666992,-0.008059597574174404,0.5295405387878418,0.34697213768959045,0.0013182079419493675,0.5353003144264221,0.3009892404079437,-0.0038404979277402163,0.5355075597763062,0.3544434607028961,-0.0016243295976892114,0.5221776366233826,0.3016470968723297,-0.00148897769395262,0.5302266478538513,0.310152143239975,-0.0034356615506112576,0.5178970098495483,0.31615808606147766,0.00239098584279418,0.5489882826805115,0.3724077343940735,-0.008156750351190567,0.5424590110778809,0.282566636800766,-0.009584695100784302,0.5250450372695923,0.35395562648773193,0.006607061717659235,0.5324034094810486,0.36168843507766724,0.0024850270710885525,0.5247664451599121,0.3374810814857483,0.0025791642256081104,0.5051161050796509,0.3226813077926636,0.02225155010819435,0.5179808735847473,0.33961570262908936,0.008461595512926579,0.5024625658988953,0.3301919102668762,0.035377684980630875,0.5260608196258545,0.3220292925834656,-0.0013620596146211028,0.5457668304443359,0.270158052444458,-0.009408426471054554,0.5465458631515503,0.2921149432659149,-0.022301748394966125,0.5432449579238892,0.2950809895992279,-0.01625928282737732,0.5488322973251343,0.2861449420452118,-0.026325706392526627,0.5403767228126526,0.23494328558444977,0.00023539572430308908,0.5306851863861084,0.2307717353105545,-0.0009079338633455336,0.5223056077957153,0.23080363869667053,-0.0005965179298073053,0.5155574679374695,0.233527272939682,0.001781559200026095,0.5109710693359375,0.23814767599105835,0.005487037356942892,0.508576512336731,0.25248634815216064,0.01430869847536087,0.4932672679424286,0.27717864513397217,0.03962365537881851,0.5134100914001465,0.26341086626052856,0.009577867574989796,0.5192736983299255,0.2652398347854614,0.006023332476615906,0.5267750024795532,0.26441872119903564,0.0036215493455529213,0.5338307619094849,0.26153647899627686,0.0026882183738052845,0.5393437147140503,0.25793135166168213,0.0024815150536596775,0.5431421995162964,0.2546757757663727,0.0021971468813717365,0.49223923683166504,0.2792675793170929,0.061445750296115875,0.5434386134147644,0.29754236340522766,-0.013508892618119717,0.5493481159210205,0.2708838880062103,-0.01785808801651001,0.5504791736602783,0.2918836176395416,-0.026748506352305412,0.5534864664077759,0.2961004972457886,-0.024632222950458527,0.5505226850509644,0.29352790117263794,-0.024026304483413696,0.5450829267501831,0.3000620901584625,-0.011661679483950138,0.5545033812522888,0.29666775465011597,-0.02616359479725361,0.5550414323806763,0.2988317012786865,-0.019605889916419983,0.5428974032402039,0.24812442064285278,0.005041714292019606,0.5460128784179688,0.24974513053894043,0.0015995893627405167,0.5478572845458984,0.25093117356300354,-0.0025144685059785843,0.5160174369812012,0.24696876108646393,0.008333096280694008,0.5120607614517212,0.2443164438009262,0.008618514984846115,0.5627727508544922,0.2658287286758423,-0.021682342514395714,0.5964781641960144,0.24625732004642487,0.009610944427549839,0.5637910962104797,0.297091543674469,-0.019573910161852837,0.618060290813446,0.21461957693099976,0.03852764144539833,0.5815417170524597,0.2543318569660187,0.0033173321280628443,0.5869938135147095,0.2550000846385956,0.0037792730145156384,0.5921961665153503,0.2543798089027405,0.0054468391463160515,0.5988649725914001,0.24930021166801453,0.010447237640619278,0.5768912434577942,0.252067893743515,0.0038350489921867847,0.5883680582046509,0.23015430569648743,0.00144338293466717,0.5822159051895142,0.2310418337583542,0.001430540345609188,0.5940487384796143,0.23165366053581238,0.0034435121342539787,0.5977702736854553,0.23489557206630707,0.005872736219316721,0.6036884188652039,0.25471991300582886,0.013277573511004448,0.5796273350715637,0.36566680669784546,-0.0024974148254841566,0.5983119606971741,0.24374762177467346,0.011559258215129375,0.6201126575469971,0.25172483921051025,0.03934841975569725,0.6098212599754333,0.24949371814727783,0.019335636869072914,0.5856236219406128,0.2877678871154785,-0.0029338712338358164,0.5654911994934082,0.3196285665035248,-0.016392264515161514,0.5646613836288452,0.3276626467704773,-0.013961700722575188,0.5722482800483704,0.32288044691085815,-0.013163803145289421,0.5765356421470642,0.32669326663017273,-0.009296982549130917,0.5699002742767334,0.3283401429653168,-0.011829321272671223,0.5740209221839905,0.3296746015548706,-0.008173871785402298,0.5830165147781372,0.3393898010253906,-0.0015350572066381574,0.5634741187095642,0.29206955432891846,-0.029451711103320122,0.5639474987983704,0.2838175296783447,-0.03100244328379631,0.6050059795379639,0.2298588752746582,0.008055876940488815,0.5742372274398804,0.26719221472740173,-0.003335303161293268,0.5757023692131042,0.2905496060848236,-0.015339129604399204,0.5758892297744751,0.28637558221817017,-0.013523095287382603,0.6024101972579956,0.28725552558898926,0.004587224218994379,0.563379168510437,0.27393993735313416,-0.027343543246388435,0.5911619663238525,0.2216249406337738,-0.0021561174653470516,0.5991948246955872,0.22422128915786743,0.002457423834130168,0.6123252511024475,0.19869768619537354,0.027375126257538795,0.567421019077301,0.22965079545974731,-0.00752215925604105,0.5769814848899841,0.23462603986263275,0.003061817493289709,0.587173342704773,0.33204564452171326,0.00035902936360798776,0.6144688129425049,0.3319976031780243,0.051684387028217316,0.5716232061386108,0.29543477296829224,-0.013282112777233124,0.5672348737716675,0.2981688976287842,-0.01419295184314251,0.5814951062202454,0.3332032263278961,-0.00042498850962147117,0.5801365375518799,0.3328118622303009,-0.002091963542625308,0.6020057201385498,0.21898970007896423,0.005620051175355911,0.5758346319198608,0.2946177124977112,-0.012324069626629353,0.5806371569633484,0.22291478514671326,-0.005581000354140997,0.5812766551971436,0.21608689427375793,-0.006493253633379936,0.5886654853820801,0.1780618131160736,0.005139115732163191,0.6080725789070129,0.20732605457305908,0.014818834140896797,0.5850288271903992,0.1949411928653717,-0.0011183801107108593,0.608168363571167,0.2262887954711914,0.013303205370903015,0.6142332553863525,0.22000741958618164,0.024926863610744476,0.5652599930763245,0.3240123689174652,-0.015879184007644653,0.571095883846283,0.32588353753089905,-0.012836680747568607,0.5753418803215027,0.3282545506954193,-0.009276180528104305,0.5702400207519531,0.29713016748428345,-0.01227033045142889,0.5808050036430359,0.3330291509628296,-0.0013283538864925504,0.5782479643821716,0.3336697816848755,-0.005159709136933088,0.5793918967247009,0.33257392048835754,-0.002296633552759886,0.569205105304718,0.2921707034111023,-0.021074794232845306,0.5729455947875977,0.3305399715900421,-0.007082505617290735,0.5688767433166504,0.3298712372779846,-0.009366949088871479,0.5640438795089722,0.3298853933811188,-0.011285985819995403,0.5661748647689819,0.35182592272758484,-0.008187949657440186,0.5654990077018738,0.34175342321395874,-0.013365217484533787,0.5651202201843262,0.3371475338935852,-0.013851143419742584,0.5646041035652161,0.3330882489681244,-0.012385837733745575,0.5639132857322693,0.3299446702003479,-0.01164221204817295,0.5728440880775452,0.330644428730011,-0.007319658063352108,0.5739915370941162,0.3323044180870056,-0.00823224987834692,0.5752027034759521,0.3345167934894562,-0.00924217700958252,0.5762119889259338,0.3371160328388214,-0.008375022560358047,0.5810686945915222,0.31729206442832947,-0.007031519431620836,0.620305597782135,0.291095495223999,0.062055762857198715,0.575960099697113,0.33154115080833435,-0.004490664228796959,0.577053964138031,0.3325212895870209,-0.005113427992910147,0.5656209588050842,0.30157044529914856,-0.014593024738132954,0.5737663507461548,0.29991430044174194,-0.008415636606514454,0.5663927793502808,0.2999269664287567,-0.014516206458210945,0.5802422165870667,0.2722058594226837,-0.0014446391724050045,0.5894267559051514,0.2776966094970703,0.0002164370089303702,0.576801598072052,0.2904265820980072,-0.01038714312016964,0.602911651134491,0.1861492246389389,0.015420676209032536,0.5986925959587097,0.1986103504896164,0.006350744515657425,0.5927479267120361,0.2149878591299057,-0.0007599028758704662,0.57859867811203,0.34402939677238464,-0.004518392961472273,0.5686403512954712,0.21852415800094604,-0.009498636238276958,0.5714691877365112,0.19462643563747406,-0.005500094499439001,0.5735793709754944,0.17465731501579285,-0.0009520325111225247,0.5964876413345337,0.2526807487010956,0.008050852455198765,0.610027551651001,0.26079386472702026,0.016478044912219048,0.5738027691841125,0.24992109835147858,0.004622509237378836,0.6034070253372192,0.23906481266021729,0.011054844595491886,0.5702141523361206,0.26155349612236023,-0.0053583052940666676,0.5724195837974548,0.2870941758155823,-0.02081918716430664,0.6157275438308716,0.26705318689346313,0.022759540006518364,0.6062699556350708,0.2664431929588318,0.011075150221586227,0.5991964340209961,0.2695331871509552,0.005571621470153332,0.5886725187301636,0.26857268810272217,0.0027953763492405415,0.5808701515197754,0.2651897072792053,0.0014971202472224832,0.5749660134315491,0.2612323760986328,-3.7625177355948836e-05,0.5628321766853333,0.2501653730869293,-0.011189629323780537,0.6149795651435852,0.2848379611968994,0.02063661254942417,0.6077687740325928,0.23859834671020508,0.013940607197582722,0.5616458058357239,0.2967371344566345,-0.026876293122768402,0.5738814473152161,0.2748042047023773,-0.0058915624395012856,0.6217471361160278,0.252264142036438,0.05919652804732323,0.5704367160797119,0.25674745440483093,-0.0008366284309886396,0.5771468877792358,0.291406512260437,-0.004671236500144005,0.6006175875663757,0.24436914920806885,0.012692667543888092,0.5724232196807861,0.2820742726325989,-0.01852569542825222,0.6182765960693359,0.3114236295223236,0.05852353945374489,0.5736923217773438,0.24698173999786377,0.006146507803350687,0.567940354347229,0.2770705819129944,-0.023974301293492317,0.6028823852539062,0.34874260425567627,0.019908322021365166,0.6025539636611938,0.3588693141937256,0.030089756473898888,0.6197166442871094,0.2879384458065033,0.04116988554596901,0.6095938682556152,0.3382381498813629,0.02782255783677101,0.6173945665359497,0.2346106618642807,0.03386041894555092,0.5809569358825684,0.37373587489128113,0.0005674454150721431,0.5609956383705139,0.29895326495170593,-0.019571004435420036,0.5788550972938538,0.281190425157547,-0.003915709443390369,0.6148332357406616,0.2514646351337433,0.025217583402991295,0.5914154648780823,0.249572291970253,0.006010029464960098,0.5868213772773743,0.25032171607017517,0.004474414978176355,0.5793457627296448,0.33507421612739563,-0.0042045884765684605,0.6138779520988464,0.30199459195137024,0.021700076758861542,0.5712484121322632,0.3847311735153198,0.0017772788414731622,0.5872871279716492,0.3752213716506958,0.013734642416238785,0.5943835973739624,0.3686959743499756,0.020853137597441673,0.5822691321372986,0.24973875284194946,0.004163634497672319,0.5779582262039185,0.24841198325157166,0.004904662724584341,0.5751456618309021,0.24773965775966644,0.0060479845851659775,0.6116387844085693,0.23702044785022736,0.019926393404603004,0.5783700346946716,0.24019017815589905,0.0041532013565301895,0.5828481912612915,0.23741275072097778,0.003160196589305997,0.5874987244606018,0.2368493378162384,0.003503601998090744,0.5922166705131531,0.23818662762641907,0.004992849659174681,0.5951794981956482,0.24037574231624603,0.0069579784758389,0.6208053827285767,0.23146052658557892,0.050322026014328,0.5944445729255676,0.2479916512966156,0.007934099063277245,0.5759261250495911,0.31215769052505493,-0.009585305117070675,0.5716928243637085,0.2938380539417267,-0.015359144657850266,0.5661017894744873,0.3092302978038788,-0.014660181477665901,0.5956358909606934,0.3589865565299988,0.013480518013238907,0.5885093808174133,0.366500586271286,0.007253269664943218,0.5715445280075073,0.3789582848548889,-0.005285132210701704,0.6089927554130554,0.3476578891277313,0.04134611785411835,0.5751621723175049,0.24422197043895721,0.005319228861480951,0.5666710138320923,0.2628200650215149,-0.013140247203409672,0.5798042416572571,0.3807141184806824,0.006544799543917179,0.6178475022315979,0.3066340982913971,0.03954469412565231,0.5687594413757324,0.3299482464790344,-0.009674293920397758,0.5698408484458923,0.3324930965900421,-0.010625715367496014,0.5707612037658691,0.3357411324977875,-0.011824440211057663,0.5714876651763916,0.33981913328170776,-0.011270507238805294,0.5730376839637756,0.34833651781082153,-0.007174889091402292,0.5773509740829468,0.33118242025375366,-0.0049430495128035545,0.5785723924636841,0.3307238519191742,-0.004946264438331127,0.5796477794647217,0.3300245404243469,-0.004846357740461826,0.5851266384124756,0.32410621643066406,-0.0033581408206373453,0.6066975593566895,0.3057197034358978,0.009859581477940083,0.5663930773735046,0.2552220821380615,-0.007856744341552258,0.5690353512763977,0.24088776111602783,0.0021088409703224897,0.5726468563079834,0.24151553213596344,0.004272497724741697,0.5760366320610046,0.33146756887435913,-0.0043184892274439335,0.607205867767334,0.32597512006759644,0.01749633066356182,0.5639826655387878,0.24098272621631622,-0.005259368568658829,0.5765602588653564,0.3571302592754364,-0.004471792373806238,0.5628507137298584,0.2582906186580658,-0.016974391415715218,0.5706960558891296,0.2757163941860199,-0.013308081775903702,0.5683515667915344,0.36112165451049805,-0.007931426167488098,0.5887212157249451,0.34332650899887085,0.0018105534836649895,0.5816851258277893,0.2983599603176117,-0.0035601987037807703,0.5830623507499695,0.3513951897621155,-0.0012548791710287333,0.5945711135864258,0.2975737452507019,-0.0009430574136786163,0.5869759917259216,0.306950181722641,-0.0030274433083832264,0.5994073748588562,0.311484158039093,0.003018959891051054,0.5705657601356506,0.37103739380836487,-0.008009685203433037,0.5740177631378174,0.2806603014469147,-0.009402194060385227,0.5937132835388184,0.34957343339920044,0.0071973297744989395,0.5866140127182007,0.3581323027610779,0.0029154419898986816,0.5931552648544312,0.33340877294540405,0.0032128854654729366,0.6123837232589722,0.31631267070770264,0.02309228852391243,0.6002059578895569,0.33459046483039856,0.009183371439576149,0.6150793433189392,0.3233993649482727,0.036228518933057785,0.591434895992279,0.3182884454727173,-0.0008108780602924526,0.5701175332069397,0.26869648694992065,-0.009224624373018742,0.5708717703819275,0.2906341254711151,-0.022110050544142723,0.5740649700164795,0.2932058572769165,-0.01609220914542675,0.5684548616409302,0.28493732213974,-0.026128850877285004,0.5727109909057617,0.23389852046966553,0.00047721414011903107,0.5814083814620972,0.2283841371536255,-0.0004700037243310362,0.5893221497535706,0.22714917361736298,-5.257582597550936e-05,0.5960184931755066,0.22880342602729797,0.002443392761051655,0.6007810831069946,0.23268038034439087,0.006169663276523352,0.604582667350769,0.246948704123497,0.015047995373606682,0.6206697821617126,0.2696649134159088,0.040617913007736206,0.6007485389709473,0.2583406865596771,0.010214019566774368,0.5952531099319458,0.2609013319015503,0.006595327984541655,0.5880273580551147,0.26117751002311707,0.004080453887581825,0.5810756683349609,0.2593153417110443,0.003015093505382538,0.5756475329399109,0.25646311044692993,0.0027091309893876314,0.5718314051628113,0.25364112854003906,0.002359624020755291,0.6212212443351746,0.27174291014671326,0.06269785016775131,0.573847770690918,0.29571112990379333,-0.013341362588107586,0.5669273734092712,0.26981714367866516,-0.01773764006793499,0.5671371221542358,0.29087185859680176,-0.026616839691996574,0.5641921758651733,0.29547497630119324,-0.02455076389014721,0.5670791268348694,0.2925920784473419,-0.023902155458927155,0.5722422003746033,0.2984481453895569,-0.011522144079208374,0.5632728338241577,0.29615485668182373,-0.026085207238793373,0.5626192092895508,0.29836198687553406,-0.019564157351851463,0.5717045068740845,0.24726678431034088,0.005228381138294935,0.5687283277511597,0.2490915060043335,0.0017150492640212178,0.5668964982032776,0.25039029121398926,-0.002395386341959238,0.596895694732666,0.2421511709690094,0.00896960124373436,0.600318968296051,0.23901498317718506,0.009296722710132599,0.5266028046607971,0.24583956599235535,0.005647143814712763,0.5325512886047363,0.2451716959476471,0.005647143814712763,0.5260561108589172,0.23842260241508484,0.005647143814712763,0.5205700397491455,0.2464587241411209,0.005647143814712763,0.5270853042602539,0.25320935249328613,0.005647143814712763,0.5867235064506531,0.2422482669353485,0.006119261961430311,0.5925992727279663,0.2422344982624054,0.006119261961430311,0.5867074131965637,0.2345896065235138,0.006119261961430311,0.5808683633804321,0.24217891693115234,0.006119261961430311,0.5867857933044434,0.24996301531791687,0.006119261961430311
266.6666666666667,0.5589921474456787,0.32045891880989075,-0.017131367698311806,0.5604867339134216,0.2914130985736847,-0.029629426077008247,0.5600772500038147,0.30082786083221436,-0.015959249809384346,0.5550657510757446,0.2653892934322357,-0.021455256268382072,0.5603879690170288,0.2828032672405243,-0.03130565583705902,0.560039758682251,0.27219831943511963,-0.028736725449562073,0.5590578317642212,0.24733474850654602,-0.013066397979855537,0.5178959965705872,0.2500905394554138,0.008677918463945389,0.5584925413131714,0.22944825887680054,-0.009075608104467392,0.5582449436187744,0.21816840767860413,-0.009913915768265724,0.557314932346344,0.17382210493087769,-0.0018825622973963618,0.559043288230896,0.323397159576416,-0.01656132936477661,0.5590491890907288,0.3265637159347534,-0.014717238023877144,0.5591009259223938,0.3288397789001465,-0.011889711953699589,0.5590261220932007,0.3290524482727051,-0.012500140815973282,0.5591519474983215,0.3324144780635834,-0.013193617574870586,0.5592660307884216,0.33658602833747864,-0.014562588185071945,0.5593778491020203,0.3411303758621216,-0.014063475653529167,0.5603019595146179,0.35053402185440063,-0.008949433453381062,0.5604439377784729,0.29611584544181824,-0.02691207081079483,0.555290937423706,0.2966817021369934,-0.019442562013864517,0.4937899708747864,0.2212550938129425,0.03666785731911659,0.5341793298721313,0.25559791922569275,0.0028566792607307434,0.5285605192184448,0.257179319858551,0.003137898165732622,0.5230865478515625,0.2574010193347931,0.004639721009880304,0.5157698392868042,0.25347957015037537,0.009407718665897846,0.5389664769172668,0.2527625262737274,0.003536053467541933,0.5249014496803284,0.2328968644142151,0.000795678875874728,0.5314964652061462,0.2329709529876709,0.0010247635655105114,0.519002377986908,0.23520465195178986,0.0025911894626915455,0.5152852535247803,0.2389996498823166,0.004936235956847668,0.5112927556037903,0.2594031095504761,0.012093042023479939,0.5407695174217224,0.36739012598991394,-0.0037656412459909916,0.5157952308654785,0.24796822667121887,0.010547912679612637,0.49339258670806885,0.2584317624568939,0.03746996447443962,0.5044710636138916,0.2547757625579834,0.017953062430024147,0.5322455167770386,0.289865106344223,-0.0035465003456920385,0.5522351264953613,0.31901097297668457,-0.01643964648246765,0.5531303882598877,0.32661908864974976,-0.014030588790774345,0.5455995202064514,0.3229045867919922,-0.01345759816467762,0.5412231087684631,0.32705914974212646,-0.00989681575447321,0.5479578375816345,0.32783859968185425,-0.012081719003617764,0.5437581539154053,0.3296375274658203,-0.008703765459358692,0.5361023545265198,0.34118086099624634,-0.00273162592202425,0.5559485554695129,0.2915770411491394,-0.02918192744255066,0.5551038980484009,0.28343915939331055,-0.030699744820594788,0.5072735548019409,0.23490001261234283,0.006899446249008179,0.542759895324707,0.26819416880607605,-0.0036134649999439716,0.5429957509040833,0.2916547656059265,-0.0154929393902421,0.5424671769142151,0.28751417994499207,-0.013682086020708084,0.5150524377822876,0.2913452684879303,0.0033782836981117725,0.5550976991653442,0.2735646665096283,-0.02707175351679325,0.5209245085716248,0.22429969906806946,-0.00287096225656569,0.5127980709075928,0.22826944291591644,0.0014607724733650684,0.499641478061676,0.20457297563552856,0.02585069090127945,0.5465210676193237,0.2289380431175232,-0.007474707905203104,0.5373303294181824,0.23580090701580048,0.0028310581110417843,0.5316985845565796,0.33445626497268677,-0.0009131340775638819,0.5034598112106323,0.3383138179779053,0.04917104169726372,0.5472601652145386,0.2960313558578491,-0.013429989106953144,0.5517300367355347,0.298135370016098,-0.01419742964208126,0.5362047553062439,0.33374786376953125,-0.001603091019205749,0.5375245809555054,0.3332981467247009,-0.0031330548226833344,0.5095081925392151,0.22371137142181396,0.004554907325655222,0.5428422689437866,0.2956381142139435,-0.012526891194283962,0.53206866979599,0.2239803969860077,-0.005893670488148928,0.5308123230934143,0.21748118102550507,-0.006770002655684948,0.5240383744239807,0.18089620769023895,0.0046934508718550205,0.5048707127571106,0.21284541487693787,0.013586188666522503,0.5283672213554382,0.19752292335033417,-0.001452974509447813,0.5037029981613159,0.23188446462154388,0.012005040422081947,0.4986671209335327,0.22618503868579865,0.023491444066166878,0.5525545477867126,0.3231242299079895,-0.015918288379907608,0.5467768311500549,0.3255839943885803,-0.01310722529888153,0.542445957660675,0.328403115272522,-0.009826133027672768,0.548579216003418,0.2975160777568817,-0.012352442368865013,0.5368884205818176,0.33353790640830994,-0.0024145471397787333,0.5395458936691284,0.3339061141014099,-0.006136388052254915,0.5382511615753174,0.3330380320549011,-0.0033190706744790077,0.5498101115226746,0.2924574911594391,-0.021067194640636444,0.5447349548339844,0.3304447531700134,-0.007629751693457365,0.5488815903663635,0.329285204410553,-0.009666881524026394,0.5537229180335999,0.32881298661231995,-0.011386120691895485,0.5536015033721924,0.35091859102249146,-0.008920346386730671,0.5526654124259949,0.34096822142601013,-0.013906491920351982,0.5527912974357605,0.336373895406723,-0.014303144998848438,0.5531211495399475,0.332222580909729,-0.012748588807880878,0.5536532998085022,0.3290250897407532,-0.011977896094322205,0.5446845889091492,0.33048659563064575,-0.008039901033043861,0.5437025427818298,0.33222511410713196,-0.008993814699351788,0.5426038503646851,0.33448636531829834,-0.010040564462542534,0.5417418479919434,0.33713266253471375,-0.009270790033042431,0.5376473069190979,0.3189053535461426,-0.007704919204115868,0.4946596026420593,0.2978280484676361,0.059527959674596786,0.5602785348892212,0.2983516752719879,-0.019747691228985786,0.5415751934051514,0.33167728781700134,-0.0053983572870492935,0.5406224727630615,0.3327149450778961,-0.006036846432834864,0.5534547567367554,0.30125948786735535,-0.014595151878893375,0.5449424982070923,0.30060964822769165,-0.008596387691795826,0.5526614189147949,0.2997228801250458,-0.014521823264658451,0.5368424654006958,0.2738211154937744,-0.0019282634602859616,0.5278377532958984,0.2802504897117615,-0.0005328155239112675,0.5416231155395508,0.2915773391723633,-0.01061986107379198,0.5094088315963745,0.19078263640403748,0.014379399828612804,0.514409601688385,0.20289522409439087,0.005549324210733175,0.51876300573349,0.2182455211877823,-0.0014391887234523892,0.5407953858375549,0.3451318144798279,-0.005635408218950033,0.5442559719085693,0.21817076206207275,-0.009419905953109264,0.5422420501708984,0.19553057849407196,-0.0054067703895270824,0.5394232869148254,0.17569538950920105,-0.0008373181917704642,0.5184610486030579,0.25636202096939087,0.007090041413903236,0.5054799318313599,0.2659561038017273,0.015102150849997997,0.5421187877655029,0.2501976490020752,0.004376980010420084,0.5099145174026489,0.24393264949321747,0.009931865148246288,0.5466713309288025,0.26212432980537415,-0.005501783452928066,0.5462899208068848,0.28779271245002747,-0.020847264677286148,0.4997239112854004,0.2730451226234436,0.021086374297738075,0.5097981691360474,0.27131253480911255,0.009799874387681484,0.5173870921134949,0.27353110909461975,0.004561553243547678,0.5281556248664856,0.2709487974643707,0.002095078816637397,0.5359572172164917,0.266503244638443,0.0010291117941960692,0.5417875647544861,0.26178306341171265,-0.0003412767837289721,0.5538023710250854,0.24988296627998352,-0.011031762696802616,0.501724362373352,0.29065752029418945,0.01892242394387722,0.5053809881210327,0.2438528686761856,0.012637984938919544,0.5577111840248108,0.2960413992404938,-0.026640884578227997,0.5436006784439087,0.2757507562637329,-0.006122267805039883,0.4908831715583801,0.2592974007129669,0.05681482329964638,0.5461475849151611,0.25676876306533813,-0.0009741933317855,0.5411737561225891,0.2925770580768585,-0.004919384606182575,0.5134732127189636,0.24886725842952728,0.011572969146072865,0.5459246635437012,0.2828303873538971,-0.01856611669063568,0.4981901943683624,0.31803494691848755,0.05593911185860634,0.5420591831207275,0.24729329347610474,0.005873509682714939,0.550396740436554,0.27727022767066956,-0.023860732093453407,0.5167166590690613,0.3537675440311432,0.018064511939883232,0.517219066619873,0.36416730284690857,0.02795097976922989,0.49616315960884094,0.2945948839187622,0.03915570676326752,0.5094223022460938,0.3439768850803375,0.025859983637928963,0.495611310005188,0.24104005098342896,0.03218244016170502,0.5397520065307617,0.3759831190109253,-0.0007864519138820469,0.5581659078598022,0.2981678545475006,-0.01939166709780693,0.5387720465660095,0.28260886669158936,-0.004288196098059416,0.4996519982814789,0.256796658039093,0.023656005039811134,0.523401141166687,0.2524353265762329,0.005232357885688543,0.5282434225082397,0.2524492144584656,0.003850794630125165,0.5385391116142273,0.3353627920150757,-0.00527016120031476,0.5037603378295898,0.30772286653518677,0.01994938775897026,0.5498091578483582,0.38576939702033997,0.0005169233772903681,0.533290684223175,0.3788248598575592,0.012028355151414871,0.5259373784065247,0.37318146228790283,0.018934667110443115,0.5577237606048584,0.19491800665855408,-0.006399860139936209,0.5609741806983948,0.38591837882995605,-0.0009487441275268793,0.5329962968826294,0.25116270780563354,0.00366841908544302,0.5375000834465027,0.24924395978450775,0.004507025703787804,0.5405294895172119,0.2481776773929596,0.005720139015465975,0.5012024641036987,0.24276244640350342,0.018503423780202866,0.536486029624939,0.24175550043582916,0.0037541049532592297,0.5314549803733826,0.2398754507303238,0.002652895636856556,0.5265244245529175,0.23998263478279114,0.002834219252690673,0.5216519236564636,0.24190624058246613,0.004197921138256788,0.5186999440193176,0.24440507590770721,0.006087965797632933,0.49116507172584534,0.23842184245586395,0.048160385340452194,0.5201394557952881,0.25141164660453796,0.007051668129861355,0.5600943565368652,0.3079085350036621,-0.014973838813602924,0.5429581999778748,0.3131340742111206,-0.010049647651612759,0.5471936464309692,0.2944366931915283,-0.015413891524076462,0.5530003309249878,0.3089773952960968,-0.014740907587110996,0.558739185333252,0.23849162459373474,-0.008833207190036774,0.5243959426879883,0.363178014755249,0.011759000830352306,0.5318085551261902,0.3698703646659851,0.005716555751860142,0.5494475960731506,0.379736065864563,-0.006357385311275721,0.5100913047790527,0.353579044342041,0.03900612145662308,0.540255606174469,0.244967520236969,0.005001236218959093,0.550627589225769,0.2629171907901764,-0.013077592477202415,0.5609620809555054,0.3796321153640747,-0.007616158574819565,0.5410234332084656,0.38317734003067017,0.005048253107815981,0.49920371174812317,0.31312644481658936,0.03748621046543121,0.5488278865814209,0.3294402062892914,-0.010220331139862537,0.5478558540344238,0.3320709764957428,-0.011205622926354408,0.5471017956733704,0.3353937268257141,-0.012448989786207676,0.5466204881668091,0.33946532011032104,-0.011989347636699677,0.5465672016143799,0.3485530912876129,-0.008176832459867,0.5403710603713989,0.3315639793872833,-0.005782764870673418,0.5391170382499695,0.33122050762176514,-0.005850966554135084,0.5380513072013855,0.3306504786014557,-0.005805115681141615,0.5335716009140015,0.32625919580459595,-0.00437950761988759,0.5113319158554077,0.3104635179042816,0.008335959166288376,0.5503275990486145,0.25532108545303345,-0.007845567539334297,0.5462290048599243,0.24075695872306824,0.0020717002917081118,0.5425314903259277,0.24187228083610535,0.004094395786523819,0.5416398644447327,0.33173292875289917,-0.005134114064276218,0.5115363001823425,0.33113276958465576,0.015734044834971428,0.5513548254966736,0.24018575251102448,-0.005124373827129602,0.5434207320213318,0.3581943213939667,-0.005593628156930208,0.5597038269042969,0.26368439197540283,-0.023275399580597878,0.5544015169143677,0.2579542398452759,-0.016744041815400124,0.5593823790550232,0.2557135820388794,-0.017953788861632347,0.5471529364585876,0.2762443423271179,-0.013332908973097801,0.5607666373252869,0.3710450530052185,-0.010410802438855171,0.56051105260849,0.36038851737976074,-0.009726257063448429,0.5518026351928711,0.3608907461166382,-0.008810105733573437,0.5306137800216675,0.34605881571769714,0.00045529205817729235,0.536681056022644,0.300014466047287,-0.004060145001858473,0.5366227030754089,0.3534393906593323,-0.0025038125459104776,0.5234644412994385,0.300700306892395,-0.001926969038322568,0.531516969203949,0.30919182300567627,-0.0038285849150270224,0.5190066695213318,0.3152998685836792,0.0017612961819395423,0.5500667691230774,0.3713611960411072,-0.008995011448860168,0.5439315438270569,0.2816159427165985,-0.009548631496727467,0.5259633660316467,0.3532445728778839,0.0056068189442157745,0.5333932042121887,0.3609470725059509,0.0015019439160823822,0.525839626789093,0.33663520216941833,0.0017713316483423114,0.5059060454368591,0.32204633951187134,0.021229570731520653,0.5188953876495361,0.33889496326446533,0.007541575934737921,0.5030041337013245,0.3296867609024048,0.03413847088813782,0.5272162556648254,0.3211299777030945,-0.0019330071518197656,0.5472327470779419,0.26919835805892944,-0.009314138442277908,0.5481091141700745,0.291136771440506,-0.022129569202661514,0.5447760224342346,0.294095516204834,-0.016184454783797264,0.5504463315010071,0.2851446568965912,-0.026079105213284492,0.5415590405464172,0.2342386543750763,0.00033982371678575873,0.5318515300750732,0.2299628108739853,-0.000906791421584785,0.5234473347663879,0.22989338636398315,-0.0007220463012345135,0.51662677526474,0.23257237672805786,0.001531500369310379,0.5119617581367493,0.23719598352909088,0.005136579740792513,0.5095939040184021,0.2517487704753876,0.013816927559673786,0.49391138553619385,0.2764100432395935,0.03860887140035629,0.5145957469940186,0.262587308883667,0.009149283170700073,0.5205498933792114,0.2643575668334961,0.00568448705598712,0.5280930399894714,0.2634877562522888,0.0033889668993651867,0.535149335861206,0.2606009840965271,0.0025721390265971422,0.5406527519226074,0.25702497363090515,0.002443429548293352,0.5444463491439819,0.2537936568260193,0.0022211645264178514,0.49248045682907104,0.2785804867744446,0.06018334999680519,0.5449388027191162,0.2965489327907562,-0.01346887182444334,0.5509035587310791,0.26990002393722534,-0.017633473500609398,0.5520509481430054,0.2908859848976135,-0.026487644761800766,0.5549657940864563,0.29510048031806946,-0.024379068985581398,0.5520437359809875,0.29254403710365295,-0.023800285533070564,0.5465466976165771,0.2990531325340271,-0.011634068563580513,0.555996835231781,0.29565441608428955,-0.025886524468660355,0.5564801692962646,0.29781678318977356,-0.019408049061894417,0.5440836548805237,0.24731099605560303,0.0050760176964104176,0.5473014712333679,0.24890583753585815,0.00169555121101439,0.5492678284645081,0.2500278055667877,-0.002383006736636162,0.517080545425415,0.24628694355487823,0.008011186495423317,0.5130656361579895,0.2434852421283722,0.00825810432434082,0.5642285346984863,0.2648566961288452,-0.021224336698651314,0.5972577333450317,0.2456333339214325,0.010287297889590263,0.5651368498802185,0.29608678817749023,-0.01928204856812954,0.6184217929840088,0.2140481173992157,0.039426665753126144,0.5824337601661682,0.25370103120803833,0.0038637013640254736,0.5878573656082153,0.2542549669742584,0.004375194199383259,0.5930308699607849,0.25364190340042114,0.006084405817091465,0.5996546149253845,0.2487725168466568,0.011121697723865509,0.5777959227561951,0.2516097128391266,0.004300923552364111,0.5892318487167358,0.22975079715251923,0.0021251465659588575,0.5830832123756409,0.23065349459648132,0.0020439571235328913,0.5949095487594604,0.23124825954437256,0.004149432759732008,0.5986249446868896,0.23449905216693878,0.006589501164853573,0.6044626235961914,0.25418949127197266,0.013943159952759743,0.5802798867225647,0.3646843433380127,-0.002951915841549635,0.5990676879882812,0.24329428374767303,0.012236054986715317,0.6204960942268372,0.2511722147464752,0.040018945932388306,0.6105151176452637,0.24910736083984375,0.02003004588186741,0.586449384689331,0.2868850827217102,-0.0025074617005884647,0.565666675567627,0.31856676936149597,-0.01618178002536297,0.5649594664573669,0.326264351606369,-0.013801638036966324,0.572413444519043,0.32202771306037903,-0.01293770782649517,0.5767625570297241,0.325932115316391,-0.009126110002398491,0.5701897740364075,0.3271896541118622,-0.011648843064904213,0.5743234157562256,0.32877373695373535,-0.00805345457047224,0.5834647417068481,0.33826252818107605,-0.0016576271736994386,0.5649434924125671,0.2910473942756653,-0.029037853702902794,0.5654451847076416,0.2828007638454437,-0.03053506463766098,0.605843186378479,0.22942852973937988,0.00886398833245039,0.5752553939819336,0.26632338762283325,-0.002925983862951398,0.5767658352851868,0.2896089553833008,-0.014894524589180946,0.5769118070602417,0.28545689582824707,-0.013075657188892365,0.603057324886322,0.28644052147865295,0.005147644784301519,0.5648624897003174,0.27294856309890747,-0.02685738354921341,0.5921499729156494,0.22111478447914124,-0.0014312469866126776,0.6001130938529968,0.2237442135810852,0.003233764786273241,0.6128179430961609,0.19809100031852722,0.028347661718726158,0.5685893893241882,0.229127898812294,-0.007017376367002726,0.5778725147247314,0.2342355102300644,0.003604588797315955,0.5876442193984985,0.3311121165752411,0.00040023194742389023,0.6144849061965942,0.3315899968147278,0.051665596663951874,0.5727308392524719,0.2944713234901428,-0.012928417883813381,0.5684236288070679,0.2971789836883545,-0.0139452600851655,0.5818648934364319,0.3324925899505615,-0.0004176923248451203,0.5805367827415466,0.3321404457092285,-0.002102891681715846,0.6028707027435303,0.21850843727588654,0.006451727356761694,0.5768259763717651,0.29367274045944214,-0.011931038461625576,0.5817084312438965,0.22239145636558533,-0.004937340039759874,0.5823706984519958,0.21549782156944275,-0.005792859476059675,0.5896568298339844,0.17728368937969208,0.006088247988373041,0.6087149977684021,0.20676672458648682,0.015691714361310005,0.5861101746559143,0.19424334168434143,-0.0003176222962792963,0.6089203357696533,0.22585925459861755,0.014139954932034016,0.6147494912147522,0.2194662094116211,0.025776557624340057,0.5654914379119873,0.32270514965057373,-0.01568487659096718,0.571317195892334,0.32483720779418945,-0.01263509877026081,0.5755945444107056,0.3273915648460388,-0.009131294675171375,0.5713516473770142,0.29615089297294617,-0.011979528702795506,0.581185519695282,0.3323376774787903,-0.001335126580670476,0.5786405801773071,0.3328218162059784,-0.005255608353763819,0.5797980427742004,0.3319137692451477,-0.00232082512229681,0.5704724192619324,0.29121050238609314,-0.02064157836139202,0.5733163952827454,0.3296256959438324,-0.006983909290283918,0.5692325830459595,0.32870009541511536,-0.009225546382367611,0.5644211173057556,0.32851189374923706,-0.01115449983626604,0.566951334476471,0.3501065969467163,-0.00865819863975048,0.5660713911056519,0.340551495552063,-0.013632683083415031,0.5656515955924988,0.33594685792922974,-0.01401757262647152,0.5650802254676819,0.33182743191719055,-0.012489046901464462,0.5643453001976013,0.32869964838027954,-0.01173029001802206,0.5732743144035339,0.32968083024024963,-0.0073877545073628426,0.5744320154190063,0.33133140206336975,-0.008326712064445019,0.5756624937057495,0.3335348963737488,-0.009366675280034542,0.5766972303390503,0.33611270785331726,-0.008534529246389866,0.5818308591842651,0.31634294986724854,-0.006825243588536978,0.6203573346138,0.29068413376808167,0.06231694668531418,0.5763961672782898,0.3307307958602905,-0.004560846835374832,0.5774582624435425,0.3316904902458191,-0.0052008675411343575,0.5668174624443054,0.30057018995285034,-0.01436438038945198,0.5747345089912415,0.2989576458930969,-0.008137528784573078,0.5675889253616333,0.2989344000816345,-0.014277513138949871,0.5811442732810974,0.2713589072227478,-0.0010090750874951482,0.5902293920516968,0.27685466408729553,0.0007037447649054229,0.5777563452720642,0.28950035572052,-0.009980982169508934,0.6036162376403809,0.1854725033044815,0.016408314928412437,0.5995173454284668,0.19800688326358795,0.007213183678686619,0.5937248468399048,0.21443697810173035,3.241917511331849e-05,0.579116940498352,0.34268444776535034,-0.004758570343255997,0.5698525309562683,0.21792782843112946,-0.008919242769479752,0.5727653503417969,0.19383743405342102,-0.004811333026736975,0.5748098492622375,0.17378109693527222,-0.00012421526480466127,0.5972893834114075,0.2520098090171814,0.008712847717106342,0.6107500195503235,0.2602304220199585,0.017158083617687225,0.5747162699699402,0.24955344200134277,0.00506562227383256,0.6042225360870361,0.23868733644485474,0.011783475056290627,0.5713378190994263,0.26066944003105164,-0.0049542831256985664,0.5736344456672668,0.28615236282348633,-0.02034466527402401,0.616216242313385,0.26639097929000854,0.02343032695353031,0.6070756912231445,0.265753835439682,0.011736431159079075,0.6001030802726746,0.2687743902206421,0.006185049656778574,0.5896458625793457,0.2678872048854828,0.003311297856271267,0.5818485021591187,0.26461705565452576,0.0019502528011798859,0.5759651064872742,0.2607271075248718,0.0003698098589666188,0.5642085075378418,0.24927087128162384,-0.01079284306615591,0.6154423952102661,0.2841666042804718,0.021240482106804848,0.6085183024406433,0.23822472989559174,0.014704323373734951,0.5630897879600525,0.2957143187522888,-0.026514999568462372,0.5749065279960632,0.27392464876174927,-0.005482293665409088,0.6219406127929688,0.2517998516559601,0.059784840792417526,0.5714813470840454,0.2562500536441803,-0.00044406697270460427,0.5780416131019592,0.2904985845088959,-0.004327912349253893,0.601399838924408,0.24396158754825592,0.013371163979172707,0.5735896825790405,0.28115031123161316,-0.01805129460990429,0.6182723045349121,0.3110244572162628,0.05864303931593895,0.5745814442634583,0.24662742018699646,0.006600482854992151,0.5692811608314514,0.27610599994659424,-0.02347629703581333,0.6033368706703186,0.3481195271015167,0.019802365452051163,0.6028761863708496,0.3583900034427643,0.029826892539858818,0.6200006008148193,0.28740763664245605,0.04163670539855957,0.609952986240387,0.3376736640930176,0.02786499820649624,0.6178474426269531,0.2340550422668457,0.034622665494680405,0.5816390514373779,0.3729875981807709,6.285047857090831e-05,0.5623921155929565,0.2979344129562378,-0.01931711845099926,0.5797585844993591,0.2803228497505188,-0.003503905376419425,0.615443766117096,0.25107842683792114,0.025929218158125877,0.5922510027885437,0.24873727560043335,0.006657000631093979,0.5876990556716919,0.24950528144836426,0.005083872005343437,0.5797460675239563,0.3341798186302185,-0.004297229927033186,0.6142879724502563,0.30134886503219604,0.022160425782203674,0.571976363658905,0.38411298394203186,0.0010298190172761679,0.5878029465675354,0.3746914267539978,0.013213403522968292,0.5948163270950317,0.3681930899620056,0.020447341725230217,0.5831653475761414,0.2490481436252594,0.004720087628811598,0.5788530707359314,0.24790921807289124,0.005406717304140329,0.576034665107727,0.24735219776630402,0.00651212502270937,0.6123097538948059,0.2366657704114914,0.020708171650767326,0.5792381167411804,0.23983843624591827,0.004703029524534941,0.5836911201477051,0.2370336651802063,0.003762669861316681,0.5883278250694275,0.23643316328525543,0.004155087284743786,0.5930179357528687,0.23775671422481537,0.005674153566360474,0.5959674119949341,0.23994432389736176,0.007650325540453196,0.6210905313491821,0.23093314468860626,0.051081497222185135,0.5952451229095459,0.24724483489990234,0.008598856627941132,0.5768187046051025,0.3111754059791565,-0.00935078039765358,0.5728448033332825,0.29287785291671753,-0.014984429813921452,0.5672263503074646,0.30817079544067383,-0.014459596015512943,0.5961474180221558,0.3583260178565979,0.013195429928600788,0.5890974998474121,0.3658169209957123,0.006840475834906101,0.5723392367362976,0.3781137466430664,-0.0059117721393704414,0.6091600060462952,0.34721529483795166,0.04122375324368477,0.576051652431488,0.24386894702911377,0.00581322843208909,0.5679613351821899,0.2618926763534546,-0.012710490263998508,0.5804260969161987,0.3801347613334656,0.005926618352532387,0.618078351020813,0.3061140179634094,0.03986901789903641,0.5691701769828796,0.3288213610649109,-0.009735872969031334,0.5702999234199524,0.3313552141189575,-0.01071347389370203,0.5712689161300659,0.33462032675743103,-0.011957746930420399,0.5720392465591431,0.33869287371635437,-0.01147427223622799,0.5736452341079712,0.34678176045417786,-0.007515395991504192,0.5776956081390381,0.3304702341556549,-0.0048883515410125256,0.5788813829421997,0.3300074338912964,-0.004871918819844723,0.5799434185028076,0.32933592796325684,-0.004746722988784313,0.5857564210891724,0.32318115234375,-0.0032008811831474304,0.6072537302970886,0.30495989322662354,0.01029201503843069,0.5676438808441162,0.2543316185474396,-0.007454327307641506,0.5700533390045166,0.24044804275035858,0.0025370344519615173,0.5735715627670288,0.24112989008426666,0.0047467914409935474,0.57643061876297,0.3307664096355438,-0.00428478280082345,0.6076534390449524,0.32528156042099,0.017691485583782196,0.5651479363441467,0.24046805500984192,-0.004848585929721594,0.5771840214729309,0.35589712858200073,-0.004900151863694191,0.5642685890197754,0.25734490156173706,-0.01655099354684353,0.5718551278114319,0.2748018205165863,-0.01287483423948288,0.5691342949867249,0.3597269356250763,-0.008485669270157814,0.5892184376716614,0.34235912561416626,0.0016707374015823007,0.5825016498565674,0.29744699597358704,-0.003242369508370757,0.5835855007171631,0.3503156006336212,-0.0015630113193765283,0.5953152775764465,0.29668471217155457,-0.0005274844588711858,0.5877372622489929,0.30603039264678955,-0.002745536621659994,0.6000578999519348,0.3106389045715332,0.0033640514593571424,0.5713616609573364,0.36993512511253357,-0.008590584620833397,0.575038492679596,0.2797755002975464,-0.008991592563688755,0.5942164659500122,0.3487463891506195,0.007014959119260311,0.5871757864952087,0.357258677482605,0.0025627415161579847,0.5936765670776367,0.3325400948524475,0.0032776035368442535,0.6127568483352661,0.3156924843788147,0.023394372314214706,0.6007038354873657,0.33380067348480225,0.0092655960470438,0.615323543548584,0.32288309931755066,0.03641265630722046,0.5921001434326172,0.31741005182266235,-0.0005762192304246128,0.5712721347808838,0.267789363861084,-0.008804863318800926,0.5721239447593689,0.2896776795387268,-0.02164778672158718,0.5751686692237854,0.29225122928619385,-0.015684233978390694,0.5698204040527344,0.2839600741863251,-0.025652095675468445,0.5737094879150391,0.2334333211183548,0.0009959761518985033,0.5823712348937988,0.22792087495326996,0.00013746629701927304,0.5902754068374634,0.22668391466140747,0.0006214579334482551,0.5969412326812744,0.228357195854187,0.003162089502438903,0.601659893989563,0.2322687953710556,0.006906853523105383,0.6053307056427002,0.24656152725219727,0.015730805695056915,0.6210111379623413,0.2691180408000946,0.041210588067770004,0.6015620827674866,0.2577257454395294,0.01087054330855608,0.5961138606071472,0.2602057456970215,0.007199655286967754,0.5889288187026978,0.26050567626953125,0.004622749052941799,0.581999659538269,0.2587451934814453,0.0035092048346996307,0.5765879154205322,0.25600627064704895,0.003132492071017623,0.5728015899658203,0.2532155513763428,0.0027617458254098892,0.6213223338127136,0.27131912112236023,0.06312516331672668,0.5748991370201111,0.2947562336921692,-0.01297367550432682,0.5682506561279297,0.2688685357570648,-0.017276668921113014,0.5685173869132996,0.28987905383110046,-0.02617226354777813,0.5655701160430908,0.29446789622306824,-0.024189550429582596,0.5684168338775635,0.2916103005409241,-0.02348840795457363,0.5732830166816711,0.2974763512611389,-0.011216952465474606,0.5646857023239136,0.2951383590698242,-0.025722695514559746,0.5639855265617371,0.2973463833332062,-0.019291793927550316,0.5726278424263,0.24691247940063477,0.005651629995554686,0.569736123085022,0.2486644685268402,0.002109350636601448,0.5679884552955627,0.24989132583141327,-0.0020169331692159176,0.5976709127426147,0.24171172082424164,0.009655315428972244,0.6011531352996826,0.23863068222999573,0.010004065930843353,0.5276855826377869,0.24503938853740692,0.005479329731315374,0.5337702035903931,0.24439114332199097,0.005479329731315374,0.527121901512146,0.2376919686794281,0.005479329731315374,0.521527886390686,0.2456372231245041,0.005479329731315374,0.5281862616539001,0.25233182311058044,0.005479329731315374,0.5872331261634827,0.24160286784172058,0.006719769444316626,0.5930796265602112,0.24156349897384644,0.006719769444316626,0.5871877670288086,0.23399272561073303,0.006719769444316626,0.5814170241355896,0.24156108498573303,0.006719769444316626,0.5873276591300964,0.24928799271583557,0.006719769444316626
300.0,0.5593982338905334,0.3197998106479645,-0.017131498083472252,0.5605080723762512,0.2909892499446869,-0.029565708711743355,0.5601754784584045,0.3004223704338074,-0.015955867245793343,0.5551620721817017,0.26483917236328125,-0.02132548950612545,0.5604040622711182,0.2823331654071808,-0.031224463135004044,0.5600830316543579,0.2716772258281708,-0.028636682778596878,0.5591961741447449,0.24671487510204315,-0.012909192591905594,0.5182822942733765,0.2495844066143036,0.00892571359872818,0.5586297512054443,0.22855885326862335,-0.00885595940053463,0.5583707690238953,0.21720057725906372,-0.009660105220973492,0.5574862360954285,0.17312957346439362,-0.0015647349646314979,0.5594573616981506,0.3227481245994568,-0.01656494475901127,0.5594643354415894,0.32592248916625977,-0.014732087962329388,0.5595011115074158,0.32820430397987366,-0.01194288395345211,0.5594350099563599,0.3284704387187958,-0.012686103582382202,0.5595604181289673,0.3317646384239197,-0.013421141542494297,0.559675395488739,0.3358530104160309,-0.014822789467871189,0.5597856640815735,0.3403686583042145,-0.014383022673428059,0.5604349374771118,0.34981292486190796,-0.009352156892418861,0.5604872703552246,0.29571250081062317,-0.026859750971198082,0.5553515553474426,0.2962639331817627,-0.019395144656300545,0.4942629337310791,0.22083985805511475,0.03708307817578316,0.5344857573509216,0.25523295998573303,0.003047000151127577,0.5288941860198975,0.2567142844200134,0.0033523309975862503,0.5234467387199402,0.2569164037704468,0.004878618288785219,0.5161612033843994,0.25305959582328796,0.009668699465692043,0.5392460227012634,0.25253185629844666,0.0037221116945147514,0.525292694568634,0.23245462775230408,0.0010428091045469046,0.5318598747253418,0.2325819879770279,0.001255426905117929,0.5193960070610046,0.23474879562854767,0.002857106737792492,0.5156863927841187,0.23856668174266815,0.005209742113947868,0.5117133259773254,0.25906795263290405,0.012367885559797287,0.540949285030365,0.36705920100212097,-0.004091883078217506,0.5162001848220825,0.24751511216163635,0.01081121526658535,0.49394771456718445,0.25802353024482727,0.03779100254178047,0.5049788951873779,0.25456535816192627,0.01826188713312149,0.5324760675430298,0.28937026858329773,-0.003436779137700796,0.5526126027107239,0.31842508912086487,-0.016420740634202957,0.553514838218689,0.32599854469299316,-0.014021255075931549,0.5459357500076294,0.32229313254356384,-0.013417797163128853,0.5415377020835876,0.3264167010784149,-0.009856211952865124,0.5482994318008423,0.32721033692359924,-0.012052551843225956,0.5440772175788879,0.3289932310581207,-0.008675971068441868,0.5362997651100159,0.34057363867759705,-0.002815843094140291,0.5559700727462769,0.29115650057792664,-0.0291046891361475,0.5551384091377258,0.28296712040901184,-0.030602656304836273,0.5077760815620422,0.23456156253814697,0.007263722829520702,0.5429999232292175,0.2676827907562256,-0.0034623676910996437,0.5431354641914368,0.2911790907382965,-0.015393709763884544,0.5426376461982727,0.2870190441608429,-0.013578120619058609,0.5153535604476929,0.29083511233329773,0.0035795047879219055,0.5551592111587524,0.27304884791374207,-0.026956571266055107,0.5213188529014587,0.2237413078546524,-0.0025197966024279594,0.5132492184638977,0.22780023515224457,0.0018384401919320226,0.500031054019928,0.20408159494400024,0.02628811076283455,0.5468101501464844,0.2282821387052536,-0.007221839390695095,0.5376555919647217,0.2354709655046463,0.0030358394142240286,0.5318819880485535,0.3338727056980133,-0.0009256406920030713,0.5041469931602478,0.3381003737449646,0.04925931990146637,0.5473700165748596,0.2955753803253174,-0.013370276428759098,0.5518284440040588,0.2976965010166168,-0.014154343865811825,0.536505401134491,0.3330203890800476,-0.001606895006261766,0.5378274917602539,0.33258557319641113,-0.0031418967992067337,0.5100013017654419,0.22329489886760712,0.0049488660879433155,0.5429905652999878,0.29515114426612854,-0.012444690801203251,0.5324088335037231,0.22333844006061554,-0.005586568266153336,0.5311331152915955,0.21677517890930176,-0.0064398907124996185,0.5242788791656494,0.1802719533443451,0.0051039038226008415,0.5051774382591248,0.21223758161067963,0.014001012779772282,0.528529703617096,0.19677498936653137,-0.0010739016579464078,0.5042544007301331,0.23159107565879822,0.012381208129227161,0.4990740418434143,0.22566047310829163,0.023883145302534103,0.5529386401176453,0.322515070438385,-0.015898482874035835,0.5471184253692627,0.32495754957199097,-0.013070229440927505,0.5427641272544861,0.327756404876709,-0.009789833799004555,0.548687219619751,0.2970567047595978,-0.012293585576117039,0.5371881723403931,0.33281558752059937,-0.0024201110936701298,0.539870023727417,0.33318856358528137,-0.006201835814863443,0.5385635495185852,0.3323342204093933,-0.0033321422524750233,0.5498819947242737,0.2920369803905487,-0.020977770909667015,0.5450478792190552,0.3298090398311615,-0.007623628713190556,0.5492137670516968,0.32866284251213074,-0.009669632650911808,0.5540947914123535,0.3281932473182678,-0.011410876177251339,0.5537633299827576,0.3502095341682434,-0.009285837411880493,0.5530623197555542,0.3402036428451538,-0.014184548519551754,0.553197979927063,0.3356485068798065,-0.014533688314259052,0.5535160303115845,0.33157920837402344,-0.012944497168064117,0.5540266036987305,0.3284524083137512,-0.012134375981986523,0.5449947714805603,0.32984817028045654,-0.00812828540802002,0.5440363883972168,0.3315476179122925,-0.009112377651035786,0.542958676815033,0.33377134799957275,-0.010181911289691925,0.5421032905578613,0.33638715744018555,-0.009417996741831303,0.5377885103225708,0.3183850347995758,-0.007639882154762745,0.4954040050506592,0.29758504033088684,0.059743303805589676,0.5603473782539368,0.2979491055011749,-0.019720155745744705,0.5418776869773865,0.33099448680877686,-0.005444080103188753,0.5409398078918457,0.3320085406303406,-0.006100172642618418,0.5535606145858765,0.3008304238319397,-0.014573558233678341,0.5450853705406189,0.3001297414302826,-0.008553377352654934,0.5527623295783997,0.2992919385433197,-0.014484685845673084,0.5370898842811584,0.2733273208141327,-0.0017706728540360928,0.528094470500946,0.27974724769592285,-0.00034919430618174374,0.5418034195899963,0.29108116030693054,-0.010529864579439163,0.509713351726532,0.19021594524383545,0.014818423427641392,0.5146244168281555,0.2022058069705963,0.005952449049800634,0.5191663503646851,0.21767140924930573,-0.0010705965105444193,0.5409833192825317,0.3444962501525879,-0.005802853964269161,0.5445224642753601,0.21737875044345856,-0.009131052531301975,0.5423926115036011,0.1947818547487259,-0.005067066289484501,0.539624810218811,0.17504027485847473,-0.0004752101667691022,0.5188385844230652,0.2558930814266205,0.007345585618168116,0.5058920979499817,0.26569294929504395,0.015382310375571251,0.542385995388031,0.2500391900539398,0.004556998610496521,0.5103802680969238,0.24360738694667816,0.010240827687084675,0.5468961000442505,0.2615886330604553,-0.005346362479031086,0.5463972091674805,0.2873380482196808,-0.02074226550757885,0.5002265572547913,0.2725943922996521,0.021373627707362175,0.5101485252380371,0.270935595035553,0.010058666579425335,0.5176866054534912,0.27308279275894165,0.004788706544786692,0.5284460186958313,0.2705457806587219,0.0022967311087995768,0.5362563729286194,0.266171395778656,0.0012032819213345647,0.5420928001403809,0.2614702880382538,-0.00017279799794778228,0.5539689064025879,0.24927681684494019,-0.010860067792236805,0.5022160410881042,0.2902046740055084,0.019170215353369713,0.5059031248092651,0.2435804158449173,0.012974502518773079,0.5577501654624939,0.29563450813293457,-0.026577705517411232,0.5438179969787598,0.27524685859680176,-0.006001569330692291,0.49150151014328003,0.2589792013168335,0.05712571740150452,0.5464452505111694,0.2564221918582916,-0.0008052948396652937,0.5413663387298584,0.2920832633972168,-0.004851727746427059,0.5138915181159973,0.24848176538944244,0.011847869493067265,0.546066403388977,0.2823469936847687,-0.018456198275089264,0.4989466667175293,0.31782466173171997,0.05609622970223427,0.542343258857727,0.24714268743991852,0.006052877753973007,0.5504975318908691,0.27676862478256226,-0.02374483458697796,0.5170694589614868,0.3534463047981262,0.017976578325033188,0.5176790952682495,0.36395904421806335,0.02787877805531025,0.4968262016773224,0.2942289710044861,0.039384178817272186,0.5098782181739807,0.34364402294158936,0.025861069560050964,0.49609389901161194,0.24058136343955994,0.03254377469420433,0.539938747882843,0.3757815361022949,-0.0011337599717080593,0.5582287907600403,0.2977627217769623,-0.019357958808541298,0.5389957427978516,0.2821151912212372,-0.00417652353644371,0.5002010464668274,0.2566930055618286,0.023972567170858383,0.5237507820129395,0.2518693208694458,0.005460988264530897,0.5285640954971313,0.25192171335220337,0.00406566122546792,0.5388673543930054,0.33463600277900696,-0.005330754444003105,0.5042382478713989,0.3073003590106964,0.02013229951262474,0.5500023365020752,0.3856584429740906,0.00010611397738102823,0.5335773825645447,0.37871044874191284,0.011777805164456367,0.5262947678565979,0.37302860617637634,0.01876981370151043,0.5578759908676147,0.19415070116519928,-0.006107668858021498,0.5611609816551208,0.3858107328414917,-0.001421610126271844,0.5332955121994019,0.25074443221092224,0.003870287211611867,0.5377741456031799,0.24897712469100952,0.004700659308582544,0.5407998561859131,0.24800246953964233,0.005908808205276728,0.5017786026000977,0.24257394671440125,0.01885182037949562,0.5367951393127441,0.24150395393371582,0.00394740654155612,0.5317990779876709,0.23951412737369537,0.002866805298253894,0.5268917083740234,0.23952209949493408,0.0030627259984612465,0.5220285654067993,0.24140313267707825,0.00444159796461463,0.5190818309783936,0.243914395570755,0.0063343411311507225,0.4917091727256775,0.23805898427963257,0.04852984473109245,0.5205087661743164,0.2508644163608551,0.007292371708899736,0.5602078437805176,0.3074575364589691,-0.014982539229094982,0.5431049466133118,0.31263914704322815,-0.009996892884373665,0.547292172908783,0.29399245977401733,-0.015337697230279446,0.5531204342842102,0.30851444602012634,-0.014727105386555195,0.5588976144790649,0.2377772033214569,-0.00865198578685522,0.5246851444244385,0.3629070222377777,0.01158066838979721,0.5320513844490051,0.36964547634124756,0.005450442433357239,0.5496042370796204,0.37951162457466125,-0.006778153125196695,0.5106686949729919,0.353351354598999,0.03903234004974365,0.5405372977256775,0.24478930234909058,0.005190510302782059,0.550789475440979,0.26236671209335327,-0.012936766259372234,0.5611115097999573,0.37940680980682373,-0.008094259537756443,0.5412499308586121,0.38307294249534607,0.00471713999286294,0.4998672306537628,0.3127807676792145,0.03764832764863968,0.5491577386856079,0.3288416862487793,-0.010339946486055851,0.5482156872749329,0.3314197063446045,-0.01136214192956686,0.5474789142608643,0.33468008041381836,-0.012635418213903904,0.5470004677772522,0.33870673179626465,-0.012200244702398777,0.5467492938041687,0.34788283705711365,-0.008432190865278244,0.5406764149665833,0.3308880627155304,-0.0057586925104260445,0.539422869682312,0.3305352032184601,-0.005820383783429861,0.5383590459823608,0.329969197511673,-0.005769715178757906,0.5337106585502625,0.32570141553878784,-0.004331347532570362,0.5116661190986633,0.3099971413612366,0.008481638506054878,0.5505240559577942,0.25475040078163147,-0.007682187482714653,0.546523928642273,0.24039524793624878,0.0022560919169336557,0.5428231358528137,0.24162638187408447,0.00429301243275404,0.5419496297836304,0.3310694694519043,-0.00512857036665082,0.5118834972381592,0.3307192623615265,0.015781857073307037,0.5516350865364075,0.2396661788225174,-0.004942275118082762,0.5436139106750488,0.3577018976211548,-0.005900150164961815,0.5597805976867676,0.2631273567676544,-0.023159878328442574,0.5545306205749512,0.25737977027893066,-0.016595402732491493,0.559490442276001,0.2551289498806,-0.017820507287979126,0.5473240613937378,0.27573874592781067,-0.013218165375292301,0.560901403427124,0.3706807494163513,-0.010874654166400433,0.5606443881988525,0.3598421812057495,-0.01017199270427227,0.5519611835479736,0.36036181449890137,-0.009212479926645756,0.5308451652526855,0.3455445170402527,0.0003515165881253779,0.5368788838386536,0.29952555894851685,-0.0039907763712108135,0.536845326423645,0.35295605659484863,-0.002714982721954584,0.5236895680427551,0.3001890480518341,-0.0018249433487653732,0.5317002534866333,0.308684766292572,-0.003754702163860202,0.51923006772995,0.31480520963668823,0.0018307095160707831,0.5502122640609741,0.3710051476955414,-0.009403331205248833,0.5441283583641052,0.28112250566482544,-0.009444895200431347,0.5262157320976257,0.35284698009490967,0.005473436787724495,0.5336207747459412,0.3605944812297821,0.0012575534638017416,0.5260608196258545,0.3361068665981293,0.0017531070625409484,0.5063551664352417,0.3216502368450165,0.021343016996979713,0.5191695094108582,0.3384426236152649,0.00752404285594821,0.5036008358001709,0.32935261726379395,0.03422941267490387,0.5273779630661011,0.32059603929519653,-0.0018733520992100239,0.5474259257316589,0.26867547631263733,-0.009182905778288841,0.5481862425804138,0.2907070815563202,-0.022031130269169807,0.5448926091194153,0.29363784193992615,-0.016098802909255028,0.550509512424469,0.28469032049179077,-0.025965481996536255,0.5418699979782104,0.23379701375961304,0.0005593020468950272,0.5322141647338867,0.22947165369987488,-0.0006386181921698153,0.5238291621208191,0.22938543558120728,-0.0004240873095113784,0.5170255303382874,0.23209106922149658,0.0018507442437112331,0.5123893022537231,0.23678943514823914,0.005464930087327957,0.5100699067115784,0.25146162509918213,0.014109484851360321,0.4945288300514221,0.2760279178619385,0.038890182971954346,0.5149899125099182,0.26218748092651367,0.009404486045241356,0.5209189057350159,0.26392120122909546,0.005922829266637564,0.5284332633018494,0.2630816400051117,0.003603522665798664,0.5354720950126648,0.260275661945343,0.0027476006653159857,0.5409613251686096,0.2567773759365082,0.0026216849219053984,0.544751763343811,0.25354671478271484,0.0023880237713456154,0.49316391348838806,0.2783041298389435,0.060445260256528854,0.545066773891449,0.2960782051086426,-0.013395094312727451,0.5510332584381104,0.26937001943588257,-0.01750742644071579,0.5520906448364258,0.29046353697776794,-0.026397641748189926,0.5550146102905273,0.2946871519088745,-0.02431296743452549,0.5520954132080078,0.2921290397644043,-0.023718560114502907,0.5466739535331726,0.298583984375,-0.01158018410205841,0.5560387372970581,0.2952447831630707,-0.025821998715400696,0.5565415024757385,0.29740458726882935,-0.01936706341803074,0.5443575382232666,0.24714407324790955,0.005251873750239611,0.5475980043411255,0.24861647188663483,0.0018657107139006257,0.5495556592941284,0.24962672591209412,-0.0022080291528254747,0.5174725651741028,0.24581491947174072,0.00826491229236126,0.513480544090271,0.24309319257736206,0.008533846586942673,0.5643123388290405,0.2642996311187744,-0.021136151626706123,0.5977818965911865,0.2449774146080017,0.01023956760764122,0.5652467608451843,0.29566413164138794,-0.01926916278898716,0.6189773678779602,0.21346387267112732,0.03930393606424332,0.5828246474266052,0.25312456488609314,0.0038595828227698803,0.5882260203361511,0.25367093086242676,0.004357736557722092,0.5933988690376282,0.2530682682991028,0.006054837256669998,0.600145697593689,0.24811097979545593,0.011067562736570835,0.5782208442687988,0.2510611116886139,0.004332930315285921,0.5897030234336853,0.2289869487285614,0.002136737573891878,0.5835481882095337,0.2299557626247406,0.0020898180082440376,0.5954061150550842,0.23044252395629883,0.004144775215536356,0.5991460084915161,0.2336888611316681,0.006566641386598349,0.6048374772071838,0.25357505679130554,0.013869941234588623,0.5805023908615112,0.3643752634525299,-0.0034281513653695583,0.5996243953704834,0.24255415797233582,0.012188470922410488,0.6210439801216125,0.250674307346344,0.03986012190580368,0.6109687089920044,0.24842104315757751,0.019941186532378197,0.5866975784301758,0.2863520085811615,-0.0026006975676864386,0.5660960078239441,0.31796035170555115,-0.016216404736042023,0.5653914213180542,0.32563692331314087,-0.013843187130987644,0.5728777647018433,0.32137632369995117,-0.013013680465519428,0.5772467255592346,0.32525312900543213,-0.009241149760782719,0.5706402063369751,0.3265475630760193,-0.011718250811100006,0.5747907757759094,0.32810378074645996,-0.008156429044902325,0.5837175846099854,0.3376258611679077,-0.001933701103553176,0.5649849772453308,0.29061952233314514,-0.028987113386392593,0.5654757618904114,0.28232342004776,-0.03047075867652893,0.6063420176506042,0.22868019342422485,0.008866509422659874,0.5754649043083191,0.26578474044799805,-0.0029048772994428873,0.5769327878952026,0.2891090512275696,-0.014924600720405579,0.5770801901817322,0.2849363088607788,-0.013105754740536213,0.603386640548706,0.2858756482601166,0.00501591432839632,0.5649107098579407,0.2724267542362213,-0.026783419772982597,0.5926468372344971,0.22041654586791992,-0.0013211529003456235,0.6006263494491577,0.22301805019378662,0.0033057271502912045,0.6132817268371582,0.1974199414253235,0.02830239199101925,0.5689985752105713,0.22837767004966736,-0.00684086699038744,0.5783454775810242,0.23361751437187195,0.003657727502286434,0.587954044342041,0.33049476146698,0.0001514506438979879,0.6151434183120728,0.3314467668533325,0.05124639719724655,0.5729137659072876,0.29399800300598145,-0.012962349690496922,0.5685848593711853,0.2967256009578705,-0.013949455693364143,0.5823521614074707,0.3317663371562958,-0.0006233238382264972,0.5810295939445496,0.33140990138053894,-0.0022911960259079933,0.6034089922904968,0.21784847974777222,0.006516665685921907,0.5770224332809448,0.2931619882583618,-0.01197347603738308,0.5821971893310547,0.2216777801513672,-0.004793162923306227,0.5828753113746643,0.21485161781311035,-0.005632462445646524,0.5899031162261963,0.17653873562812805,0.0062233442440629005,0.6090970039367676,0.20600247383117676,0.015734165906906128,0.5863428115844727,0.19337564706802368,-0.0001373567502014339,0.6094571948051453,0.22517675161361694,0.014126094989478588,0.6151838898658752,0.21880266070365906,0.025741297751665115,0.5659223198890686,0.3220854699611664,-0.015719857066869736,0.5717765688896179,0.3241863250732422,-0.01270557101815939,0.5760762095451355,0.32671406865119934,-0.009237230755388737,0.5715411305427551,0.29567673802375793,-0.011997931636869907,0.5816759467124939,0.3316075801849365,-0.0015257489867508411,0.5790967345237732,0.3321121633052826,-0.005476922262459993,0.5802838802337646,0.33118852972984314,-0.0025055340956896544,0.5705958008766174,0.2907693386077881,-0.02064032107591629,0.5737609267234802,0.32897302508354187,-0.0071012722328305244,0.5696703195571899,0.32807302474975586,-0.009320815093815327,0.5648407936096191,0.32788950204849243,-0.011229421012103558,0.567085325717926,0.3493959307670593,-0.00906885601580143,0.5664594173431396,0.339786559343338,-0.013960318639874458,0.5660368800163269,0.3352270722389221,-0.014299821108579636,0.5654810070991516,0.33119553327560425,-0.012736312113702297,0.5647709369659424,0.3281351625919342,-0.01193602941930294,0.573722779750824,0.329039603471756,-0.007594683673232794,0.5748546719551086,0.3306659758090973,-0.008564898744225502,0.5760694742202759,0.3328368365764618,-0.009629441425204277,0.5770992040634155,0.3353884220123291,-0.008812850341200829,0.5820878744125366,0.31579285860061646,-0.006936000194400549,0.6210424900054932,0.2904033958911896,0.06196899712085724,0.5768623352050781,0.3300344944000244,-0.004760542884469032,0.5779159069061279,0.33098623156547546,-0.005417699925601482,0.5669546723365784,0.3001352846622467,-0.014388741925358772,0.5749539732933044,0.2984590530395508,-0.008192569017410278,0.5677368640899658,0.2984919846057892,-0.014285815879702568,0.5813795328140259,0.27082541584968567,-0.001026940532028675,0.5904937982559204,0.2763015925884247,0.0006484906771220267,0.5779466032981873,0.2889787256717682,-0.010026483796536922,0.603979229927063,0.1847413033246994,0.016451552510261536,0.599837601184845,0.19716525077819824,0.007323721889406443,0.594254732131958,0.21381497383117676,0.00014483858831226826,0.5793304443359375,0.34203195571899414,-0.0050798156298696995,0.5702953934669495,0.2172384113073349,-0.008712983690202236,0.5729449987411499,0.193022221326828,-0.0045726485550403595,0.5749942064285278,0.173059344291687,0.00010239623225061223,0.5977200865745544,0.25140175223350525,0.00866964552551508,0.6110950112342834,0.25962796807289124,0.017043326050043106,0.5751610994338989,0.24902759492397308,0.005108991637825966,0.6047326922416687,0.23791974782943726,0.011742803268134594,0.5715290904045105,0.2601117491722107,-0.004902273416519165,0.5737496614456177,0.2856760621070862,-0.02034352906048298,0.6166315674781799,0.2658708095550537,0.023270057514309883,0.6073061227798462,0.2652176320552826,0.011624524369835854,0.6002322435379028,0.26827239990234375,0.006097668316215277,0.5897564888000488,0.2673256993293762,0.00327549921348691,0.582007646560669,0.26402273774147034,0.0019432406406849623,0.5761545896530151,0.2601252794265747,0.00040436562267132103,0.5643550753593445,0.24865320324897766,-0.010662936605513096,0.6158459782600403,0.2836684584617615,0.021042555570602417,0.6090098023414612,0.23749369382858276,0.014649691060185432,0.5631499886512756,0.295305997133255,-0.02647414803504944,0.5751025676727295,0.2733963429927826,-0.00549071840941906,0.622631311416626,0.2513619661331177,0.05951833352446556,0.571689784526825,0.25563666224479675,-0.00037895870627835393,0.5782588720321655,0.28997671604156494,-0.004393467679619789,0.6019513010978699,0.24321796000003815,0.013318303041160107,0.5737106800079346,0.28064635396003723,-0.018046634271740913,0.6189424395561218,0.3108292818069458,0.05825703591108322,0.5750603675842285,0.2461071014404297,0.006639493629336357,0.5693589448928833,0.2755931615829468,-0.023434093222022057,0.6038165092468262,0.34787073731422424,0.019375275820493698,0.6034053564071655,0.3582955598831177,0.02936025708913803,0.6205025911331177,0.2870175838470459,0.04138088598847389,0.6104835271835327,0.3374095559120178,0.027465511113405228,0.6183419823646545,0.23347793519496918,0.03452383354306221,0.5818917155265808,0.37281933426856995,-0.0004489008861128241,0.5624733567237854,0.2975274622440338,-0.019298315048217773,0.5799846053123474,0.27979713678359985,-0.0035504361148923635,0.6159471273422241,0.25040194392204285,0.025811055675148964,0.5926992893218994,0.24816353619098663,0.006625083740800619,0.588127076625824,0.24893328547477722,0.005068368744105101,0.5801952481269836,0.33347198367118835,-0.00452554551884532,0.6147283911705017,0.300909161567688,0.021913329139351845,0.5721864104270935,0.3840319514274597,0.000523416674695909,0.5881416201591492,0.3746471703052521,0.012710588052868843,0.5952456593513489,0.3681354522705078,0.01996254362165928,0.5836052298545837,0.24849003553390503,0.0047242967411875725,0.5793290734291077,0.24737416207790375,0.005429455544799566,0.5765188932418823,0.24683362245559692,0.006548639386892319,0.612851619720459,0.23598437011241913,0.02063332125544548,0.5796991586685181,0.2392304688692093,0.0047291419468820095,0.5841339826583862,0.23632444441318512,0.003780839964747429,0.5887870788574219,0.23564332723617554,0.004156346432864666,0.5935181975364685,0.23693016171455383,0.005655905697494745,0.5964937806129456,0.23913580179214478,0.007614703383296728,0.6217212080955505,0.23041778802871704,0.05088742449879646,0.5957351922988892,0.24663764238357544,0.008558734320104122,0.5770186185836792,0.31065797805786133,-0.0094318687915802,0.5730141997337341,0.2924136519432068,-0.014999356120824814,0.5673604011535645,0.3076942563056946,-0.014501010999083519,0.5965506434440613,0.35812053084373474,0.012736734002828598,0.5894282460212708,0.365647554397583,0.006351909600198269,0.5725263953208923,0.37791064381599426,-0.006423197221010923,0.6097654104232788,0.3470902442932129,0.04079068824648857,0.5765249729156494,0.24333223700523376,0.005851656664162874,0.5680996179580688,0.26132726669311523,-0.01263858936727047,0.5806897878646851,0.38007795810699463,0.005409940145909786,0.6185870170593262,0.30578649044036865,0.03956344351172447,0.5696121454238892,0.3282335102558136,-0.009944797493517399,0.5707125663757324,0.33072078227996826,-0.010960412211716175,0.5716593861579895,0.3339250683784485,-0.012240098789334297,0.5724292993545532,0.33794429898262024,-0.01178328413516283,0.5738091468811035,0.34609928727149963,-0.007879791781306267,0.5781869888305664,0.3297719359397888,-0.00502574210986495,0.5793797373771667,0.32930561900138855,-0.0050173066556453705,0.5804373025894165,0.3286362886428833,-0.0048980494029819965,0.586063027381897,0.3225874900817871,-0.003371031489223242,0.607668399810791,0.30447012186050415,0.01007621269673109,0.5678114295005798,0.25374510884284973,-0.007361820433288813,0.5704760551452637,0.23987767100334167,0.0026322100311517715,0.5740504860877991,0.24057774245738983,0.004814242944121361,0.5769025683403015,0.33007729053497314,-0.004433679394423962,0.6081335544586182,0.32488805055618286,0.017369400709867477,0.5654327869415283,0.23982572555541992,-0.004718144424259663,0.57737797498703,0.3554163873195648,-0.005332191940397024,0.5643851161003113,0.2567618489265442,-0.016438934952020645,0.5719955563545227,0.2742774784564972,-0.01285517867654562,0.569283127784729,0.3592036962509155,-0.008951274678111076,0.5895039439201355,0.3418543040752411,0.0013409281382337213,0.5827462077140808,0.2969287931919098,-0.003336988389492035,0.5838226079940796,0.34984561800956726,-0.0019505093805491924,0.5956334471702576,0.29613572359085083,-0.0006861224537715316,0.5880269408226013,0.3054928481578827,-0.0028812827076762915,0.6004477143287659,0.3101191818714142,0.0031344906892627478,0.5715287327766418,0.3695913553237915,-0.009082840755581856,0.5752159357070923,0.27925705909729004,-0.009007795713841915,0.5945595502853394,0.3483850359916687,0.006620797328650951,0.5874556303024292,0.35694408416748047,0.0021148486994206905,0.5940091013908386,0.33201172947883606,0.0029875338077545166,0.6132412552833557,0.3153078854084015,0.02309655025601387,0.601114809513092,0.333373099565506,0.008935281075537205,0.6158561706542969,0.32260072231292725,0.0360557846724987,0.5924500823020935,0.31684601306915283,-0.0007658172980882227,0.5714372992515564,0.2672470808029175,-0.0087739871814847,0.5722426772117615,0.28922736644744873,-0.021643230691552162,0.5753393769264221,0.2917710244655609,-0.015707872807979584,0.5698913931846619,0.28349408507347107,-0.025611266493797302,0.5741819143295288,0.23279593884944916,0.0010948935523629189,0.5828458666801453,0.22721199691295624,0.00023050160962156951,0.5907616019248962,0.22593143582344055,0.0006877679261378944,0.5974429845809937,0.22756949067115784,0.003197602229192853,0.602180540561676,0.23147642612457275,0.006911179516464472,0.60582035779953,0.2458447366952896,0.015667706727981567,0.6215388178825378,0.26867568492889404,0.040997277945280075,0.6018986701965332,0.25714388489723206,0.010797472670674324,0.5963742733001709,0.2596570551395416,0.007153553422540426,0.5891817212104797,0.2599315345287323,0.004604370798915625,0.582288920879364,0.258159339427948,0.003500821068882942,0.576911985874176,0.2554330825805664,0.0031712427735328674,0.573138415813446,0.25264793634414673,0.0028142051305621862,0.622026801109314,0.270957350730896,0.0628146231174469,0.5750887393951416,0.29426509141921997,-0.01300591230392456,0.5683549642562866,0.26832592487335205,-0.017222458496689796,0.5685933828353882,0.2894468307495117,-0.026141295209527016,0.5656594634056091,0.29404979944229126,-0.02415912039577961,0.5685154795646667,0.29118281602859497,-0.023466961458325386,0.5734840035438538,0.2969880700111389,-0.01125210803002119,0.5647604465484619,0.29472383856773376,-0.025685371831059456,0.564083456993103,0.29693034291267395,-0.01927536353468895,0.5730812549591064,0.24638400971889496,0.005710171535611153,0.5700908303260803,0.2480963170528412,0.0021903321612626314,0.5682362914085388,0.2492763102054596,-0.001914170221425593,0.5982093214988708,0.24093309044837952,0.009613901376724243,0.6016887426376343,0.23783963918685913,0.009962787851691246,0.5280576348304749,0.24462129175662994,0.005699804984033108,0.5339930057525635,0.24403488636016846,0.005699804984033108,0.5275071263313293,0.2372829020023346,0.005699804984033108,0.5220320820808411,0.24515587091445923,0.005699804984033108,0.5285396575927734,0.2519014775753021,0.005699804984033108,0.5878084301948547,0.2409287691116333,0.006714038085192442,0.5937084555625916,0.24091994762420654,0.006714038085192442,0.5877676010131836,0.23338308930397034,0.006714038085192442,0.5819278955459595,0.2408609241247177,0.006714038085192442,0.5879021883010864,0.24853485822677612,0.006714038085192442
333.3333333333333,0.5600955486297607,0.3190578818321228,-0.017227984964847565,0.5612959265708923,0.2899501323699951,-0.02971901185810566,0.5609257817268372,0.29948553442955017,-0.016035670414566994,0.5558568239212036,0.26399973034858704,-0.021490341052412987,0.5611888766288757,0.28132688999176025,-0.03139237314462662,0.5608386993408203,0.2707479000091553,-0.02880215458571911,0.5598531365394592,0.24599365890026093,-0.013032649643719196,0.5183750987052917,0.24921676516532898,0.008717801421880722,0.5592467784881592,0.22799186408519745,-0.009001357480883598,0.5589794516563416,0.216664656996727,-0.0098292026668787,0.5580041408538818,0.17269949615001678,-0.0017723726341500878,0.5601586103439331,0.3220924735069275,-0.01665687747299671,0.5601755976676941,0.32536399364471436,-0.014811558648943901,0.5602285265922546,0.3277082145214081,-0.011997761204838753,0.5601518154144287,0.3279595375061035,-0.012628602795302868,0.5602863430976868,0.3312366008758545,-0.013344770297408104,0.5604068040847778,0.3352925777435303,-0.01472656149417162,0.5605297088623047,0.33981627225875854,-0.014236155897378922,0.5612666606903076,0.3493039011955261,-0.009129638783633709,0.5612621903419495,0.29468655586242676,-0.0269974023103714,0.556119441986084,0.29529231786727905,-0.01951727643609047,0.49441540241241455,0.22063377499580383,0.03687252849340439,0.5347614288330078,0.2548062205314636,0.0028760337736457586,0.5291205048561096,0.2563166916370392,0.0031652250327169895,0.52364182472229,0.25652796030044556,0.004678731318563223,0.5162976980209351,0.2526668608188629,0.009461892768740654,0.5395745038986206,0.2520817220211029,0.0035738542210310698,0.5255284309387207,0.23188234865665436,0.0008169814245775342,0.5321698188781738,0.23202963173389435,0.0010527755366638303,0.5195565223693848,0.23417478799819946,0.002625057939440012,0.5158054232597351,0.23801811039447784,0.004977611359208822,0.5119218230247498,0.2586742043495178,0.012167556211352348,0.5416275262832642,0.3664177358150482,-0.003926428966224194,0.5162917971611023,0.24710050225257874,0.010604212060570717,0.4941571354866028,0.2577589750289917,0.03761462867259979,0.5052226781845093,0.25418511033058167,0.018054528161883354,0.5330172777175903,0.2887311577796936,-0.003564345883205533,0.5533552765846252,0.31761032342910767,-0.016533834859728813,0.5542582273483276,0.3254052996635437,-0.01412033662199974,0.546707034111023,0.32150891423225403,-0.01353685837239027,0.5423046946525574,0.3256568908691406,-0.00995706208050251,0.5490725636482239,0.3265770375728607,-0.012157225981354713,0.5448480248451233,0.3283260464668274,-0.00876096822321415,0.536937415599823,0.3399670720100403,-0.002796415239572525,0.5567434430122375,0.2901275157928467,-0.02927296794950962,0.5558976531028748,0.2819884121417999,-0.030787108466029167,0.5079828500747681,0.2340497076511383,0.006998831871896982,0.5435411930084229,0.26704615354537964,-0.003591656219214201,0.5437694191932678,0.29033204913139343,-0.01556190475821495,0.5432434678077698,0.2862217128276825,-0.013741438277065754,0.5157915353775024,0.2903185188770294,0.003412671620026231,0.5558847784996033,0.27213969826698303,-0.02713892236351967,0.5215110778808594,0.22311842441558838,-0.0027804861310869455,0.5134331583976746,0.22722961008548737,0.001570369815453887,0.5001835227012634,0.20384222269058228,0.026032250374555588,0.547200083732605,0.22752732038497925,-0.007412419188767672,0.5380305647850037,0.234954833984375,0.002859267173334956,0.5325119495391846,0.3332449793815613,-0.0009602266945876181,0.5043920278549194,0.33769282698631287,0.049319006502628326,0.5480467081069946,0.2946847677230835,-0.013506786897778511,0.552545428276062,0.29680725932121277,-0.014257517643272877,0.5372903347015381,0.3322467803955078,-0.0016406563809141517,0.5386109948158264,0.33183369040489197,-0.0031712150666862726,0.5102328062057495,0.22281530499458313,0.004669073969125748,0.5436199903488159,0.2943439185619354,-0.012592955492436886,0.5326429605484009,0.2226308286190033,-0.005825232248753309,0.5313887000083923,0.21613812446594238,-0.0066976286470890045,0.5245860815048218,0.1799302101135254,0.004814579151570797,0.5053969025611877,0.21189451217651367,0.013726338744163513,0.5289084315299988,0.1963515728712082,-0.001351555809378624,0.5045216679573059,0.23120225965976715,0.01211536768823862,0.499273419380188,0.2253558337688446,0.02363436482846737,0.5536746978759766,0.32181233167648315,-0.016010548919439316,0.5478889346122742,0.32425007224082947,-0.01318398118019104,0.543533980846405,0.3270374536514282,-0.00988453533500433,0.5493758320808411,0.29618582129478455,-0.012409347109496593,0.5379747748374939,0.3320522606372833,-0.002451208420097828,0.5406893491744995,0.3324536681175232,-0.0061950599774718285,0.5393401384353638,0.33160024881362915,-0.0033569158986210823,0.5505985617637634,0.29105138778686523,-0.02114633098244667,0.5458203554153442,0.32917484641075134,-0.007694034371525049,0.5499923825263977,0.3280853033065796,-0.009750551544129848,0.5548523664474487,0.3276633322238922,-0.011486931703984737,0.554523229598999,0.34969624876976013,-0.009091739542782307,0.5538817644119263,0.3395877480506897,-0.01406694483011961,0.5539829134941101,0.33502957224845886,-0.014455214142799377,0.554273247718811,0.3310091495513916,-0.012888554483652115,0.5547676086425781,0.327900767326355,-0.012096302583813667,0.5457550287246704,0.3292207419872284,-0.008116167970001698,0.5448353886604309,0.330873966217041,-0.009084037505090237,0.5438005924224854,0.333052396774292,-0.010142738930881023,0.5429898500442505,0.3356649577617645,-0.009371480904519558,0.5384591817855835,0.31767529249191284,-0.007751057855784893,0.4956076145172119,0.29729944467544556,0.059747762978076935,0.5611090660095215,0.29696130752563477,-0.019823256880044937,0.5426355004310608,0.3303326964378357,-0.005448037292808294,0.5417287945747375,0.33130815625190735,-0.006094664800912142,0.5542836785316467,0.29994696378707886,-0.014671246521174908,0.5457406044006348,0.29934582114219666,-0.008657891303300858,0.5534851551055908,0.29840391874313354,-0.014586248435080051,0.5376043319702148,0.2727148234844208,-0.0019016219303011894,0.5285844206809998,0.2791707515716553,-0.0004927483387291431,0.5424017906188965,0.2903124988079071,-0.010677218437194824,0.5099167823791504,0.1899327039718628,0.014530756510794163,0.5148975849151611,0.20182177424430847,0.0056640636175870895,0.5193814039230347,0.21714013814926147,-0.0013498924672603607,0.5416489839553833,0.3439282774925232,-0.005730951204895973,0.5449146032333374,0.21668919920921326,-0.009349930100142956,0.5428652167320251,0.1943172961473465,-0.005312633700668812,0.5400374531745911,0.1746535748243332,-0.0007354507688432932,0.5189918279647827,0.25551387667655945,0.007139543071389198,0.5061112642288208,0.26530617475509644,0.015179209411144257,0.5427590608596802,0.249563530087471,0.004415004048496485,0.5105433464050293,0.24311797320842743,0.010011241771280766,0.5474616289138794,0.26093482971191406,-0.005477717611938715,0.5470731258392334,0.286420077085495,-0.020922480151057243,0.5004995465278625,0.27222657203674316,0.02117794193327427,0.5103393197059631,0.2705073058605194,0.009856859222054482,0.5179028511047363,0.2726019322872162,0.004602816421538591,0.5287269949913025,0.27001646161079407,0.002141932724043727,0.5365839004516602,0.26561692357063293,0.0010667514288797975,0.542481541633606,0.2608955502510071,-0.00030131282983347774,0.5545896887779236,0.24858075380325317,-0.010999067686498165,0.5025281310081482,0.289797306060791,0.018993010744452477,0.5061237215995789,0.24314390122890472,0.01273365132510662,0.5585301518440247,0.29461684823036194,-0.026727711781859398,0.5443881750106812,0.27454644441604614,-0.0061338827945292,0.4916934072971344,0.258777379989624,0.057040344923734665,0.5468811988830566,0.25582221150398254,-0.0009315537172369659,0.5419555306434631,0.29134950041770935,-0.004964727908372879,0.5140076279640198,0.24804018437862396,0.011639675125479698,0.5467118620872498,0.2814960777759552,-0.01863006316125393,0.4991588294506073,0.31747695803642273,0.05613483116030693,0.542733907699585,0.24668282270431519,0.005909357685595751,0.5511891841888428,0.2758912444114685,-0.023927096277475357,0.517541229724884,0.3529018461704254,0.018022827804088593,0.5180795788764954,0.36339491605758667,0.027986321598291397,0.49706318974494934,0.29389140009880066,0.03926822915673256,0.5102686285972595,0.3431645631790161,0.02586248517036438,0.49630409479141235,0.24030795693397522,0.03233420103788376,0.5406203269958496,0.37510520219802856,-0.0009511842508800328,0.5589951872825623,0.29678037762641907,-0.01946776546537876,0.5395460724830627,0.2814439833164215,-0.004305094480514526,0.5005053281784058,0.25636598467826843,0.023768726736307144,0.5238991379737854,0.2515339255332947,0.005258105229586363,0.5287719368934631,0.2515673041343689,0.003873272566124797,0.5397176146507263,0.3338949680328369,-0.005327590741217136,0.5045685172080994,0.3068654239177704,0.02000110223889351,0.5507435202598572,0.38494402170181274,0.00036616745637729764,0.5341483950614929,0.3780217468738556,0.01195280347019434,0.5267835259437561,0.37238872051239014,0.018910393118858337,0.5584423542022705,0.19364610314369202,-0.006294960156083107,0.5619832277297974,0.38508009910583496,-0.0011140265269204974,0.5335567593574524,0.2503637373447418,0.0036936693359166384,0.5380805730819702,0.24857588112354279,0.004538770765066147,0.5411511063575745,0.2475735992193222,0.005760054104030132,0.5020670890808105,0.24225975573062897,0.01861611381173134,0.5371425747871399,0.24108952283859253,0.0037692803889513016,0.532096266746521,0.23911228775978088,0.0026704110205173492,0.527131199836731,0.23910610377788544,0.0028519106563180685,0.5222082138061523,0.2409706711769104,0.0042230114340782166,0.5192157626152039,0.2434803694486618,0.006117264740169048,0.4918813109397888,0.23786506056785583,0.048379626125097275,0.5206207633018494,0.25052210688591003,0.007085711695253849,0.5609760880470276,0.3065865933895111,-0.015057248994708061,0.5437830090522766,0.3118779957294464,-0.01010904647409916,0.5479738712310791,0.29306861758232117,-0.015480341389775276,0.5538578629493713,0.30767562985420227,-0.014823232777416706,0.5595195889472961,0.23714925348758698,-0.008780738338828087,0.5252169370651245,0.3623024821281433,0.011678141541779041,0.5326532125473022,0.36899206042289734,0.005594193469733,0.5503660440444946,0.37883609533309937,-0.006546382792294025,0.5109825134277344,0.35286998748779297,0.039108868688344955,0.540913999080658,0.24434338510036469,0.005033780355006456,0.5514188408851624,0.2616182863712311,-0.01308052334934473,0.5619629621505737,0.3787224292755127,-0.007809101138263941,0.5419097542762756,0.38236135244369507,0.0049271779134869576,0.5001212358474731,0.3124079406261444,0.037570685148239136,0.5499175786972046,0.32825231552124023,-0.010318447835743427,0.5490034818649292,0.3307889997959137,-0.01132149901241064,0.5483101606369019,0.33400073647499084,-0.012578962370753288,0.5478811264038086,0.3380240499973297,-0.012122036889195442,0.547450602054596,0.34734320640563965,-0.008306778036057949,0.5414481163024902,0.33017316460609436,-0.005821919068694115,0.5402005314826965,0.3297927677631378,-0.005889572203159332,0.5391367673873901,0.3292032480239868,-0.005846926011145115,0.5343779921531677,0.32503169775009155,-0.004418624565005302,0.5120967626571655,0.3094947636127472,0.00835392251610756,0.5511170029640198,0.2540746033191681,-0.00781653355807066,0.546969473361969,0.2398640364408493,0.0021120558958500624,0.5432388186454773,0.2411285638809204,0.0041377851739525795,0.5427144169807434,0.3303803503513336,-0.005179495085030794,0.5123178362846375,0.3302229940891266,0.015729296952486038,0.5521302223205566,0.23903222382068634,-0.005086030811071396,0.5442914962768555,0.35710710287094116,-0.005741794127970934,0.5605034828186035,0.26226651668548584,-0.023309826850891113,0.5551918148994446,0.25660473108291626,-0.016743604093790054,0.5601816773414612,0.25433263182640076,-0.017952406778931618,0.5479499101638794,0.27495625615119934,-0.01336669735610485,0.5617538690567017,0.3700425624847412,-0.010603679344058037,0.5614832043647766,0.35927146673202515,-0.009921499527990818,0.5527170300483704,0.35978350043296814,-0.008997744880616665,0.5314359068870544,0.34495487809181213,0.000386833242373541,0.5374727845191956,0.2988288104534149,-0.004099023062735796,0.5374652743339539,0.35235482454299927,-0.0026135470252484083,0.5242161154747009,0.2995941936969757,-0.0019446715014055371,0.5323036313056946,0.3080252408981323,-0.0038616694509983063,0.5197558999061584,0.31423842906951904,0.0017309313407167792,0.5509724617004395,0.3703667223453522,-0.009185656905174255,0.5447185039520264,0.2803684175014496,-0.009585029445588589,0.5267678499221802,0.35226115584373474,0.005531191825866699,0.5342278480529785,0.35997214913368225,0.0013825488276779652,0.5266397595405579,0.3355197012424469,0.0017244245391339064,0.5067130923271179,0.3211986720561981,0.021257862448692322,0.5196789503097534,0.33789926767349243,0.007501811254769564,0.503899097442627,0.3289393484592438,0.03418984264135361,0.5279927253723145,0.31997326016426086,-0.0019652219489216805,0.5480249524116516,0.2679516077041626,-0.009320581331849098,0.5488905310630798,0.28973573446273804,-0.022210344672203064,0.5455527305603027,0.29274994134902954,-0.016256578266620636,0.5512345433235168,0.28372594714164734,-0.02615382708609104,0.5422584414482117,0.23320256173610687,0.00037891443935222924,0.5324938893318176,0.22883975505828857,-0.0008521258132532239,0.5240275263786316,0.22876162827014923,-0.0006577809690497816,0.5171783566474915,0.23149141669273376,0.001606036676093936,0.512528657913208,0.2362288236618042,0.005221469793468714,0.5102576613426208,0.25103867053985596,0.01390162855386734,0.4947551488876343,0.2757301926612854,0.03873578831553459,0.5151764750480652,0.26177191734313965,0.009207288734614849,0.5211361050605774,0.26347774267196655,0.005738415755331516,0.5286847949028015,0.26261529326438904,0.00343608227558434,0.5357769727706909,0.25978806614875793,0.0025964214000850916,0.5413260459899902,0.25627341866493225,0.0024890403728932142,0.545166015625,0.25302574038505554,0.0022615285124629736,0.49335649609565735,0.27807068824768066,0.060409631580114365,0.5457212924957275,0.2952271103858948,-0.013536049984395504,0.5516952276229858,0.268558144569397,-0.017668703570961952,0.5528448224067688,0.2894487679004669,-0.02657395787537098,0.5557929873466492,0.29368841648101807,-0.02446148358285427,0.5528478622436523,0.291122704744339,-0.02388324774801731,0.5473427772521973,0.2977561950683594,-0.011697526089847088,0.5568177103996277,0.2942359149456024,-0.025972258299589157,0.5573105812072754,0.2964285910129547,-0.019482197239995003,0.5447731614112854,0.2466423213481903,0.0051154689863324165,0.5480563044548035,0.24807965755462646,0.0017379483906552196,0.5500297546386719,0.24901504814624786,-0.0023337742313742638,0.5175821185112,0.24538277089595795,0.00805356539785862,0.5135926008224487,0.24258437752723694,0.008311676792800426,0.5650557279586792,0.26343947649002075,-0.021252362057566643,0.5983773469924927,0.24434950947761536,0.010373501107096672,0.5659767389297485,0.2946704030036926,-0.01935022883117199,0.6195780634880066,0.2130618691444397,0.03956635296344757,0.583443284034729,0.2524595558643341,0.0039054492954164743,0.588863730430603,0.25298863649368286,0.004431336652487516,0.5940414071083069,0.2523917257785797,0.00615860428661108,0.6007457971572876,0.24750876426696777,0.011220969259738922,0.5788118839263916,0.25042715668678284,0.004357949830591679,0.5903140306472778,0.22853530943393707,0.002188921207562089,0.5841387510299683,0.229482039809227,0.0021075515542179346,0.596024751663208,0.22998957335948944,0.004234396852552891,0.5997552275657654,0.23321649432182312,0.00668475404381752,0.6054874062538147,0.25296294689178467,0.014054356142878532,0.581402063369751,0.36365216970443726,-0.0030974301043897867,0.6002058982849121,0.24197623133659363,0.012339356355369091,0.6216062307357788,0.25016313791275024,0.04022544249892235,0.611582338809967,0.2478591799736023,0.02017601951956749,0.5874557495117188,0.28559428453445435,-0.002512209117412567,0.5667464733123779,0.31724268198013306,-0.01627442240715027,0.5660707354545593,0.32513877749443054,-0.013893181458115578,0.5735116600990295,0.3208034634590149,-0.013013644143939018,0.5778769254684448,0.32477083802223206,-0.00918248388916254,0.5712903738021851,0.3261053264141083,-0.011726954951882362,0.5754194259643555,0.32769453525543213,-0.008112560957670212,0.5846171975135803,0.33694472908973694,-0.0017151209758594632,0.5657783150672913,0.2895723283290863,-0.02912234514951706,0.5662769675254822,0.2813204824924469,-0.030616000294685364,0.606927216053009,0.22826598584651947,0.009021158330142498,0.5761691331863403,0.26507553458213806,-0.002891202922910452,0.577710747718811,0.2881912291049957,-0.014944920316338539,0.5778557062149048,0.2840639650821686,-0.013119020499289036,0.6041355133056641,0.28516650199890137,0.00520231993868947,0.5656856894493103,0.27149367332458496,-0.026916591450572014,0.5932697653770447,0.2200242280960083,-0.0012913297396153212,0.6012251973152161,0.22263042628765106,0.0033985720947384834,0.6139346957206726,0.19700613617897034,0.028476767241954803,0.569616973400116,0.2278284728527069,-0.006936433259397745,0.5789152383804321,0.23309274017810822,0.00366148236207664,0.58882737159729,0.329770565032959,0.0003640867944341153,0.615673840045929,0.3308033049106598,0.05175348371267319,0.5736643671989441,0.2930532395839691,-0.012986580841243267,0.5693190693855286,0.2957996129989624,-0.013996084220707417,0.5829519033432007,0.33134567737579346,-0.0004486596444621682,0.5816313624382019,0.3310023546218872,-0.002141359494999051,0.603985071182251,0.21748459339141846,0.006624788511544466,0.5777866244316101,0.29228314757347107,-0.01198102068156004,0.5828277468681335,0.22121787071228027,-0.004828816745430231,0.5835070610046387,0.2144010365009308,-0.005677774082869291,0.5905383229255676,0.17609404027462006,0.006181039847433567,0.6098045110702515,0.20552068948745728,0.015893269330263138,0.5870192050933838,0.19287681579589844,-0.00016993378812912852,0.6100221872329712,0.22476883232593536,0.014311440289020538,0.6158574819564819,0.21833617985248566,0.025982800871133804,0.5665866732597351,0.321478933095932,-0.015777036547660828,0.5724186301231384,0.3236786127090454,-0.012711761519312859,0.5767038464546204,0.3262649178504944,-0.009190073236823082,0.5722805261611938,0.29475685954093933,-0.012023943476378918,0.5822761654853821,0.33119282126426697,-0.0013677722308784723,0.5796960592269897,0.331689715385437,-0.005315989721566439,0.5808880925178528,0.33078762888908386,-0.0023575695231556892,0.5713567137718201,0.2897387146949768,-0.0207065436989069,0.574405312538147,0.3285783529281616,-0.007052173372358084,0.5703272223472595,0.3276692032814026,-0.009313073940575123,0.5655331015586853,0.32744696736335754,-0.011256460100412369,0.5679693818092346,0.34886032342910767,-0.008830016478896141,0.567145049571991,0.3392810821533203,-0.013798250816762447,0.5667268633842468,0.33470094203948975,-0.014174111187458038,0.5661789774894714,0.3307051956653595,-0.01263444684445858,0.5654633641242981,0.3276582658290863,-0.011854439042508602,0.5743724703788757,0.32863813638687134,-0.007467101328074932,0.5754975080490112,0.33023494482040405,-0.008422799408435822,0.576690673828125,0.3323823809623718,-0.009474696591496468,0.5777032375335693,0.33494964241981506,-0.008638795465230942,0.5829199552536011,0.3150002956390381,-0.006857508793473244,0.6214722990989685,0.28987234830856323,0.06246345117688179,0.5774880647659302,0.32964804768562317,-0.004613898228853941,0.5785320401191711,0.33057868480682373,-0.005263170227408409,0.5677101016044617,0.2992209792137146,-0.01443496998399496,0.5757010579109192,0.2976095676422119,-0.008187566883862019,0.5684797763824463,0.29757118225097656,-0.014333951286971569,0.582099199295044,0.27011674642562866,-0.000973233487457037,0.5912357568740845,0.2755904793739319,0.0007551843300461769,0.5787141919136047,0.288129061460495,-0.010020848363637924,0.6046370267868042,0.1843101978302002,0.016516564413905144,0.6005441546440125,0.1966720074415207,0.007387255318462849,0.5948581099510193,0.21343708038330078,0.00017720994947012514,0.5802416205406189,0.3414018750190735,-0.004851916339248419,0.5709153413772583,0.21670471131801605,-0.008826842531561852,0.5735761523246765,0.19251251220703125,-0.004687966778874397,0.5755857229232788,0.17261354625225067,-3.263859252911061e-05,0.5983415842056274,0.2507561147212982,0.008804995566606522,0.6118031740188599,0.2590067982673645,0.01727381721138954,0.5757358074188232,0.2484082579612732,0.005124037619680166,0.6053255796432495,0.23742395639419556,0.011914048343896866,0.572221040725708,0.259403258562088,-0.004917110316455364,0.5745331645011902,0.2846992611885071,-0.020403744652867317,0.6172709465026855,0.26526322960853577,0.023566585034132004,0.6080674529075623,0.26455891132354736,0.011827340349555016,0.6010337471961975,0.2675994336605072,0.006248563062399626,0.590518593788147,0.26665282249450684,0.0033719567582011223,0.5827199220657349,0.2633620500564575,0.0019983036909252405,0.5768314599990845,0.25947830080986023,0.00042398032383061945,0.5650352239608765,0.24793459475040436,-0.010751892812550068,0.6165177822113037,0.28301623463630676,0.02135486900806427,0.6096013784408569,0.23700061440467834,0.014854350127279758,0.5639180541038513,0.29427531361579895,-0.02659633196890354,0.5758303999900818,0.2726276218891144,-0.005480736959725618,0.6230807900428772,0.2509195804595947,0.05993211641907692,0.5723503828048706,0.2550017535686493,-0.00038925971603021026,0.579008162021637,0.289161741733551,-0.00436202809214592,0.6025307774543762,0.24266943335533142,0.013485913164913654,0.5744867920875549,0.27973413467407227,-0.018099907785654068,0.6194093823432922,0.31024080514907837,0.058770496398210526,0.5755964517593384,0.24549101293087006,0.0066593061201274395,0.5701367855072021,0.2746715545654297,-0.023530863225460052,0.6045553088188171,0.34712857007980347,0.019798068329691887,0.6040894985198975,0.3575432300567627,0.0298168808221817,0.6210792064666748,0.2864253520965576,0.04180782288312912,0.6111611127853394,0.3367026448249817,0.027911512181162834,0.6189559102058411,0.23299658298492432,0.034834399819374084,0.582779586315155,0.37205642461776733,-7.891828863648698e-05,0.563224732875824,0.29653775691986084,-0.01939046010375023,0.5807172656059265,0.27903836965560913,-0.0035078441724181175,0.6165403127670288,0.24983546137809753,0.02609376795589924,0.5933260917663574,0.2474679946899414,0.006719279568642378,0.5887570977210999,0.2482323795557022,0.005137312225997448,0.5807784199714661,0.33305442333221436,-0.004352501127868891,0.6154140830039978,0.30023351311683655,0.02225179225206375,0.5730550289154053,0.38326993584632874,0.0008713274146430194,0.5889692306518555,0.3738462030887604,0.013116339221596718,0.5960142016410828,0.36734652519226074,0.020389555022120476,0.584220290184021,0.24781261384487152,0.0047711958177387714,0.5799093246459961,0.24672839045524597,0.005463168490678072,0.5770719051361084,0.2462109923362732,0.006575461011379957,0.6134091019630432,0.23549722135066986,0.02087543159723282,0.5802661776542664,0.238686665892601,0.004752553068101406,0.5847183465957642,0.23581810295581818,0.0038168667815625668,0.5893816947937012,0.23514193296432495,0.0042155589908361435,0.5941171646118164,0.23641139268875122,0.005746154114603996,0.5970935821533203,0.23859569430351257,0.007725425995886326,0.6222449541091919,0.23000189661979675,0.051229096949100494,0.5963477492332458,0.2459719181060791,0.008676736615598202,0.5778371691703796,0.30982911586761475,-0.009399788454174995,0.5737703442573547,0.29143884778022766,-0.015037588775157928,0.5681599974632263,0.30682894587516785,-0.014537009410560131,0.5973522663116455,0.35735324025154114,0.013146867975592613,0.5902775526046753,0.3648724853992462,0.006743757985532284,0.573421061038971,0.3771836459636688,-0.006090390961617231,0.6103670597076416,0.34639179706573486,0.041271548718214035,0.5770749449729919,0.24273818731307983,0.0058732591569423676,0.5688204169273376,0.26054102182388306,-0.012704097665846348,0.5815554261207581,0.3792876601219177,0.005792594980448484,0.6191912293434143,0.30515995621681213,0.04001188278198242,0.5702785849571228,0.32779747247695923,-0.009839378297328949,0.5713760852813721,0.3302561640739441,-0.010835554450750351,0.5723023414611816,0.3334310054779053,-0.012095720507204533,0.5730572938919067,0.3374728560447693,-0.011614175513386726,0.5747222304344177,0.3455190658569336,-0.007647401187568903,0.5787975192070007,0.3293573260307312,-0.00492703914642334,0.5799843072891235,0.328877329826355,-0.004907313734292984,0.5810472965240479,0.3281922936439514,-0.004780211485922337,0.5869088768959045,0.3218289911746979,-0.0032262590248137712,0.6084026098251343,0.30375558137893677,0.010337268002331257,0.5684967041015625,0.2530302405357361,-0.007414759136736393,0.5710400938987732,0.23929524421691895,0.002600462641566992,0.5745956301689148,0.2400018572807312,0.004814355634152889,0.577526330947876,0.3296729028224945,-0.004333427641540766,0.6088605523109436,0.32417646050453186,0.017722981050610542,0.5660555958747864,0.23924800753593445,-0.0048004938289523125,0.5782837271690369,0.3547573387622833,-0.005043860524892807,0.5650972127914429,0.2559642493724823,-0.01654447801411152,0.5727460384368896,0.2734403908252716,-0.012896568514406681,0.5701732635498047,0.35859379172325134,-0.008669876493513584,0.590382993221283,0.34113675355911255,0.001613179687410593,0.583510160446167,0.2961323857307434,-0.0032641373109072447,0.5847234129905701,0.3491462767124176,-0.0016631071921437979,0.5964062809944153,0.29538631439208984,-0.000528971606399864,0.5888202786445618,0.30471473932266235,-0.002760319272056222,0.6012163758277893,0.3093758821487427,0.0033508152700960636,0.5724263787269592,0.3689069449901581,-0.008772427216172218,0.575966477394104,0.2784340977668762,-0.009014797396957874,0.5954083204269409,0.34764039516448975,0.006962945684790611,0.5883375406265259,0.3562036454677582,0.0024597076699137688,0.5948561429977417,0.3312753736972809,0.0032449509017169476,0.6139348745346069,0.31462013721466064,0.023463808000087738,0.6019103527069092,0.3326440751552582,0.009250014089047909,0.6164873838424683,0.32193824648857117,0.03651721030473709,0.5932621955871582,0.31608784198760986,-0.0005901783588342369,0.5721601843833923,0.26647087931632996,-0.008799981325864792,0.5730154514312744,0.288203626871109,-0.02171255648136139,0.5761096477508545,0.2908201217651367,-0.01574067957699299,0.5706818103790283,0.28248393535614014,-0.02570820227265358,0.5747548937797546,0.23224905133247375,0.0010674305958673358,0.5834465622901917,0.2267451137304306,0.00023291526304092258,0.5913852453231812,0.22550174593925476,0.000729147344827652,0.5980646014213562,0.22714152932167053,0.003287697909399867,0.6027833223342896,0.23102682828903198,0.007047135382890701,0.6064198017120361,0.24530722200870514,0.01586036942899227,0.6220961213111877,0.26812243461608887,0.041398800909519196,0.6025680899620056,0.2565053105354309,0.01096103060990572,0.5970748662948608,0.25899550318717957,0.007280522491782904,0.5898690819740295,0.2592661380767822,0.004691661335527897,0.5829379558563232,0.2575052082538605,0.0035512277390807867,0.5775269269943237,0.2548008859157562,0.0031921924091875553,0.5737349987030029,0.25202348828315735,0.002814115723595023,0.6224504709243774,0.2704791724681854,0.06327631324529648,0.5758477449417114,0.29335036873817444,-0.013027170673012733,0.5691058039665222,0.26747509837150574,-0.017300156876444817,0.5693718194961548,0.28839367628097534,-0.026247212663292885,0.566402792930603,0.29302626848220825,-0.024265693500638008,0.569271981716156,0.29013940691947937,-0.02355886809527874,0.5742298364639282,0.29610303044319153,-0.011269371025264263,0.5655187964439392,0.2936958968639374,-0.025802230462431908,0.564824640750885,0.29594069719314575,-0.019362198188900948,0.5736377835273743,0.24577587842941284,0.005712282843887806,0.5706731677055359,0.24748586118221283,0.002163463272154331,0.5688732266426086,0.24865950644016266,-0.0019575816113501787,0.5988057851791382,0.24037300050258636,0.00974352192133665,0.6022831797599792,0.23733259737491608,0.010108520276844501,0.5282643437385559,0.24421001970767975,0.005510011222213507,0.534188449382782,0.24363389611244202,0.005510011222213507,0.5277116894721985,0.23697654902935028,0.005510011222213507,0.5222388505935669,0.24474088847637177,0.005510011222213507,0.5287482142448425,0.2513968348503113,0.005510011222213507,0.588347852230072,0.24029985070228577,0.006786791142076254,0.5942208170890808,0.24030038714408875,0.006786791142076254,0.588338315486908,0.23279893398284912,0.006786791142076254,0.5825027227401733,0.24021874368190765,0.006786791142076254,0.5884132981300354,0.24787113070487976,0.006786791142076254
366.66666666666663,0.5605137944221497,0.31945863366127014,-0.017114853486418724,0.5619340538978577,0.2903805673122406,-0.029671557247638702,0.5615570545196533,0.29976528882980347,-0.01600315049290657,0.5565784573554993,0.26436787843704224,-0.0214687529951334,0.5618355870246887,0.2817767858505249,-0.03134481981396675,0.5615252256393433,0.271182119846344,-0.02876230515539646,0.5606494545936584,0.2462897002696991,-0.013057528994977474,0.519099235534668,0.24940699338912964,0.008710427209734917,0.5600481033325195,0.22808288037776947,-0.00901102740317583,0.5597779154777527,0.2167411744594574,-0.009833835996687412,0.558809757232666,0.1726292073726654,-0.0017825738759711385,0.5605703592300415,0.3224778473377228,-0.016538256779313087,0.5606061220169067,0.32568296790122986,-0.014700639061629772,0.5606902241706848,0.32794976234436035,-0.011877772398293018,0.560624897480011,0.32805997133255005,-0.012460124678909779,0.5607193112373352,0.3312388062477112,-0.013151858001947403,0.5608142018318176,0.33515286445617676,-0.014543825760483742,0.560935914516449,0.3395039737224579,-0.014069674536585808,0.5619317293167114,0.34934359788894653,-0.009025223553180695,0.5618982315063477,0.2950840890407562,-0.026953324675559998,0.5567695498466492,0.295642226934433,-0.0194828100502491,0.49541786313056946,0.2199861705303192,0.03676784783601761,0.5355963706970215,0.25487756729125977,0.002844558097422123,0.5299815535545349,0.2564038336277008,0.003147219540551305,0.5244948267936707,0.25665009021759033,0.004667492117732763,0.5170356631278992,0.25277477502822876,0.009453542530536652,0.540351152420044,0.2521953284740448,0.003543994389474392,0.526071310043335,0.2320028394460678,0.0008040612447075546,0.5327418446540833,0.23214557766914368,0.0010329086799174547,0.5201021432876587,0.2343328297138214,0.002620281185954809,0.5163654685020447,0.23820342123508453,0.004973720293492079,0.5127279162406921,0.25868523120880127,0.012161243706941605,0.542445719242096,0.3660242557525635,-0.003811242990195751,0.5169634222984314,0.2472570836544037,0.010596800595521927,0.49514108896255493,0.25713807344436646,0.03756788745522499,0.5059490203857422,0.25408750772476196,0.018044888973236084,0.5337033867835999,0.2887359857559204,-0.003560347482562065,0.5537545680999756,0.3178592920303345,-0.01641814038157463,0.554714560508728,0.3256128132343292,-0.01400833111256361,0.5472114682197571,0.32153597474098206,-0.01343799103051424,0.542940616607666,0.3255850374698639,-0.009875540621578693,0.5496000051498413,0.326623797416687,-0.012060289271175861,0.5454723834991455,0.3282494843006134,-0.008688108995556831,0.5376970767974854,0.3397531509399414,-0.0027500195428729057,0.5573949217796326,0.2905385196208954,-0.029222985729575157,0.5565633773803711,0.2824080288410187,-0.030735857784748077,0.5085263252258301,0.23412172496318817,0.007010651286691427,0.5442706942558289,0.2671785354614258,-0.003605764592066407,0.5445016622543335,0.29055124521255493,-0.015520740300416946,0.543979823589325,0.28642547130584717,-0.013709567487239838,0.5165082216262817,0.29014095664024353,0.0034153801389038563,0.5565719604492188,0.2725389301776886,-0.027098815888166428,0.5220103859901428,0.22329628467559814,-0.0027633432764559984,0.5139337182044983,0.227369487285614,0.0015936606796458364,0.5011662840843201,0.20334529876708984,0.02595599927008152,0.547808825969696,0.22760604321956635,-0.007411723490804434,0.5386273860931396,0.23509302735328674,0.0028268296737223864,0.5332872271537781,0.3330179452896118,-0.0009138960158452392,0.5056098103523254,0.3364596366882324,0.04912538081407547,0.5487610697746277,0.2949260175228119,-0.013495025224983692,0.5532204508781433,0.29707014560699463,-0.014232915826141834,0.5381372570991516,0.3322508931159973,-0.0016002285992726684,0.5394531488418579,0.3317983150482178,-0.0031285551376640797,0.5106518268585205,0.22288544476032257,0.004692500457167625,0.5443549156188965,0.29451245069503784,-0.012557081878185272,0.5331660509109497,0.22278931736946106,-0.0058205872774124146,0.5318620800971985,0.21628448367118835,-0.006691502872854471,0.5254228115081787,0.17969118058681488,0.004794723819941282,0.5062989592552185,0.21158945560455322,0.013728919439017773,0.5297412872314453,0.19627679884433746,-0.0013592852046713233,0.5049824714660645,0.23111945390701294,0.01211538165807724,0.5001702904701233,0.2249102145433426,0.023611528798937798,0.5540979504585266,0.32207101583480835,-0.015894722193479538,0.5484071373939514,0.3243081867694855,-0.013079538010060787,0.5441617369651794,0.3269761800765991,-0.009806398302316666,0.550083577632904,0.29641762375831604,-0.012381531298160553,0.5388180017471313,0.332038938999176,-0.0024091477971524,0.5414064526557922,0.3324204683303833,-0.006125469226390123,0.5401673913002014,0.3315434455871582,-0.00330908945761621,0.5512698888778687,0.29139840602874756,-0.021105345338582993,0.5464579463005066,0.32908961176872253,-0.007615700829774141,0.5505433082580566,0.3281157910823822,-0.009649359621107578,0.5553426742553711,0.3278314769268036,-0.011365563608705997,0.5552336573600769,0.3496394157409668,-0.008995345793664455,0.5543444156646729,0.3392709791660309,-0.013902006670832634,0.5544427037239075,0.33485549688339233,-0.01427693571895361,0.5547565221786499,0.33098286390304565,-0.012696613557636738,0.5552802085876465,0.3279513120651245,-0.01192965917289257,0.5464103817939758,0.3291594982147217,-0.008006828837096691,0.5454704761505127,0.330824077129364,-0.008961562998592854,0.5444265007972717,0.33297738432884216,-0.010025682859122753,0.5435975790023804,0.33555716276168823,-0.009263571351766586,0.5391460657119751,0.3176071047782898,-0.007693743798881769,0.4967159926891327,0.2962595224380493,0.0595347061753273,0.5617488026618958,0.29731467366218567,-0.01978730782866478,0.5433648824691772,0.3302730917930603,-0.0053848340176045895,0.5424471497535706,0.33126893639564514,-0.006019787862896919,0.5549255013465881,0.30018484592437744,-0.014637419953942299,0.5464494228363037,0.2994694411754608,-0.008631615899503231,0.5541400909423828,0.29865604639053345,-0.01455806102603674,0.5383115410804749,0.2727851867675781,-0.0019136385526508093,0.5292701125144958,0.2791503071784973,-0.0004961549420841038,0.5431379675865173,0.29046815633773804,-0.01064716000109911,0.5108413100242615,0.18958063423633575,0.014485112391412258,0.5157814025878906,0.20165017247200012,0.005667258054018021,0.5198129415512085,0.2172839492559433,-0.0013344206381589174,0.5424135327339172,0.34374719858169556,-0.005667250137776136,0.5454397201538086,0.21675512194633484,-0.00934959389269352,0.543666660785675,0.19430439174175262,-0.005331636406481266,0.5408426523208618,0.1745038777589798,-0.0007441938505508006,0.5197963118553162,0.25563162565231323,0.0071277315728366375,0.5069611668586731,0.2652369439601898,0.015173939988017082,0.5434803366661072,0.24972942471504211,0.004383208695799112,0.5111711025238037,0.2432296872138977,0.010016650892794132,0.5482037663459778,0.2611144185066223,-0.005493804346770048,0.5477690696716309,0.2867342233657837,-0.020880836993455887,0.5013288259506226,0.27179282903671265,0.021166473627090454,0.5112633109092712,0.27046775817871094,0.00985806155949831,0.5188738107681274,0.2725945711135864,0.004598342813551426,0.5297114253044128,0.2700464427471161,0.0021299379877746105,0.5375499129295349,0.2656933665275574,0.0010482288198545575,0.543390691280365,0.2610408365726471,-0.0003262060636188835,0.5553702712059021,0.2488446980714798,-0.011021106503903866,0.5033551454544067,0.28933805227279663,0.01898099295794964,0.5067477822303772,0.2431246042251587,0.012725274078547955,0.5591774582862854,0.29500651359558105,-0.026681719347834587,0.5451217293739319,0.27470892667770386,-0.006139629054814577,0.49274304509162903,0.2579134404659271,0.05687959864735603,0.5477471351623535,0.2560374140739441,-0.0009549680398777127,0.5426788330078125,0.291460782289505,-0.004947165958583355,0.5146626830101013,0.24817083775997162,0.011639301665127277,0.5474193692207336,0.28177568316459656,-0.018599461764097214,0.5003311634063721,0.31633034348487854,0.055913303047418594,0.5434068441390991,0.2468479573726654,0.005876042880117893,0.5518863797187805,0.27623435854911804,-0.02389281988143921,0.5185905694961548,0.35208261013031006,0.018048947677016258,0.5192438960075378,0.36226046085357666,0.027886778116226196,0.49805256724357605,0.293142706155777,0.0392051637172699,0.5113609433174133,0.3422608971595764,0.025853371247649193,0.4972362518310547,0.23978333175182343,0.032292403280735016,0.5414751172065735,0.37456145882606506,-0.0008239964372478426,0.5596374273300171,0.2971271872520447,-0.019433490931987762,0.5402571558952332,0.2815302312374115,-0.004307666327804327,0.5011942386627197,0.2561725974082947,0.02375071868300438,0.524706244468689,0.25171440839767456,0.00524381035938859,0.5295846462249756,0.2516973316669464,0.003856293624266982,0.5404300093650818,0.333864688873291,-0.005267624743282795,0.5054486989974976,0.30630606412887573,0.01998550444841385,0.5515546798706055,0.3844083249568939,0.00045599316945299506,0.5351536870002747,0.3771701455116272,0.011951456777751446,0.5278727412223816,0.37139081954956055,0.018865017220377922,0.559255063533783,0.19368445873260498,-0.006328435614705086,0.562678873538971,0.38470110297203064,-0.0010014849249273539,0.5343450903892517,0.25046250224113464,0.003670450998470187,0.5388287305831909,0.24867676198482513,0.004507365170866251,0.5418633222579956,0.24770596623420715,0.005726688541471958,0.5026270747184753,0.2420717179775238,0.01860477216541767,0.5377365350723267,0.24115139245986938,0.0037264302372932434,0.5326712131500244,0.2390855848789215,0.002642568666487932,0.5276983976364136,0.23907920718193054,0.002834613434970379,0.522789478302002,0.24098660051822662,0.0042092991061508656,0.519827127456665,0.2435610443353653,0.0061079212464392185,0.4929012656211853,0.23712174594402313,0.04824265465140343,0.5213901996612549,0.25072231888771057,0.007074753288179636,0.5615970492362976,0.3067667782306671,-0.015006566420197487,0.5444315671920776,0.3118904232978821,-0.010059400461614132,0.5486831068992615,0.29334017634391785,-0.015449765138328075,0.5544899106025696,0.30781370401382446,-0.014761466532945633,0.560333788394928,0.23732197284698486,-0.008815642446279526,0.526202917098999,0.3615647256374359,0.011737189255654812,0.5335830450057983,0.3683260977268219,0.005684839095920324,0.5511273145675659,0.3784402310848236,-0.006392308976501226,0.5121886134147644,0.3516519367694855,0.038941316306591034,0.541557252407074,0.24449890851974487,0.004996913950890303,0.5521632432937622,0.2618957459926605,-0.01308516412973404,0.5626235008239746,0.3784707188606262,-0.007635749876499176,0.5428215861320496,0.38166582584381104,0.0049794577062129974,0.5011560916900635,0.31156107783317566,0.03751440346240997,0.5504975914955139,0.32823529839515686,-0.010175120085477829,0.549563467502594,0.3307317793369293,-0.011154632084071636,0.5488572120666504,0.3338667154312134,-0.012424805201590061,0.5484124422073364,0.3378036916255951,-0.011985111981630325,0.5482031106948853,0.3472194969654083,-0.00822171289473772,0.5421718955039978,0.3300766348838806,-0.00577780045568943,0.5409371852874756,0.3297173082828522,-0.005843162536621094,0.5398820638656616,0.3291260302066803,-0.005797659978270531,0.5351146459579468,0.3248770236968994,-0.004370857495814562,0.5129050016403198,0.3091229796409607,0.008350354619324207,0.5518761873245239,0.2542992830276489,-0.00784063059836626,0.5476295948028564,0.24001756310462952,0.0020708353258669376,0.5438702702522278,0.24130135774612427,0.004111609421670437,0.5434378385543823,0.3302651047706604,-0.005133487284183502,0.5132685303688049,0.32960569858551025,0.015734117478132248,0.552894115447998,0.2391808032989502,-0.005110589321702719,0.5450750589370728,0.35684189200401306,-0.005658511538058519,0.5612305998802185,0.26266634464263916,-0.023292025551199913,0.55594801902771,0.25692975521087646,-0.01674664206802845,0.5609434843063354,0.25469037890434265,-0.017961513251066208,0.5486687421798706,0.2752097547054291,-0.01335932593792677,0.562419056892395,0.3699114918708801,-0.010422391816973686,0.5621533989906311,0.35924822092056274,-0.00976542942225933,0.5534474849700928,0.3596413731575012,-0.008859759196639061,0.5322639346122742,0.34461596608161926,0.00044699161662720144,0.538166880607605,0.29884660243988037,-0.004087850917130709,0.5382728576660156,0.35202500224113464,-0.00254716444760561,0.5249325037002563,0.299490749835968,-0.0019376580603420734,0.5330092310905457,0.3079586923122406,-0.0038506891578435898,0.520537257194519,0.3139859735965729,0.0017470783786848187,0.5517221689224243,0.37010467052459717,-0.009030154906213284,0.545446515083313,0.2805580198764801,-0.009573644958436489,0.5276755690574646,0.3517472743988037,0.0055909850634634495,0.5350998640060425,0.3594951331615448,0.0014684859197586775,0.5274603962898254,0.3351939916610718,0.0017696056747809052,0.5076637268066406,0.3205296993255615,0.021241111680865288,0.5205895900726318,0.3373965620994568,0.007533116266131401,0.5049827694892883,0.3280157446861267,0.03415076807141304,0.5287556648254395,0.31979498267173767,-0.0019454096909612417,0.5487621426582336,0.26817575097084045,-0.00932307355105877,0.5495720505714417,0.2900780737400055,-0.022167807444930077,0.5462802052497864,0.2929907739162445,-0.016217755153775215,0.5519135594367981,0.28410080075263977,-0.02611636184155941,0.5428397059440613,0.2333567887544632,0.00035176650271750987,0.5330507755279541,0.229017436504364,-0.0008635454578325152,0.5245717167854309,0.22896191477775574,-0.000651448150165379,0.5177279114723206,0.23170438408851624,0.0016197641380131245,0.5131009817123413,0.23642310500144958,0.00523513974621892,0.5109567642211914,0.2510690987110138,0.013898774981498718,0.49573248624801636,0.27505171298980713,0.03868332877755165,0.5160395503044128,0.26181018352508545,0.009198907762765884,0.5220649838447571,0.26352658867836,0.005728085525333881,0.5296264886856079,0.2626592516899109,0.003422315465286374,0.5366789698600769,0.25984886288642883,0.0025652421172708273,0.5421572923660278,0.2563798129558563,0.002462177537381649,0.5459507703781128,0.2531754672527313,0.0022315001115202904,0.49443262815475464,0.27711135149002075,0.06021668761968613,0.5464468002319336,0.29542914032936096,-0.013503100723028183,0.5524116158485413,0.2688738703727722,-0.017653988674283028,0.5535114407539368,0.289847195148468,-0.026528870686888695,0.5564414262771606,0.29406681656837463,-0.0244187880307436,0.5535085797309875,0.2915017902851105,-0.023841816931962967,0.5480539798736572,0.2979326844215393,-0.011671185493469238,0.5574668049812317,0.2946198582649231,-0.025926265865564346,0.557955801486969,0.29677626490592957,-0.01944892108440399,0.5454484224319458,0.24683740735054016,0.005086851306259632,0.5487879514694214,0.24825626611709595,0.0017059259116649628,0.5508441925048828,0.249258890748024,-0.002363440115004778,0.5182233452796936,0.24551145732402802,0.008045361377298832,0.5142011642456055,0.24275842308998108,0.008309775963425636,0.5657927393913269,0.2638395130634308,-0.021247893571853638,0.59889155626297,0.24450281262397766,0.0102701336145401,0.5666072964668274,0.29505524039268494,-0.019325412809848785,0.6203514933586121,0.21289755403995514,0.03942260146141052,0.583942174911499,0.25231048464775085,0.0038190654013305902,0.589407205581665,0.2528949975967407,0.00434116180986166,0.5946239233016968,0.2523789405822754,0.006066665053367615,0.6013209819793701,0.24771250784397125,0.011122179217636585,0.5792537927627563,0.25023600459098816,0.0042776851914823055,0.5909550786018372,0.22851169109344482,0.002105508930981159,0.5847344398498535,0.22932732105255127,0.0020327812526375055,0.5966611504554749,0.2301107496023178,0.004148148000240326,0.6003749370574951,0.23345069587230682,0.006588894408196211,0.6061943173408508,0.2531794607639313,0.01394363958388567,0.5819525718688965,0.3635175824165344,-0.002994249574840069,0.6007425785064697,0.24223697185516357,0.012237491086125374,0.6223729848861694,0.2499658167362213,0.04005051031708717,0.6123133301734924,0.24821224808692932,0.020049279555678368,0.5882216691970825,0.2858312129974365,-0.002560332417488098,0.5672686100006104,0.31759610772132874,-0.01617826335132122,0.5665963292121887,0.3254367411136627,-0.013792549259960651,0.5741348266601562,0.3210639953613281,-0.01295037753880024,0.5785741209983826,0.32497498393058777,-0.009146899916231632,0.5719295740127563,0.32631608843803406,-0.01165198627859354,0.5761616826057434,0.3278278410434723,-0.00807093270123005,0.5852242708206177,0.337093323469162,-0.001700756954960525,0.5664072036743164,0.2900191843509674,-0.029081694781780243,0.5669334530830383,0.2817882299423218,-0.030575677752494812,0.6076050400733948,0.22871500253677368,0.008938884362578392,0.5769721865653992,0.2653299570083618,-0.002946244552731514,0.5783579349517822,0.28862079977989197,-0.014949948526918888,0.578539252281189,0.2844722867012024,-0.013132834807038307,0.6049204468727112,0.2853207588195801,0.005125696305185556,0.5663795471191406,0.271939218044281,-0.026891540735960007,0.5939376354217529,0.2201279252767563,-0.0013394345296546817,0.6018953323364258,0.22292456030845642,0.0033461146522313356,0.6147046685218811,0.1969502717256546,0.0283725094050169,0.5702419281005859,0.22761166095733643,-0.006961172912269831,0.5794347524642944,0.23285657167434692,0.003583109239116311,0.5894250869750977,0.32995274662971497,0.0003725825808942318,0.6159443259239197,0.33012065291404724,0.05156118795275688,0.5742858648300171,0.29345881938934326,-0.012978707440197468,0.5699515342712402,0.29617077112197876,-0.013972587883472443,0.5837838053703308,0.3315432369709015,-0.00045168373617343605,0.5824375748634338,0.33116933703422546,-0.002145321574062109,0.6046494841575623,0.21783661842346191,0.006564378272742033,0.5784249305725098,0.292677104473114,-0.011990409344434738,0.5834699273109436,0.22112423181533813,-0.004862336907535791,0.5841861367225647,0.21431824564933777,-0.005713449791073799,0.591330885887146,0.17610421776771545,0.006131978705525398,0.6105808019638062,0.20556631684303284,0.01580880396068096,0.5878109335899353,0.19298547506332397,-0.0002341785148018971,0.6107031106948853,0.22521591186523438,0.014218990691006184,0.6166504621505737,0.21827581524848938,0.025851402431726456,0.5670934915542603,0.3218308091163635,-0.01567820832133293,0.5730423331260681,0.32392367720603943,-0.012639922089874744,0.5774095058441162,0.32644474506378174,-0.009148268960416317,0.5729038715362549,0.2951514720916748,-0.012023037299513817,0.5830961465835571,0.3313763737678528,-0.0013664044672623277,0.5805179476737976,0.3318413496017456,-0.005294675473123789,0.5817016959190369,0.3309331238269806,-0.002355647971853614,0.5719927549362183,0.29017823934555054,-0.020692797377705574,0.5751843452453613,0.328671395778656,-0.007013338152319193,0.5709970593452454,0.32783740758895874,-0.00923900492489338,0.5660866498947144,0.32768967747688293,-0.011153259314596653,0.5686095356941223,0.34891068935394287,-0.008741314522922039,0.567616879940033,0.3390582501888275,-0.01365362573415041,0.5672104358673096,0.3346249461174011,-0.014012838713824749,0.5666919946670532,0.33076900243759155,-0.012467359192669392,0.5660178065299988,0.3277897536754608,-0.011708687990903854,0.5751453042030334,0.3287702798843384,-0.007400932256132364,0.5762584209442139,0.3303607404232025,-0.00834866613149643,0.5774403810501099,0.33248552680015564,-0.009414511732757092,0.5784370303153992,0.3350098431110382,-0.008597060106694698,0.583560049533844,0.3152238428592682,-0.006860669702291489,0.6220095753669739,0.28930625319480896,0.06222602725028992,0.5783323049545288,0.32978832721710205,-0.00459571136161685,0.5793576836585999,0.33073100447654724,-0.005239386577159166,0.5683587789535522,0.2995455861091614,-0.014409368857741356,0.5763424038887024,0.2979545295238495,-0.008200888521969318,0.5691207647323608,0.29792097210884094,-0.014307301491498947,0.5828988552093506,0.2703453600406647,-0.0010368176735937595,0.5920460820198059,0.27579227089881897,0.0006995978765189648,0.5793878436088562,0.28850892186164856,-0.010041806846857071,0.6054094433784485,0.18432459235191345,0.016451014205813408,0.6013205647468567,0.1967836618423462,0.007315599825233221,0.5955400466918945,0.21357771754264832,0.00011816145706688985,0.5808517932891846,0.34150534868240356,-0.0048358929343521595,0.5716029405593872,0.2164653241634369,-0.008846819400787354,0.5743837356567383,0.19258226454257965,-0.004736047703772783,0.57639479637146,0.17259103059768677,-5.816118937218562e-05,0.5989172458648682,0.250844806432724,0.008713383227586746,0.6125791072845459,0.259269118309021,0.017153413966298103,0.576138973236084,0.2481788694858551,0.005051819607615471,0.6059792637825012,0.23779621720314026,0.011809194460511208,0.5730340480804443,0.25966939330101013,-0.00495947478339076,0.575200080871582,0.28515323996543884,-0.020395681262016296,0.6180697679519653,0.2652232348918915,0.023433299735188484,0.6088619232177734,0.264733225107193,0.011711993254721165,0.6018210053443909,0.26769155263900757,0.006143844220787287,0.5912466049194336,0.2667134404182434,0.003284330479800701,0.5833854675292969,0.26337939500808716,0.0019180735107511282,0.577461302280426,0.2594541907310486,0.0003624462697189301,0.5658437609672546,0.24822905659675598,-0.010782260447740555,0.6172648668289185,0.2829764485359192,0.02123222127556801,0.6103178858757019,0.2373979091644287,0.014743980951607227,0.5645551681518555,0.2946825325489044,-0.026558052748441696,0.5765947103500366,0.2729280889034271,-0.005534205585718155,0.6237810850143433,0.25052303075790405,0.05970356613397598,0.5729596018791199,0.25493383407592773,-0.0004466855025384575,0.5796904563903809,0.2895021438598633,-0.004414082039147615,0.6030945777893066,0.24297551810741425,0.013378153555095196,0.5751888751983643,0.2801576852798462,-0.018100839108228683,0.6197897791862488,0.3096140921115875,0.05855916067957878,0.5759642124176025,0.24523892998695374,0.006580263841897249,0.5708479881286621,0.27510327100753784,-0.02351812645792961,0.6049222946166992,0.3468000590801239,0.019777502864599228,0.6043338775634766,0.35696226358413696,0.02973007597029209,0.6217256188392639,0.28612464666366577,0.041643619537353516,0.6115297079086304,0.3363262116909027,0.027845269069075584,0.6197553277015686,0.23287057876586914,0.03468038886785507,0.5832946300506592,0.3718022406101227,4.259847992216237e-05,0.563861072063446,0.2968996465206146,-0.01935659721493721,0.5814709663391113,0.2793119251728058,-0.0035636182874441147,0.6172800064086914,0.250265508890152,0.02595141902565956,0.5938336253166199,0.24741214513778687,0.006620385684072971,0.5892524123191833,0.2480924278497696,0.005045349709689617,0.5816096067428589,0.33320528268814087,-0.004341037943959236,0.61604905128479,0.30012670159339905,0.022144222632050514,0.5736486315727234,0.38293546438217163,0.0009769088355824351,0.5893818736076355,0.373404860496521,0.013149460777640343,0.5963239073753357,0.36684104800224304,0.020367201417684555,0.5846797823905945,0.2476169466972351,0.004691950976848602,0.5803104043006897,0.24650026857852936,0.005383642390370369,0.577444314956665,0.24595825374126434,0.006499674636870623,0.6141332983970642,0.2358989119529724,0.020746393129229546,0.5807227492332458,0.2384667545557022,0.0046747769229114056,0.585246205329895,0.23566438257694244,0.003739359322935343,0.5899513363838196,0.23508507013320923,0.004132630303502083,0.5946864485740662,0.23647567629814148,0.00565887289121747,0.5976537466049194,0.23875784873962402,0.007626750972121954,0.6230028867721558,0.22974613308906555,0.051033686846494675,0.5968496203422546,0.24602127075195312,0.00857643224298954,0.5784896016120911,0.3100834786891937,-0.009395662695169449,0.5743916630744934,0.2918615937232971,-0.015039277262985706,0.5688009262084961,0.30706191062927246,-0.014489933848381042,0.5977403521537781,0.35704493522644043,0.013177134096622467,0.5907220840454102,0.3645775020122528,0.0068203299306333065,0.5740017890930176,0.37695014476776123,-0.00593094527721405,0.6105988025665283,0.3457368016242981,0.04112886264920235,0.5774733424186707,0.24249538779258728,0.005800069775432348,0.5696013569831848,0.2608850300312042,-0.012728872708976269,0.5820702910423279,0.3789218068122864,0.005871034227311611,0.61971116065979,0.30479350686073303,0.039866719394922256,0.57094407081604,0.3279334306716919,-0.009730258956551552,0.5720129609107971,0.33035093545913696,-0.010714204981923103,0.572916567325592,0.3334529399871826,-0.011993399821221828,0.573646068572998,0.3373972177505493,-0.011534282937645912,0.575344979763031,0.34560641646385193,-0.007604418788105249,0.5796050429344177,0.3294702172279358,-0.004905045498162508,0.5807732343673706,0.32902637124061584,-0.0048884134739637375,0.5818295478820801,0.3283624053001404,-0.004764636047184467,0.5875266790390015,0.32203733921051025,-0.0032263535540550947,0.6090728044509888,0.30379095673561096,0.010282461531460285,0.5693104863166809,0.2533120810985565,-0.007444049697369337,0.5715267658233643,0.23902352154254913,0.002533380873501301,0.5750292539596558,0.23971852660179138,0.004739891272038221,0.5783608555793762,0.32974711060523987,-0.004327119793742895,0.6093571186065674,0.32403576374053955,0.017676452174782753,0.5666751861572266,0.23898735642433167,-0.004857215099036694,0.5788781046867371,0.35473498702049255,-0.004979674704372883,0.5658679008483887,0.25632473826408386,-0.016558125615119934,0.5734947323799133,0.27380645275115967,-0.012918288819491863,0.5707986950874329,0.3585790991783142,-0.008533439598977566,0.5909305810928345,0.34116387367248535,0.0016356753185391426,0.5842041373252869,0.2964026927947998,-0.0033038039691746235,0.5852924585342407,0.34913012385368347,-0.001634488464333117,0.597140908241272,0.2955867052078247,-0.0005698183085769415,0.5895038843154907,0.30493149161338806,-0.0027986327186226845,0.6018621921539307,0.3094916045665741,0.003315564012154937,0.5730230808258057,0.3687889575958252,-0.008607334457337856,0.5766941905021667,0.27878260612487793,-0.009050050750374794,0.5958823561668396,0.34752389788627625,0.006992561277002096,0.5888479351997375,0.3560711741447449,0.0025227523874491453,0.595424234867096,0.3313480317592621,0.0032565214205533266,0.6144629716873169,0.3144335150718689,0.023374058306217194,0.6024112701416016,0.3325813412666321,0.009243208914995193,0.616904616355896,0.32152900099754333,0.036396708339452744,0.5938884615898132,0.3162500262260437,-0.0005977240507490933,0.5729383826255798,0.2667945921421051,-0.008839370682835579,0.5736532807350159,0.28866416215896606,-0.021699579432606697,0.5767368674278259,0.29124924540519714,-0.015738436952233315,0.5713423490524292,0.28295257687568665,-0.025669656693935394,0.575282871723175,0.23200039565563202,0.001004415680654347,0.5840723514556885,0.22662010788917542,0.00017643533647060394,0.592042863368988,0.22553054988384247,0.000663421640638262,0.5987274646759033,0.22733114659786224,0.0032152337953448296,0.6034295558929443,0.23135849833488464,0.006960476748645306,0.607073187828064,0.24563533067703247,0.015748221427202225,0.6228297352790833,0.26786646246910095,0.04122326150536537,0.6032543778419495,0.25665345788002014,0.01084864791482687,0.5977594256401062,0.25904133915901184,0.00717906141653657,0.5905036330223083,0.2592426836490631,0.004600817337632179,0.5835174918174744,0.2574300169944763,0.0034573818556964397,0.5780532956123352,0.2546856999397278,0.003115616040304303,0.5742413997650146,0.25187942385673523,0.0027381961699575186,0.6230883002281189,0.2699713408946991,0.06303504854440689,0.5764749050140381,0.29375624656677246,-0.013029075227677822,0.5698544383049011,0.2678612172603607,-0.017310813069343567,0.5700071454048157,0.2888568639755249,-0.026217862963676453,0.5670430660247803,0.29343611001968384,-0.024232206866145134,0.5699100494384766,0.2905789315700531,-0.023536261171102524,0.5748596787452698,0.296475887298584,-0.011271179653704166,0.5661599040031433,0.29410606622695923,-0.02576536126434803,0.5654587149620056,0.2963142693042755,-0.019333316013216972,0.5740293264389038,0.24552486836910248,0.0056383502669632435,0.5711705684661865,0.24728970229625702,0.002095375210046768,0.5694618225097656,0.24851691722869873,-0.002005147049203515,0.5993598699569702,0.24059925973415375,0.009641814045608044,0.6028811931610107,0.23765429854393005,0.010008472017943859,0.528872013092041,0.2443198263645172,0.005489109084010124,0.534832775592804,0.24366030097007751,0.005489109084010124,0.5283010005950928,0.23691102862358093,0.005489109084010124,0.5228143930435181,0.24492046236991882,0.005489109084010124,0.5293697714805603,0.2516762912273407,0.005489109084010124,0.5887851715087891,0.24031001329421997,0.006698724813759327,0.5947329998016357,0.24026504158973694,0.006698724813759327,0.588769793510437,0.23279611766338348,0.006698724813759327,0.5828737020492554,0.2402724027633667,0.006698724813759327,0.5888534188270569,0.24790069460868835,0.006698724813759327
399.99999999999994,0.5601955056190491,0.31996017694473267,-0.01699802279472351,0.562272310256958,0.28919386863708496,-0.02920725755393505,0.5619624257087708,0.29842573404312134,-0.015750527381896973,0.5569255948066711,0.2641763985157013,-0.021081415936350822,0.5621482729911804,0.28093913197517395,-0.030857080593705177,0.561835527420044,0.27074190974235535,-0.028301620855927467,0.560945451259613,0.2464650720357895,-0.012800530530512333,0.518839418888092,0.2494983673095703,0.008820361457765102,0.5602743625640869,0.22763535380363464,-0.008835883811116219,0.5599845051765442,0.2162816822528839,-0.009640205651521683,0.5589126944541931,0.17324289679527283,-0.0018344905693084002,0.560261607170105,0.3229448199272156,-0.016444947570562363,0.5603693723678589,0.3260398805141449,-0.014615084044635296,0.5605483055114746,0.3281932473182678,-0.011677540838718414,0.5605140328407288,0.3281904458999634,-0.011830125004053116,0.5605783462524414,0.3314310610294342,-0.012298819608986378,0.5606727600097656,0.33533358573913574,-0.013575827702879906,0.5608474016189575,0.33951708674430847,-0.012929164804518223,0.5628612041473389,0.3484553098678589,-0.00785351824015379,0.5622615218162537,0.2937524616718292,-0.02653505839407444,0.5573721528053284,0.29442065954208374,-0.019145559519529343,0.49560242891311646,0.2199775129556656,0.03667239099740982,0.5354965329170227,0.2549852430820465,0.002804393880069256,0.529849112033844,0.25655561685562134,0.0032047308050096035,0.524342954158783,0.25675302743911743,0.004779980052262545,0.5168230533599854,0.2527161240577698,0.009584267623722553,0.5402886271476746,0.25225144624710083,0.003511536167934537,0.5261512398719788,0.23168998956680298,0.0009432054939679801,0.5328383445739746,0.23192955553531647,0.0010680303676053882,0.5201452970504761,0.2339678406715393,0.0028251768089830875,0.5163489580154419,0.23785649240016937,0.00517271738499403,0.5125911235809326,0.25841543078422546,0.01228819228708744,0.5439149737358093,0.3629021644592285,-0.0028034134302288294,0.516704261302948,0.24717271327972412,0.010720170103013515,0.4950650930404663,0.25650957226753235,0.037539273500442505,0.5059291124343872,0.2536088824272156,0.018175946548581123,0.5342158079147339,0.2880585789680481,-0.0033626416698098183,0.5536299347877502,0.318108469247818,-0.016209982335567474,0.5546948909759521,0.32578301429748535,-0.013900898396968842,0.5475069284439087,0.3212825059890747,-0.013260005973279476,0.5435572862625122,0.3250311315059662,-0.009789968840777874,0.5498873591423035,0.3264654278755188,-0.011999464593827724,0.5460301637649536,0.3277975022792816,-0.008732199668884277,0.5390526056289673,0.33871224522590637,-0.0025381422601640224,0.5578436851501465,0.2893708646297455,-0.028732232749462128,0.5569560527801514,0.28161337971687317,-0.03020901046693325,0.5088098645210266,0.23361550271511078,0.0073881447315216064,0.5446580052375793,0.26694899797439575,-0.0035003286320716143,0.5452112555503845,0.28978800773620605,-0.015153782442212105,0.5446000695228577,0.2858336269855499,-0.013386647216975689,0.5169873237609863,0.2894766330718994,0.0036221363116055727,0.5569236278533936,0.2720966339111328,-0.02661537379026413,0.5224035382270813,0.22304609417915344,-0.0023174367379397154,0.5142793655395508,0.226935014128685,0.002104270039126277,0.5012822151184082,0.20364058017730713,0.025952018797397614,0.5481088161468506,0.227712020277977,-0.007160657085478306,0.5387234687805176,0.2349873185157776,0.0027589318342506886,0.5347214341163635,0.3322352468967438,-0.0007320769364014268,0.505820631980896,0.33381718397140503,0.04891491308808327,0.5495523810386658,0.29396069049835205,-0.01323857344686985,0.5539177656173706,0.2959860563278198,-0.013939456082880497,0.5391061305999756,0.3315674066543579,-0.0016649471363052726,0.5403996109962463,0.3311430811882019,-0.003260817611590028,0.5111348628997803,0.2223573923110962,0.005145569331943989,0.5451080799102783,0.29374927282333374,-0.01223878376185894,0.5335310101509094,0.2227240800857544,-0.005466194357722998,0.5323572754859924,0.21614407002925873,-0.006306311581283808,0.5253093242645264,0.18034911155700684,0.004858377389609814,0.5063809156417847,0.21154820919036865,0.014005341567099094,0.5296460390090942,0.1965024173259735,-0.0011255695717409253,0.5053645372390747,0.23051956295967102,0.012453572824597359,0.5003345012664795,0.2246745228767395,0.023762701079249382,0.5540081262588501,0.32231777906417847,-0.015746479853987694,0.5486878156661987,0.3241208493709564,-0.012967854738235474,0.54473876953125,0.32648569345474243,-0.009797586128115654,0.5508751273155212,0.2954453229904175,-0.012087242677807808,0.5397771596908569,0.3313773572444916,-0.002515284577384591,0.542147159576416,0.33191147446632385,-0.006045326124876738,0.5410833358764648,0.330898642539978,-0.003416960360482335,0.5519281029701233,0.2903144359588623,-0.020683804526925087,0.5470343232154846,0.3286510705947876,-0.007621840573847294,0.550858199596405,0.3279614746570587,-0.009543212130665779,0.5554032325744629,0.3279360830783844,-0.011162642389535904,0.5562620162963867,0.3486062288284302,-0.007872570306062698,0.5544072389602661,0.33918237686157227,-0.012814206071197987,0.5544530749320984,0.3349223732948303,-0.013311151415109634,0.5547911524772644,0.33104538917541504,-0.011859980411827564,0.5553783774375916,0.3279505670070648,-0.011307086795568466,0.5470292568206787,0.3287394940853119,-0.007730474695563316,0.5460333824157715,0.3304768204689026,-0.008551807142794132,0.5449588894844055,0.3326362669467926,-0.009590104222297668,0.5441260933876038,0.3351423442363739,-0.008842979557812214,0.5401663184165955,0.31684258580207825,-0.007609122432768345,0.496666818857193,0.2945241928100586,0.059270020574331284,0.5621436238288879,0.29594293236732483,-0.019485725089907646,0.5441505908966064,0.329723060131073,-0.005359658971428871,0.5431870818138123,0.3307740390300751,-0.0059365276247262955,0.5555098056793213,0.2989765703678131,-0.014338531531393528,0.5472090244293213,0.29864171147346497,-0.008393234573304653,0.5547788143157959,0.2974974811077118,-0.014253360219299793,0.5386878252029419,0.27244833111763,-0.0017849773867055774,0.5296955108642578,0.2786976397037506,-0.0002753779699560255,0.5437917709350586,0.28983747959136963,-0.01036975346505642,0.5107924938201904,0.19009946286678314,0.014538419432938099,0.5157067775726318,0.20174266397953033,0.005953262560069561,0.5203329920768738,0.21695257723331451,-0.0009337972733192146,0.5436692833900452,0.3425341248512268,-0.005225061438977718,0.5459226369857788,0.21681109070777893,-0.009040969423949718,0.5436685681343079,0.19468903541564941,-0.0051847235299646854,0.5407998561859131,0.17520642280578613,-0.0007242850260809064,0.519599974155426,0.2557034492492676,0.007258887402713299,0.5067695379257202,0.2648340165615082,0.015281992964446545,0.5434454679489136,0.24977029860019684,0.004325400106608868,0.5111895799636841,0.24282853305339813,0.010217105969786644,0.5485841035842896,0.26099133491516113,-0.005355566740036011,0.5483566522598267,0.2859097123146057,-0.020449969917535782,0.5013457536697388,0.2712315022945404,0.02127036452293396,0.5110201835632324,0.27020537853240967,0.009975740686058998,0.5186285376548767,0.27246689796447754,0.004696208983659744,0.5294871926307678,0.27000749111175537,0.0022617322392761707,0.5373465418815613,0.26567453145980835,0.0011197285493835807,0.5432339310646057,0.26106026768684387,-0.0002722127828747034,0.5557155013084412,0.2489653378725052,-0.01077096164226532,0.5034232139587402,0.2885219156742096,0.019110415130853653,0.5068885087966919,0.24260570108890533,0.012928967364132404,0.5596264600753784,0.2937083840370178,-0.026241514831781387,0.545569658279419,0.27431613206863403,-0.006027196533977985,0.4927954375743866,0.25705522298812866,0.05660802498459816,0.5476555824279785,0.25610554218292236,-0.0009122305200435221,0.543329656124115,0.2908324897289276,-0.004793018568307161,0.5144745111465454,0.2479969710111618,0.011779273860156536,0.5479288697242737,0.2811551094055176,-0.01821785978972912,0.5002428293228149,0.3141268193721771,0.055662851780653,0.5433867573738098,0.24689722061157227,0.005789938848465681,0.552303671836853,0.27571696043014526,-0.023435035720467567,0.5196315050125122,0.3492231070995331,0.018321851268410683,0.5201915502548218,0.35865309834480286,0.027971435338258743,0.4978480339050293,0.29187968373298645,0.039160698652267456,0.512040913105011,0.33980515599250793,0.025965364649891853,0.4972984492778778,0.23941251635551453,0.03233102709054947,0.5429406762123108,0.370844304561615,0.00022182251268532127,0.5601066946983337,0.2957819700241089,-0.019121523946523666,0.5407289862632751,0.28101253509521484,-0.004182904493063688,0.5012763142585754,0.2555212378501892,0.02384253963828087,0.5245469808578491,0.25198617577552795,0.0053195650689303875,0.529503345489502,0.2519310414791107,0.003899927018210292,0.5411920547485352,0.3332962393760681,-0.005207874346524477,0.5056310296058655,0.30505988001823425,0.020075898617506027,0.5528690218925476,0.38065069913864136,0.001564777223393321,0.5365502834320068,0.37292900681495667,0.012601121328771114,0.5291178822517395,0.36729922890663147,0.019225338473916054,0.5594151616096497,0.19402644038200378,-0.006297864951193333,0.56380695104599,0.3812680244445801,0.00010225476580671966,0.5343062877655029,0.2506173849105835,0.003673235420137644,0.5388136506080627,0.24876616895198822,0.004470429383218288,0.5418487191200256,0.24776265025138855,0.005664146039634943,0.5028706789016724,0.2414471060037613,0.018786104395985603,0.5377416014671326,0.24099060893058777,0.003658036468550563,0.5326652526855469,0.2388041466474533,0.0026759665925055742,0.5276384353637695,0.23873478174209595,0.0029446373227983713,0.5226607322692871,0.24064746499061584,0.0043593114241957664,0.5196301937103271,0.24330097436904907,0.006247686222195625,0.49302729964256287,0.23677273094654083,0.04804451763629913,0.5211727619171143,0.2509402930736542,0.007182784378528595,0.5620249509811401,0.30553168058395386,-0.01480483915656805,0.5451698899269104,0.3110188841819763,-0.009892832487821579,0.5494650602340698,0.2923518121242523,-0.015126671642065048,0.555060088634491,0.30670538544654846,-0.01447366178035736,0.5605888366699219,0.23726888000965118,-0.008667518384754658,0.5274694561958313,0.35823720693588257,0.012218433432281017,0.535020649433136,0.3646232485771179,0.006455211900174618,0.5524373054504395,0.37500259280204773,-0.005152035038918257,0.512784481048584,0.3485651910305023,0.038826100528240204,0.5415540933609009,0.24446618556976318,0.004923399072140455,0.5525482296943665,0.2617620825767517,-0.012834957800805569,0.5636733770370483,0.37529706954956055,-0.006422107573598623,0.544234037399292,0.3775515556335449,0.0059246281161904335,0.5009803771972656,0.3099161386489868,0.03747003898024559,0.5508570075035095,0.3280324339866638,-0.009698347188532352,0.5498778223991394,0.3305906355381012,-0.010490107350051403,0.5491378903388977,0.3337245583534241,-0.011728698387742043,0.5487034320831299,0.337576299905777,-0.011262874118983746,0.5493436455726624,0.3460674285888672,-0.007464750204235315,0.5429623126983643,0.3294747471809387,-0.0058990176767110825,0.541742742061615,0.3290764391422272,-0.005926024634391069,0.5407102108001709,0.3284275531768799,-0.005841207690536976,0.5364436507225037,0.32416462898254395,-0.004276072606444359,0.5134525299072266,0.3079089820384979,0.008553730323910713,0.5522364974021912,0.2543027698993683,-0.0076662334613502026,0.5477230548858643,0.24008217453956604,0.0019709209445863962,0.5439213514328003,0.24130196869373322,0.004047031980007887,0.5442107915878296,0.32967785000801086,-0.005252318922430277,0.5140933394432068,0.32772913575172424,0.015927691012620926,0.5530563592910767,0.23927906155586243,-0.005041599739342928,0.5463849306106567,0.3545725345611572,-0.004782999400049448,0.5615358352661133,0.26250141859054565,-0.022915266454219818,0.556296706199646,0.25692805647850037,-0.016424410045146942,0.5612510442733765,0.25474077463150024,-0.017654582858085632,0.5491162538528442,0.27477774024009705,-0.013108259998261929,0.5634371042251587,0.367210328578949,-0.009082052856683731,0.563133180141449,0.35743775963783264,-0.008431474678218365,0.5546730756759644,0.3575999438762665,-0.00758901285007596,0.5335402488708496,0.342856228351593,0.0008365781977772713,0.5388708114624023,0.29806625843048096,-0.003904070472344756,0.5395519137382507,0.3498222231864929,-0.0019565203692764044,0.5256515741348267,0.29863440990448,-0.0016624585259705782,0.5338863730430603,0.307073712348938,-0.003711595432832837,0.5214847922325134,0.3127714693546295,0.002002493944019079,0.5530470013618469,0.36717239022254944,-0.007708291988819838,0.5459577441215515,0.2800467610359192,-0.009368627332150936,0.5289911031723022,0.3491954803466797,0.0060578444972634315,0.5364933013916016,0.3565009832382202,0.0022022405173629522,0.5287271738052368,0.33384281396865845,0.0020877537317574024,0.5080597400665283,0.3188759982585907,0.021324317902326584,0.5217132568359375,0.3354848623275757,0.007833123207092285,0.5051259398460388,0.32599076628685,0.03414710611104965,0.529978334903717,0.31882840394973755,-0.001735239988192916,0.5491803884506226,0.26790541410446167,-0.009148132055997849,0.5502223372459412,0.28907641768455505,-0.02171601913869381,0.5470505356788635,0.2920922636985779,-0.0158576350659132,0.5524148344993591,0.2832636535167694,-0.025597834959626198,0.5430027842521667,0.23338446021080017,0.00029434895259328187,0.5332431793212891,0.22887681424617767,-0.0007316890405490994,0.5247556567192078,0.2286553829908371,-0.00038167941966094077,0.5178987383842468,0.23128274083137512,0.0019525992684066296,0.5132018327713013,0.23599857091903687,0.005542369559407234,0.5108597278594971,0.25076138973236084,0.014046709053218365,0.4956108033657074,0.27412059903144836,0.03865155950188637,0.5158539414405823,0.2616605758666992,0.009299763478338718,0.5218948125839233,0.2634553909301758,0.00584492739289999,0.5294542908668518,0.26266321539878845,0.0035216601099818945,0.5365268588066101,0.25986677408218384,0.0025411422830075026,0.5420438051223755,0.25640949606895447,0.0024611924309283495,0.5458788871765137,0.25323840975761414,0.0021853423677384853,0.49445444345474243,0.2758071720600128,0.05992448702454567,0.54722660779953,0.29455238580703735,-0.013185407035052776,0.5528032183647156,0.2685684561729431,-0.017330367118120193,0.5540744066238403,0.28875017166137695,-0.026043949648737907,0.557004451751709,0.292830228805542,-0.023998219519853592,0.5541173815727234,0.29034754633903503,-0.023403765633702278,0.5488294959068298,0.2970257103443146,-0.011394504457712173,0.5579746961593628,0.2933526337146759,-0.02548871375620365,0.5584961771965027,0.29548147320747375,-0.019123777747154236,0.54544597864151,0.24689088761806488,0.005000006407499313,0.5487836003303528,0.24834412336349487,0.001654949737712741,0.5508480668067932,0.24934622645378113,-0.002299652434885502,0.5179867148399353,0.2453344613313675,0.008193018846213818,0.5141243934631348,0.24246925115585327,0.008472486399114132,0.5660829544067383,0.26362326741218567,-0.020985526964068413,0.599372148513794,0.24455872178077698,0.00947901327162981,0.5668233633041382,0.2938270568847656,-0.019073810428380966,0.6207576990127563,0.21242591738700867,0.03820192813873291,0.5844866633415222,0.25263041257858276,0.0032027133274823427,0.5899989604949951,0.25312328338623047,0.0036960807628929615,0.5952203273773193,0.2524307072162628,0.0053777750581502914,0.6018208265304565,0.24765583872795105,0.010309492237865925,0.5797317028045654,0.25055164098739624,0.0037759426049888134,0.5912097692489624,0.22861343622207642,0.0015191009733825922,0.5849718451499939,0.2295055389404297,0.0014978167600929737,0.5969686508178711,0.23011398315429688,0.003519115736708045,0.6007344722747803,0.2333804965019226,0.00588706461712718,0.6067676544189453,0.252843976020813,0.013064379803836346,0.582361102104187,0.36077672243118286,-0.002367877634242177,0.601161003112793,0.24225907027721405,0.01142373401671648,0.623027503490448,0.24890963733196259,0.03868153691291809,0.6128321290016174,0.24766990542411804,0.019061468541622162,0.5885129570960999,0.2850213050842285,-0.002931182971224189,0.5668891668319702,0.3179762661457062,-0.016101377084851265,0.5663284063339233,0.3257482051849365,-0.013793612830340862,0.5737223625183105,0.32119882106781006,-0.013052122667431831,0.578240156173706,0.3249327838420868,-0.009468251839280128,0.5717059373855591,0.32649940252304077,-0.011821945197880268,0.5759875774383545,0.32788318395614624,-0.008439562283456326,0.5853767991065979,0.3362332880496979,-0.0020194232929497957,0.5666460990905762,0.28885602951049805,-0.028664639219641685,0.5671943426132202,0.28098171949386597,-0.030140003189444542,0.6079645156860352,0.22816872596740723,0.008268511854112148,0.5773183107376099,0.26502591371536255,-0.0032035205513238907,0.5784084796905518,0.28786730766296387,-0.014909887686371803,0.5786764621734619,0.2838732600212097,-0.013149897567927837,0.6052055954933167,0.2844216823577881,0.004360446706414223,0.5666533708572388,0.27147144079208374,-0.02652747929096222,0.5942336320877075,0.21996423602104187,-0.001670921454206109,0.602219820022583,0.2225518375635147,0.0029106945730745792,0.6151371002197266,0.196804940700531,0.0273734237998724,0.5705633759498596,0.2277665138244629,-0.006980483885854483,0.5796847939491272,0.23308499157428741,0.0030510660726577044,0.5893203020095825,0.3293089270591736,-9.644934470998123e-05,0.6166331171989441,0.32754483819007874,0.05028842017054558,0.5743152499198914,0.29250121116638184,-0.012933976016938686,0.5700826644897461,0.29508087038993835,-0.01377962063997984,0.583748459815979,0.3315276503562927,-0.001084597664885223,0.5824090838432312,0.33120954036712646,-0.0027782442048192024,0.6049037575721741,0.21732975542545319,0.006043870933353901,0.5784763693809509,0.2919057607650757,-0.011999270878732204,0.5837782025337219,0.22112877666950226,-0.005031069274991751,0.584408700466156,0.2142639309167862,-0.005855181720107794,0.5916827917098999,0.17642545700073242,0.005593345500528812,0.6109905242919922,0.2052105963230133,0.015051561407744884,0.5882571339607239,0.19303801655769348,-0.0006021207082085311,0.6110078692436218,0.22453171014785767,0.013448989950120449,0.617007851600647,0.21764624118804932,0.02481139823794365,0.5667303800582886,0.3222040832042694,-0.015661293640732765,0.5727066397666931,0.3240768015384674,-0.012784700840711594,0.5771322846412659,0.32645469903945923,-0.009497378021478653,0.5729588270187378,0.29417598247528076,-0.011920848861336708,0.5830663442611694,0.3313930332660675,-0.001995647558942437,0.5805374979972839,0.3319472372531891,-0.005652915220707655,0.5816859602928162,0.33098769187927246,-0.0029486767016351223,0.5721204876899719,0.2891005873680115,-0.020496651530265808,0.5751418471336365,0.3287549316883087,-0.007333654444664717,0.5708920955657959,0.3280163109302521,-0.00935409590601921,0.5659379959106445,0.32794272899627686,-0.011064470745623112,0.5694159865379333,0.3479214608669281,-0.007738070096820593,0.5675965547561646,0.3391357660293579,-0.012684620916843414,0.56712406873703,0.3348563015460968,-0.013171348720788956,0.5665650367736816,0.33099672198295593,-0.011755775660276413,0.5658987164497375,0.32795584201812744,-0.011200441978871822,0.5751127004623413,0.3289088308811188,-0.007444274146109819,0.5762401223182678,0.3305223882198334,-0.008265218697488308,0.5774549245834351,0.3326426148414612,-0.009325031191110611,0.5784848928451538,0.3350813686847687,-0.008565252646803856,0.5835993885993958,0.31448623538017273,-0.007272548507899046,0.6227421164512634,0.28728070855140686,0.06075357645750046,0.5783738493919373,0.3299080431461334,-0.004983682185411453,0.5793816447257996,0.3308660089969635,-0.005570581648498774,0.5686036348342896,0.29832860827445984,-0.014226642437279224,0.5764719843864441,0.2971162497997284,-0.00822917278856039,0.5693053007125854,0.2967560291290283,-0.014106336049735546,0.5832566022872925,0.2699120342731476,-0.0014128296170383692,0.5923787951469421,0.2751636505126953,0.0002361945662414655,0.5795139074325562,0.2878693640232086,-0.010119774378836155,0.6058522462844849,0.184430330991745,0.0156966894865036,0.6018179655075073,0.19662216305732727,0.006751862820237875,0.5957569479942322,0.21330834925174713,-0.0002763174124993384,0.5812629461288452,0.34048566222190857,-0.004847567528486252,0.5717938542366028,0.21658854186534882,-0.008826585486531258,0.5747054815292358,0.19285279512405396,-0.004900677595287561,0.5766302347183228,0.1730821281671524,-0.00034463798510842025,0.599474310874939,0.25082123279571533,0.007965569384396076,0.6132643222808838,0.2587009072303772,0.016144370660185814,0.5765706896781921,0.2484777271747589,0.004578878171741962,0.6063937544822693,0.23749050498008728,0.010983944870531559,0.5733777284622192,0.2594831585884094,-0.005117025226354599,0.5753462314605713,0.2843129336833954,-0.020233729854226112,0.618636965751648,0.2643243074417114,0.022271158173680305,0.6096257567405701,0.26420116424560547,0.010779164731502533,0.6026416420936584,0.26726803183555603,0.005340167321264744,0.5920292139053345,0.26653987169265747,0.0027151252143085003,0.5840734243392944,0.26339539885520935,0.0014484060229733586,0.5780625343322754,0.2595580220222473,2.63909823843278e-05,0.5661364793777466,0.24832245707511902,-0.010659726336598396,0.6177939772605896,0.28186747431755066,0.020098883658647537,0.6107291579246521,0.23686596751213074,0.013865604996681213,0.5648560523986816,0.2933821976184845,-0.026172228157520294,0.5768789649009705,0.27248382568359375,-0.005765542853623629,0.6243895292282104,0.24924609065055847,0.05819319933652878,0.5734971761703491,0.255097359418869,-0.0007148505537770689,0.5798380970954895,0.288861483335495,-0.004644368775188923,0.6035426259040833,0.24289432168006897,0.01252878550440073,0.575391948223114,0.27951690554618835,-0.01799049787223339,0.6206043362617493,0.3072285056114197,0.05719255283474922,0.5763187408447266,0.2455337643623352,0.0060567050240933895,0.5711039900779724,0.2745513617992401,-0.023263584822416306,0.605286180973053,0.34442707896232605,0.019158795475959778,0.6049191355705261,0.3541308343410492,0.029060112312436104,0.6225252747535706,0.284525066614151,0.040248043835163116,0.6119657158851624,0.3341158926486969,0.02691022679209709,0.6202418804168701,0.23205280303955078,0.033449430018663406,0.5838005542755127,0.36861762404441833,0.0006888182833790779,0.5641787648200989,0.29554587602615356,-0.019074035808444023,0.5817573070526123,0.2787207067012787,-0.0038717493880540133,0.6178796887397766,0.24958620965480804,0.024822255596518517,0.5943924188613892,0.247608482837677,0.005894884001463652,0.5898032188415527,0.24841970205307007,0.0043879542499780655,0.5816508531570435,0.33322852849960327,-0.004752790555357933,0.6165341138839722,0.29866668581962585,0.021035900339484215,0.5745605230331421,0.3795278072357178,0.0018990604439750314,0.5900161862373352,0.3700392544269562,0.013359631411731243,0.5969140529632568,0.3636775612831116,0.020150206983089447,0.5851775407791138,0.24800939857959747,0.0041023846715688705,0.5807462930679321,0.246878981590271,0.00483251828700304,0.5778366923332214,0.24629618227481842,0.005978924687951803,0.6145337224006653,0.2352263182401657,0.019756032153964043,0.5809974670410156,0.2386801689863205,0.004093446768820286,0.5855100750923157,0.23587939143180847,0.003177679143846035,0.5902378559112549,0.2352733016014099,0.0035353414714336395,0.5950090885162354,0.23661193251609802,0.005008856765925884,0.5980187654495239,0.2388414740562439,0.006901380140334368,0.6234928965568542,0.22893401980400085,0.04964060336351395,0.5973767042160034,0.2461310774087906,0.007816755212843418,0.5787340402603149,0.30923137068748474,-0.009599133394658566,0.5744235515594482,0.29088887572288513,-0.0149439861997962,0.5691297650337219,0.3059457540512085,-0.014343823306262493,0.5980955362319946,0.35432618856430054,0.012963254936039448,0.5911266207695007,0.36156249046325684,0.007044356316328049,0.574726939201355,0.37375354766845703,-0.004898698069155216,0.6111957430839539,0.34310558438301086,0.040113482624292374,0.5777941346168518,0.24273552000522614,0.005262839607894421,0.5698923468589783,0.26071247458457947,-0.012680395506322384,0.5828155875205994,0.375485897064209,0.006492614280432463,0.6205497980117798,0.3028865456581116,0.03855401277542114,0.5708542466163635,0.3280996084213257,-0.009484554640948772,0.5719261765480042,0.33055445551872253,-0.010288313031196594,0.5728744864463806,0.3336504101753235,-0.011548931710422039,0.5736544132232666,0.33750179409980774,-0.01109862420707941,0.57600337266922,0.3445909917354584,-0.007170283701270819,0.5795086026191711,0.3294886350631714,-0.005424831993877888,0.5806118249893188,0.32899248600006104,-0.005427043419331312,0.5816361308097839,0.3282677233219147,-0.005306028760969639,0.5873771905899048,0.32141000032424927,-0.0037445162888616323,0.609318733215332,0.3024296164512634,0.009481112472712994,0.5696351528167725,0.25326523184776306,-0.007468713913112879,0.5718747973442078,0.23930561542510986,0.0021782265976071358,0.5753393769264221,0.2400062531232834,0.004270026460289955,0.578377902507782,0.3298044502735138,-0.004855455365031958,0.6095778942108154,0.32226794958114624,0.016873463988304138,0.5670578479766846,0.23926015198230743,-0.004959412384778261,0.5793992877006531,0.35276558995246887,-0.004448959603905678,0.566152811050415,0.2563033699989319,-0.01634298823773861,0.5737671256065369,0.27333176136016846,-0.01291960384696722,0.5714859962463379,0.35666775703430176,-0.007407732307910919,0.5911552906036377,0.3396793305873871,0.0014057382941246033,0.5843676328659058,0.29556840658187866,-0.003586562816053629,0.5857021808624268,0.3472646176815033,-0.0015330224996432662,0.5973052382469177,0.2945922613143921,-0.0010308605851605535,0.5895774960517883,0.3039996325969696,-0.0032427541445940733,0.6018837690353394,0.3082334101200104,0.002726620761677623,0.5736474990844727,0.3660273551940918,-0.007477743085473776,0.5769234895706177,0.2782479226589203,-0.009160257875919342,0.5961485505104065,0.345400869846344,0.006772186607122421,0.5892266035079956,0.35357820987701416,0.0027363114058971405,0.5954623222351074,0.33016765117645264,0.0028367345221340656,0.6148853302001953,0.3127112090587616,0.022343052551150322,0.6025838255882263,0.33093371987342834,0.008707166649401188,0.6175782680511475,0.3194328844547272,0.03519103303551674,0.5937482118606567,0.3153228163719177,-0.001065929769538343,0.5732344388961792,0.2664754092693329,-0.008940357714891434,0.5737631916999817,0.2876594364643097,-0.0214964859187603,0.5767576694488525,0.2903619110584259,-0.015657421201467514,0.5715284943580627,0.28209343552589417,-0.025318967178463936,0.5755738615989685,0.23219338059425354,0.0006054120021872222,0.5843414068222046,0.22670789062976837,-0.0002328185219084844,0.5923357605934143,0.2255062609910965,0.00020176557882223278,0.5990538001060486,0.22717370092868805,0.0026597061660140753,0.603796660900116,0.2310970425605774,0.006295569706708193,0.6075475215911865,0.24531610310077667,0.014860782772302628,0.6235415935516357,0.2665471136569977,0.03980144113302231,0.6038858294487,0.25639116764068604,0.009996569715440273,0.5984466075897217,0.25885817408561707,0.006457191426306963,0.5911816358566284,0.25927045941352844,0.004001844674348831,0.5841261744499207,0.25760766863822937,0.0028769399505108595,0.5785900950431824,0.25490444898605347,0.002684932667762041,0.5747246146202087,0.25211095809936523,0.002339739352464676,0.6237344145774841,0.2683030664920807,0.06148883327841759,0.576503574848175,0.29288509488105774,-0.012986857444047928,0.5701311826705933,0.26751285791397095,-0.017191287130117416,0.5701876282691956,0.2877514958381653,-0.025892477482557297,0.5672785639762878,0.29219552874565125,-0.023902006447315216,0.5700860619544983,0.2894287705421448,-0.023254936560988426,0.5749383568763733,0.29557615518569946,-0.011222262866795063,0.5664240717887878,0.29283058643341064,-0.02540421485900879,0.5657255053520203,0.29501962661743164,-0.019066430628299713,0.574410080909729,0.2458239197731018,0.005184864159673452,0.5715929865837097,0.24755877256393433,0.00175888417288661,0.5699280500411987,0.24874210357666016,-0.0021602471824735403,0.599753737449646,0.2406451553106308,0.00887188222259283,0.603293240070343,0.23753531277179718,0.009224796667695045,0.528826117515564,0.24428465962409973,0.005533913616091013,0.5348621606826782,0.24369491636753082,0.005533913616091013,0.5283202528953552,0.23682765662670135,0.005533913616091013,0.5226898193359375,0.24482354521751404,0.005533913616091013,0.5292620658874512,0.25169095396995544,0.005533913616091013,0.5892038941383362,0.24062979221343994,0.006051518954336643,0.5951828956604004,0.24055607616901398,0.006051518954336643,0.5891391038894653,0.23298561573028564,0.006051518954336643,0.583282470703125,0.2406441867351532,0.006051518954336643,0.5893367528915405,0.24835093319416046,0.006051518954336643
433.33333333333326,0.5595418214797974,0.3200584053993225,-0.016984639689326286,0.5623767375946045,0.2893257737159729,-0.029119448736310005,0.562117338180542,0.2984154522418976,-0.015680331736803055,0.5569297075271606,0.264371395111084,-0.021059352904558182,0.5622338652610779,0.2811155915260315,-0.03076981008052826,0.5618754625320435,0.2709350883960724,-0.02822057716548443,0.560832142829895,0.24663659930229187,-0.01275759469717741,0.5188186168670654,0.24945378303527832,0.008534617722034454,0.5600444078445435,0.22780010104179382,-0.008811580948531628,0.5597139596939087,0.21651890873908997,-0.009633596055209637,0.5585154891014099,0.17367875576019287,-0.0017658717697486281,0.559634804725647,0.32305851578712463,-0.016433995217084885,0.5598321557044983,0.32613348960876465,-0.014592218212783337,0.560126006603241,0.3282637298107147,-0.011638002470135689,0.5600955486297607,0.32824599742889404,-0.01188180036842823,0.5601036548614502,0.33148616552352905,-0.012330750934779644,0.5601847171783447,0.335430383682251,-0.01360143069177866,0.5604058504104614,0.3397543132305145,-0.012958328239619732,0.5631356239318848,0.34788620471954346,-0.00787074863910675,0.5623618960380554,0.2938290536403656,-0.026447154581546783,0.5574989914894104,0.29449066519737244,-0.019101863726973534,0.49533528089523315,0.2202339470386505,0.03619922697544098,0.5353105068206787,0.2550995349884033,0.002615623874589801,0.5297245383262634,0.25662145018577576,0.0029785889200866222,0.5242551565170288,0.2568013668060303,0.004520904738456011,0.5167451500892639,0.25272050499916077,0.009279879741370678,0.5400334000587463,0.2523786425590515,0.003367385594174266,0.5260844230651855,0.23196962475776672,0.0007272820803336799,0.5327045917510986,0.2321857213973999,0.0008919747779145837,0.5201285481452942,0.23422496020793915,0.0025654833298176527,0.5163431763648987,0.23803876340389252,0.004886708687990904,0.5124510526657104,0.2585601210594177,0.01195310428738594,0.5442061424255371,0.3624868094921112,-0.0029843063093721867,0.5166659355163574,0.24717368185520172,0.010415266267955303,0.4948022961616516,0.25669580698013306,0.03705421835184097,0.5057023167610168,0.25382229685783386,0.0177919901907444,0.5343369245529175,0.28822407126426697,-0.003504641354084015,0.5532381534576416,0.318318635225296,-0.01623835600912571,0.5543986558914185,0.3259536325931549,-0.013920130208134651,0.5474650859832764,0.3214879333972931,-0.01335851103067398,0.5437867045402527,0.3252476453781128,-0.00997753906995058,0.549866795539856,0.3266863524913788,-0.01208712998777628,0.5462354421615601,0.32804039120674133,-0.00889280904084444,0.5396003127098083,0.33859843015670776,-0.002808566903695464,0.5579624176025391,0.2895251512527466,-0.028673097491264343,0.557060182094574,0.28181639313697815,-0.030154671519994736,0.5086736679077148,0.2339879721403122,0.007035831455141306,0.5446374416351318,0.2670893967151642,-0.003600607393309474,0.5454311370849609,0.2900131642818451,-0.015203961171209812,0.5447826981544495,0.28605619072914124,-0.013446541503071785,0.5170660018920898,0.28971680998802185,0.0033407972659915686,0.5569776296615601,0.27231425046920776,-0.026575038209557533,0.5223802328109741,0.2233942598104477,-0.0025491274427622557,0.5142290592193604,0.22734525799751282,0.0018097623251378536,0.5009917616844177,0.20398448407649994,0.025545634329319,0.5479809045791626,0.22787825763225555,-0.007223494816571474,0.5385138988494873,0.23519191145896912,0.002613599644973874,0.5352926254272461,0.3322462737560272,-0.001012053806334734,0.5055868029594421,0.33370813727378845,0.0483894869685173,0.5497819781303406,0.2941237688064575,-0.013253415003418922,0.5540969967842102,0.2960769534111023,-0.01390836201608181,0.5397868752479553,0.3317108750343323,-0.0019487112294882536,0.5410431623458862,0.3312918543815613,-0.0035387047100812197,0.5109912753105164,0.2228231579065323,0.004817943554371595,0.5453383326530457,0.2939448654651642,-0.012289248406887054,0.5334956049919128,0.22297608852386475,-0.005618101917207241,0.5322905778884888,0.21645741164684296,-0.006467005237936974,0.5250039100646973,0.1808348447084427,0.004664605017751455,0.506094753742218,0.21190567314624786,0.013618423603475094,0.5293498635292053,0.19696186482906342,-0.001343308947980404,0.5051199197769165,0.23092347383499146,0.012074802070856094,0.5000667572021484,0.2249533236026764,0.02332496829330921,0.5536497831344604,0.3225213289260864,-0.015778537839651108,0.5486522316932678,0.3243425786495209,-0.013068070635199547,0.5449560284614563,0.3267168700695038,-0.009974882006645203,0.5510942935943604,0.2955821454524994,-0.0120899248868227,0.5404351949691772,0.3315187990665436,-0.0027917898260056973,0.5426872372627258,0.33206140995025635,-0.006323313806205988,0.5417128205299377,0.3310583233833313,-0.0036918295081704855,0.5520997047424316,0.29048752784729004,-0.020686060190200806,0.5472607612609863,0.32888782024383545,-0.007769934367388487,0.5508554577827454,0.32816678285598755,-0.009617523290216923,0.5551860928535461,0.3280656933784485,-0.01117026899009943,0.5566038489341736,0.3481135368347168,-0.007926820777356625,0.5542265176773071,0.33941301703453064,-0.012888964265584946,0.5542200803756714,0.3350521922111511,-0.013389449566602707,0.5545438528060913,0.3311184346675873,-0.011945086531341076,0.5551615953445435,0.3280530571937561,-0.011401939205825329,0.5472627878189087,0.32895439863204956,-0.007945079356431961,0.5463128089904785,0.33064597845077515,-0.008765989914536476,0.54529869556427,0.33278194069862366,-0.009815625846385956,0.5445420145988464,0.33528590202331543,-0.009079844690859318,0.5406231880187988,0.3169304132461548,-0.007811517454683781,0.4963534474372864,0.294463574886322,0.05870647355914116,0.5622551441192627,0.29597291350364685,-0.019406704232096672,0.544585108757019,0.32993626594543457,-0.005626014433801174,0.5436634421348572,0.33094722032546997,-0.006207210477441549,0.5556991100311279,0.29901134967803955,-0.014312106184661388,0.5474318265914917,0.29879435896873474,-0.008426287211477757,0.5549588799476624,0.29755836725234985,-0.014221277087926865,0.5387014150619507,0.272609680891037,-0.0019214269705116749,0.5297438502311707,0.2789028584957123,-0.00046045586350373924,0.5439906716346741,0.2900329828262329,-0.010438641533255577,0.5104804635047913,0.19052430987358093,0.014218971133232117,0.5154003500938416,0.2021593600511551,0.005637092981487513,0.5202580690383911,0.21735993027687073,-0.0011926783481612802,0.5441460013389587,0.34231019020080566,-0.005462473724037409,0.5457960963249207,0.217014878988266,-0.00912443082779646,0.543363094329834,0.1951342076063156,-0.005297315306961536,0.5404669642448425,0.17570462822914124,-0.0007828869856894016,0.5195327401161194,0.2557019293308258,0.006971921306103468,0.5066412091255188,0.2650483548641205,0.014909008517861366,0.5431441068649292,0.24988152086734772,0.004202881827950478,0.5110830068588257,0.24303223192691803,0.009869508445262909,0.5485267043113708,0.26113003492355347,-0.0054285782389342785,0.548520028591156,0.2861328423023224,-0.0204716008156538,0.5012024641036987,0.2714541554450989,0.020839570090174675,0.5109472274780273,0.2703837454319,0.009629066102206707,0.5186151266098022,0.27262255549430847,0.004407588858157396,0.5294657945632935,0.27014949917793274,0.002050801645964384,0.5372703075408936,0.2658272683620453,0.0009572280687279999,0.5431031584739685,0.26120859384536743,-0.000386510684620589,0.5556207895278931,0.24913954734802246,-0.010774174705147743,0.5033538341522217,0.28873443603515625,0.018689244985580444,0.5066843628883362,0.24288013577461243,0.012552851811051369,0.5597333908081055,0.2937976121902466,-0.02617553062736988,0.5456253886222839,0.2744685411453247,-0.006107259541749954,0.49247419834136963,0.2571364939212799,0.056045085191726685,0.5474817156791687,0.2562301754951477,-0.0009963851189240813,0.5435147285461426,0.29100754857063293,-0.004875057842582464,0.5143847465515137,0.24801556766033173,0.011458076536655426,0.5480566620826721,0.2813781201839447,-0.018246116116642952,0.49993935227394104,0.3140391409397125,0.0551125667989254,0.5430636405944824,0.24698354303836823,0.005659942980855703,0.5523810982704163,0.2759321928024292,-0.023427145555615425,0.5197644829750061,0.3490902781486511,0.01796434074640274,0.5202136039733887,0.3584408462047577,0.027525030076503754,0.49762892723083496,0.29196447134017944,0.03869115188717842,0.5120742917060852,0.3397189676761627,0.02558286488056183,0.49704787135124207,0.23965418338775635,0.03186896815896034,0.5431469678878784,0.3703573942184448,3.2360010663978755e-05,0.5602240562438965,0.2958230674266815,-0.019053518772125244,0.5408151149749756,0.2811667025089264,-0.0042869457975029945,0.5010022521018982,0.2558327317237854,0.02341722510755062,0.5244910717010498,0.251944899559021,0.0050666178576648235,0.5293740034103394,0.2519572079181671,0.00367969973012805,0.5418061017990112,0.3334403336048126,-0.0054903109557926655,0.5056280493736267,0.30519455671310425,0.01967010833323002,0.5529897212982178,0.3800421357154846,0.001377480337396264,0.5366563200950623,0.37254923582077026,0.012267092242836952,0.529211163520813,0.36700382828712463,0.01882956549525261,0.5590723156929016,0.19438475370407104,-0.00629693828523159,0.5639277696609497,0.38052332401275635,-1.0108289643540047e-05,0.5341129899024963,0.25071102380752563,0.0034847126808017492,0.5385428071022034,0.24888552725315094,0.004312159027904272,0.5415369272232056,0.24786806106567383,0.005525649059563875,0.5025583505630493,0.2417556196451187,0.01837456226348877,0.5375579595565796,0.24112653732299805,0.0035039312206208706,0.532560408115387,0.2389601171016693,0.002498249989002943,0.5276011228561401,0.23888494074344635,0.0027337425854057074,0.5226640701293945,0.24075794219970703,0.004117047414183617,0.5196413397789001,0.24336105585098267,0.005980928894132376,0.49274078011512756,0.23695217072963715,0.047517646104097366,0.5211491584777832,0.2508772611618042,0.006908279377967119,0.5622555613517761,0.3054856061935425,-0.014753728173673153,0.5455503463745117,0.31111568212509155,-0.010006493888795376,0.5496847033500671,0.2925330698490143,-0.015140922740101814,0.5553619265556335,0.30671796202659607,-0.014478964731097221,0.5604042410850525,0.23742611706256866,-0.008633378893136978,0.5276533365249634,0.3580082356929779,0.011900538578629494,0.5352156162261963,0.36428457498550415,0.006201847456395626,0.5526567697525024,0.37437203526496887,-0.0052619315683841705,0.512674868106842,0.3484114110469818,0.03834259510040283,0.5412773489952087,0.24458089470863342,0.004779094830155373,0.5525271892547607,0.2619323134422302,-0.012861543335020542,0.5638687610626221,0.3745075464248657,-0.006461566314101219,0.5443495512008667,0.3770693838596344,0.005653575994074345,0.5008150935173035,0.30993443727493286,0.03702487796545029,0.5508506894111633,0.3282088339328766,-0.009852396324276924,0.5498901605606079,0.3307332396507263,-0.010646828450262547,0.5491860508918762,0.3338628113269806,-0.011894851922988892,0.5488086342811584,0.33775413036346436,-0.011441339738667011,0.549759566783905,0.3457111120223999,-0.007628090213984251,0.5433931946754456,0.3296970725059509,-0.006123021710664034,0.5421929955482483,0.32928648591041565,-0.006168237887322903,0.5411827564239502,0.3286392390727997,-0.006089441012591124,0.5369773507118225,0.3242419362068176,-0.004542494658380747,0.5135859847068787,0.3080604374408722,0.008247817866504192,0.5521527528762817,0.25445520877838135,-0.007701865863054991,0.5474605560302734,0.24021762609481812,0.0018983742920681834,0.5436376929283142,0.24144133925437927,0.003927923273295164,0.5446534752845764,0.3298991322517395,-0.005475970450788736,0.5142468214035034,0.3277474045753479,0.015584614127874374,0.552837073802948,0.23942258954048157,-0.005070148501545191,0.5467450618743896,0.35421502590179443,-0.0049468050710856915,0.5615254044532776,0.26268067955970764,-0.022849423810839653,0.5562557578086853,0.2571115791797638,-0.016412727534770966,0.5611916780471802,0.2549111545085907,-0.017603056505322456,0.5491803884506226,0.27495747804641724,-0.01314586028456688,0.5636711716651917,0.36650970578193665,-0.00913225021213293,0.5633949041366577,0.3568236827850342,-0.008465824648737907,0.5549923777580261,0.35709574818611145,-0.007671842351555824,0.533964991569519,0.3427521884441376,0.000562251138035208,0.539078950881958,0.29821839928627014,-0.004023562651127577,0.5399431586265564,0.34959518909454346,-0.0021899184212088585,0.5258369445800781,0.2988068461418152,-0.0018575702561065555,0.5341796875,0.3072039783000946,-0.003901449963450432,0.521722137928009,0.3128998875617981,0.0017447804566472769,0.553331732749939,0.3666106164455414,-0.007820246741175652,0.5460666418075562,0.28022658824920654,-0.009431561455130577,0.5292932987213135,0.34904810786247253,0.005760137923061848,0.5367938876152039,0.3562268316745758,0.0019609101582318544,0.5291564464569092,0.33384373784065247,0.0018031519139185548,0.5081110000610352,0.3189318776130676,0.020944129675626755,0.521994411945343,0.3354652523994446,0.0075158486142754555,0.5050409436225891,0.3259487748146057,0.03372571989893913,0.5303773880004883,0.31894367933273315,-0.0019699071999639273,0.5491905808448792,0.2680629789829254,-0.00920772086828947,0.5503992438316345,0.2892809510231018,-0.021722927689552307,0.5472832322120667,0.29229673743247986,-0.01588776893913746,0.552536129951477,0.2834849953651428,-0.025576038286089897,0.5428028702735901,0.23355229198932648,0.0001753262331476435,0.5331466197967529,0.22912603616714478,-0.0009035728871822357,0.5247326493263245,0.2289467453956604,-0.0006082967738620937,0.5178957581520081,0.2315901666879654,0.0016658519161865115,0.5131707787513733,0.2362620234489441,0.005214922595769167,0.5107062458992004,0.2508545517921448,0.013697979040443897,0.49535346031188965,0.27425616979599,0.03816172108054161,0.5157599449157715,0.26176080107688904,0.008984201587736607,0.5218198895454407,0.2635738253593445,0.005573831032961607,0.5293652415275574,0.2627922296524048,0.0033014167565852404,0.5363808870315552,0.2600206732749939,0.002365250838920474,0.5418338179588318,0.25655806064605713,0.002334428718313575,0.5456327795982361,0.25336241722106934,0.002086266875267029,0.49413156509399414,0.2758036255836487,0.05935504660010338,0.5474639534950256,0.29473739862442017,-0.013215417973697186,0.5528304576873779,0.26876023411750793,-0.017341043800115585,0.5542041659355164,0.2889276444911957,-0.026015764102339745,0.5571179986000061,0.29292505979537964,-0.023948630318045616,0.5542534589767456,0.29049575328826904,-0.02337891422212124,0.5490573644638062,0.29717591404914856,-0.011411402374505997,0.558087944984436,0.2934475541114807,-0.02542857453227043,0.558620274066925,0.29553478956222534,-0.01906777173280716,0.5451287627220154,0.24698761105537415,0.0048952787183225155,0.5485109090805054,0.24845252931118011,0.0015831677010282874,0.5506374835968018,0.24945758283138275,-0.0023435412440449,0.5179803967475891,0.24536170065402985,0.007908363826572895,0.5140783786773682,0.24258507788181305,0.008162129670381546,0.5660567879676819,0.26375630497932434,-0.02087528072297573,0.5990478992462158,0.24448154866695404,0.009824124164879322,0.5668833255767822,0.2938865125179291,-0.018959779292345047,0.6201433539390564,0.21201886236667633,0.038688261061906815,0.584186315536499,0.2527308464050293,0.003427082672715187,0.5897177457809448,0.2531799376010895,0.0039605344645679,0.5949377417564392,0.2524087429046631,0.005684484727680683,0.6015138626098633,0.24748069047927856,0.010669809766113758,0.5794030427932739,0.25068193674087524,0.003965228796005249,0.5908273458480835,0.22862879931926727,0.0018196377204731107,0.5845790505409241,0.2295735776424408,0.001725973910652101,0.5965756773948669,0.2300727665424347,0.0038579604588449,0.6003434062004089,0.23328551650047302,0.006245566997677088,0.6064515113830566,0.2525148391723633,0.013453143648803234,0.5824668407440186,0.3599713444709778,-0.0023233823012560606,0.6008304953575134,0.24213455617427826,0.011781969107687473,0.6226441860198975,0.24834251403808594,0.03917472064495087,0.6124839186668396,0.24723270535469055,0.019490990787744522,0.5884210467338562,0.2847956717014313,-0.002705992665141821,0.5661848187446594,0.3181300163269043,-0.016047561541199684,0.5658764243125916,0.3258390724658966,-0.013750436715781689,0.5732566714286804,0.32137244939804077,-0.012981481850147247,0.5780923962593079,0.3250240683555603,-0.009443404152989388,0.5714691281318665,0.3266265094280243,-0.011784564703702927,0.5760269165039062,0.32799020409584045,-0.008442575111985207,0.5855430960655212,0.33574095368385315,-0.0020538640674203634,0.5667152404785156,0.28897175192832947,-0.02854720875620842,0.5672630071640015,0.2811181843280792,-0.030019141733646393,0.6075328588485718,0.22797933220863342,0.008678464218974113,0.5771551728248596,0.2649475932121277,-0.0030345660634338856,0.5783505439758301,0.2878701090812683,-0.01470586471259594,0.578604519367218,0.2838550806045532,-0.012946211732923985,0.6050546169281006,0.2840569019317627,0.00470050098374486,0.5666773915290833,0.27161601185798645,-0.0264059379696846,0.5937634110450745,0.22008629143238068,-0.0013889326946809888,0.6017639636993408,0.22252649068832397,0.003261011792346835,0.6144741177558899,0.1965550035238266,0.02783139795064926,0.5701896548271179,0.2281416654586792,-0.006872890051454306,0.5792979598045349,0.23320192098617554,0.003242046106606722,0.5894691944122314,0.32888513803482056,-7.6560492743738e-05,0.6165409684181213,0.32669949531555176,0.05064404010772705,0.5742789506912231,0.2925322353839874,-0.012772224843502045,0.5701097249984741,0.2950765788555145,-0.013664048165082932,0.5842435956001282,0.33134591579437256,-0.0011244877241551876,0.5829558968544006,0.33108264207839966,-0.00285101099871099,0.604422390460968,0.2172398716211319,0.006405044347047806,0.5784260630607605,0.29186323285102844,-0.01180377695709467,0.5833194255828857,0.22138476371765137,-0.004832368344068527,0.5839143991470337,0.2145031988620758,-0.005651792511343956,0.5911083817481995,0.1765711009502411,0.005916214548051357,0.6104469299316406,0.20493127405643463,0.01542478147894144,0.5877997875213623,0.1931246519088745,-0.0003875119728036225,0.6105534434318542,0.22423234581947327,0.01387854665517807,0.6164805293083191,0.21722379326820374,0.025246914476156235,0.5661281943321228,0.32231783866882324,-0.015615809708833694,0.5723388195037842,0.32420796155929565,-0.01273802388459444,0.5770583748817444,0.3265400528907776,-0.009490389376878738,0.5729430913925171,0.2941824793815613,-0.0117714311927557,0.5835817456245422,0.3312339782714844,-0.0020545816514641047,0.5807899832725525,0.331886887550354,-0.00574068445712328,0.5822417736053467,0.3308974802494049,-0.00302328378893435,0.5720934867858887,0.2891994118690491,-0.020325955003499985,0.5752987265586853,0.32889077067375183,-0.007333111017942429,0.5707807540893555,0.32814687490463257,-0.00931705255061388,0.5656212568283081,0.328014999628067,-0.011010593734681606,0.5696192383766174,0.3473179340362549,-0.007746649906039238,0.5671778321266174,0.3393266201019287,-0.012702519074082375,0.5666707158088684,0.3349438011646271,-0.01319430023431778,0.5661497116088867,0.33103233575820923,-0.011782096698880196,0.5655640363693237,0.3280189633369446,-0.01124318316578865,0.5752633810043335,0.3290068507194519,-0.007515281438827515,0.5763022899627686,0.3305569589138031,-0.008332322351634502,0.5774407386779785,0.3326406478881836,-0.00939315278083086,0.5784270763397217,0.33507782220840454,-0.008636304177343845,0.5837128162384033,0.3142372965812683,-0.0072076874785125256,0.6224461793899536,0.28654903173446655,0.06119093298912048,0.578761875629425,0.32995912432670593,-0.005069321021437645,0.5796889066696167,0.3308517634868622,-0.0056569213047623634,0.5686886310577393,0.29827892780303955,-0.014117024838924408,0.576468825340271,0.2970360219478607,-0.008074473589658737,0.5693613886833191,0.2967235743999481,-0.013991884887218475,0.5830911993980408,0.26977312564849854,-0.0012019348796457052,0.5922254323959351,0.2749398648738861,0.0005036244983784854,0.5794427394866943,0.2878049612045288,-0.0099181504920125,0.6052024364471436,0.18436503410339355,0.01609976217150688,0.6012967228889465,0.19650760293006897,0.0070525952614843845,0.5952479243278503,0.21339130401611328,1.3970226973469835e-05,0.581430196762085,0.3399355709552765,-0.0048859440721571445,0.5713505148887634,0.2169441431760788,-0.008724465034902096,0.5743117332458496,0.19309791922569275,-0.00478844391182065,0.5761390924453735,0.1733928918838501,-0.00014065904542803764,0.5991857051849365,0.25070813298225403,0.008306342177093029,0.6129356026649475,0.25822940468788147,0.0165681354701519,0.5762216448783875,0.2486354559659958,0.004754642024636269,0.6060156226158142,0.23726961016654968,0.011380034498870373,0.5732160210609436,0.2594573497772217,-0.004972791764885187,0.5753118395805359,0.28437697887420654,-0.02004719339311123,0.6184006333351135,0.2638171911239624,0.022739352658391,0.6093408465385437,0.2637786567211151,0.011181139387190342,0.6024085879325867,0.26697203516960144,0.005677113775163889,0.5918449759483337,0.26645293831825256,0.0029819433111697435,0.5838834047317505,0.26345348358154297,0.0016591462772339582,0.5778627395629883,0.25971585512161255,0.00019742875883821398,0.565997838973999,0.24842789769172668,-0.010572848841547966,0.6176120042800903,0.28133758902549744,0.0205514095723629,0.6103366017341614,0.23655016720294952,0.01429367158561945,0.5649427771568298,0.2934569716453552,-0.026064114645123482,0.5767439007759094,0.2724229693412781,-0.00559015991166234,0.6239393949508667,0.2486238032579422,0.05865510180592537,0.5732860565185547,0.25533753633499146,-0.0005725561059080064,0.5797597765922546,0.2887609899044037,-0.004460456315428019,0.6032069325447083,0.24270334839820862,0.012908204458653927,0.5753381252288818,0.2795538306236267,-0.017808323726058006,0.6204251646995544,0.3064459562301636,0.057602379471063614,0.5759631395339966,0.24569107592105865,0.006241894327104092,0.5710930228233337,0.27463796734809875,-0.023108849301934242,0.6052939891815186,0.3435754179954529,0.019396543502807617,0.6049380898475647,0.35319700837135315,0.029285000637173653,0.6223147511482239,0.28385689854621887,0.04074445366859436,0.6119241118431091,0.33328181505203247,0.02724839188158512,0.6197769045829773,0.23156192898750305,0.033919524401426315,0.5838725566864014,0.3676869571208954,0.000766509270761162,0.5642744898796082,0.2955765724182129,-0.01898380182683468,0.5816362500190735,0.2785866856575012,-0.003670585574582219,0.6175212860107422,0.24901273846626282,0.02528386004269123,0.5940643548965454,0.2476440668106079,0.006200110074132681,0.5894715189933777,0.24850547313690186,0.004661649465560913,0.5818598866462708,0.3331429064273834,-0.004828042350709438,0.6163866519927979,0.29806387424468994,0.021457815542817116,0.5746397972106934,0.3786807656288147,0.00185710983350873,0.5900408029556274,0.36908334493637085,0.013434503227472305,0.59693843126297,0.3627167344093323,0.02029169164597988,0.5848312973976135,0.2481156885623932,0.004338370636105537,0.5803736448287964,0.24700158834457397,0.005043244920670986,0.5774638056755066,0.24643480777740479,0.006174799520522356,0.6141294240951538,0.2347794771194458,0.020212410017848015,0.5806400775909424,0.23876312375068665,0.004304149188101292,0.5851636528968811,0.23591101169586182,0.003432108089327812,0.5898889899253845,0.23526988923549652,0.0038260759320110083,0.5946561694145203,0.23656411468982697,0.005333116743713617,0.5976759791374207,0.23876959085464478,0.007246493827551603,0.6229636669158936,0.22841523587703705,0.050124116241931915,0.5970534086227417,0.24610738456249237,0.008147736079990864,0.5788424015045166,0.30907052755355835,-0.009498368948698044,0.5743801593780518,0.2909471094608307,-0.014776760712265968,0.5692980885505676,0.3058645725250244,-0.014261957257986069,0.59812992811203,0.35344305634498596,0.013107950799167156,0.5911725759506226,0.36063578724861145,0.007151667028665543,0.5748663544654846,0.3728911876678467,-0.004870754200965166,0.6111698150634766,0.34220653772354126,0.04041643068194389,0.5774296522140503,0.24287253618240356,0.005457262042909861,0.5697855353355408,0.2607673108577728,-0.012557165697216988,0.5828657746315002,0.3745622932910919,0.006519782356917858,0.6203979253768921,0.3021513819694519,0.03902195766568184,0.570724368095398,0.32819950580596924,-0.009534142911434174,0.5717182159423828,0.3306131958961487,-0.010330445133149624,0.5726078748703003,0.33370092511177063,-0.01159535814076662,0.5733667612075806,0.33758649230003357,-0.011147316545248032,0.5761721730232239,0.343998521566391,-0.00720143923535943,0.5798850059509277,0.3295181393623352,-0.005469521041959524,0.5808854103088379,0.3289838433265686,-0.00546804117038846,0.5818352699279785,0.32825011014938354,-0.005328876432031393,0.587512195110321,0.3210885226726532,-0.0037096445448696613,0.6092161536216736,0.3019208014011383,0.009808126837015152,0.5694831013679504,0.2533033788204193,-0.00735623762011528,0.5715439915657043,0.23953777551651,0.0023013208992779255,0.5749741196632385,0.24017560482025146,0.004441200289875269,0.5788308382034302,0.3298798203468323,-0.004898414481431246,0.609521210193634,0.32159385085105896,0.017171701416373253,0.5667797327041626,0.23959648609161377,-0.004864583723247051,0.5795460939407349,0.3520769774913788,-0.004441259428858757,0.5660740733146667,0.2564227283000946,-0.016252808272838593,0.573682427406311,0.2733421325683594,-0.012762481346726418,0.571677565574646,0.35599756240844727,-0.007409087847918272,0.5912948846817017,0.3390890955924988,0.0014297515153884888,0.584340512752533,0.29536986351013184,-0.0034114334266632795,0.5858436822891235,0.34660613536834717,-0.0015266519039869308,0.5972385406494141,0.29425203800201416,-0.0007896718452684581,0.589605987071991,0.30370470881462097,-0.0030984655022621155,0.6018514037132263,0.3077794015407562,0.0029488112777471542,0.5738192796707153,0.36526569724082947,-0.00746488943696022,0.5768172144889832,0.27820852398872375,-0.008978227153420448,0.596217691898346,0.3446676433086395,0.006865449715405703,0.5893183946609497,0.35278642177581787,0.0027963765896856785,0.5955765843391418,0.32963886857032776,0.00292143109254539,0.6147750616073608,0.3120390772819519,0.022720227017998695,0.6026082634925842,0.33028215169906616,0.008880059234797955,0.6174795627593994,0.31863933801651,0.03562087193131447,0.5938215851783752,0.31494975090026855,-0.0009475843980908394,0.5731111168861389,0.2664695978164673,-0.008789746090769768,0.573733925819397,0.2877540588378906,-0.021318068727850914,0.5767068266868591,0.2903917133808136,-0.015470203943550587,0.571544349193573,0.2822020351886749,-0.025159524753689766,0.5751979351043701,0.23242032527923584,0.0007503386586904526,0.5839335322380066,0.22686012089252472,-3.102849586866796e-05,0.5919150114059448,0.22558128833770752,0.0004790940147358924,0.5986310839653015,0.2271580696105957,0.0029927953146398067,0.6033924221992493,0.23097656667232513,0.006660291459411383,0.6072078347206116,0.24502289295196533,0.015260179527103901,0.623257040977478,0.2659338712692261,0.04030570387840271,0.6035960912704468,0.2561284303665161,0.01036271546036005,0.598186731338501,0.2587030529975891,0.00677083246409893,0.590937077999115,0.25924718379974365,0.004264524206519127,0.5838823318481445,0.25768348574638367,0.003088642144575715,0.5783303380012512,0.2550447881221771,0.0028610737062990665,0.5744583606719971,0.2523038685321808,0.002491394756361842,0.6233388185501099,0.2676216661930084,0.06192968040704727,0.5764667391777039,0.29287970066070557,-0.012806356884539127,0.5700748562812805,0.26758283376693726,-0.01705138385295868,0.5702142715454102,0.28786879777908325,-0.025743911042809486,0.5673380494117737,0.29227617383003235,-0.023784728720784187,0.5700996518135071,0.2895326614379883,-0.023108946159482002,0.5749249458312988,0.29554086923599243,-0.011065502651035786,0.5664964914321899,0.29290708899497986,-0.025290021672844887,0.5658073425292969,0.2950590252876282,-0.018963050097227097,0.5740571022033691,0.24600869417190552,0.005350288935005665,0.5713139772415161,0.247793510556221,0.0018912608502432704,0.5696918368339539,0.24903778731822968,-0.002045927569270134,0.5994172692298889,0.24055147171020508,0.009228133596479893,0.6029197573661804,0.2373851239681244,0.009595814161002636,0.5284926295280457,0.2442559450864792,0.00531926890835166,0.5345441699028015,0.24362808465957642,0.00531926890835166,0.5279974341392517,0.23671643435955048,0.00531926890835166,0.522344708442688,0.2448345124721527,0.00531926890835166,0.528919517993927,0.25173822045326233,0.00531926890835166,0.5890319347381592,0.24063822627067566,0.006327577400952578,0.5950963497161865,0.24046429991722107,0.006327577400952578,0.5888599753379822,0.23287451267242432,0.006327577400952578,0.583010196685791,0.24075230956077576,0.006327577400952578,0.5892606973648071,0.24846936762332916,0.006327577400952578
466.6666666666666,0.5595930814743042,0.3195633590221405,-0.01770496740937233,0.5617427825927734,0.28833290934562683,-0.02907712385058403,0.5613338351249695,0.2977027893066406,-0.016220321878790855,0.5566208958625793,0.263378381729126,-0.020235532894730568,0.5617445707321167,0.2801167070865631,-0.030472973361611366,0.5615277886390686,0.27000996470451355,-0.027607908472418785,0.5607046484947205,0.2459212690591812,-0.011314774863421917,0.5187321305274963,0.24940641224384308,0.009806842543184757,0.560126006603241,0.22812429070472717,-0.006594234611839056,0.5599120855331421,0.21706336736679077,-0.006892275530844927,0.5590539574623108,0.17387036979198456,0.0026076864451169968,0.5595909953117371,0.3226179778575897,-0.017205798998475075,0.5597251057624817,0.32592859864234924,-0.015495584346354008,0.5599728226661682,0.3283190131187439,-0.012686855159699917,0.5598284602165222,0.32861268520355225,-0.013592700473964214,0.559639573097229,0.3314085006713867,-0.014251397922635078,0.5595394968986511,0.33482101559638977,-0.015930503606796265,0.5595848560333252,0.3385734260082245,-0.015928762033581734,0.5610940456390381,0.34597721695899963,-0.01187916100025177,0.5616317987442017,0.29299160838127136,-0.026550978422164917,0.5565008521080017,0.2936151921749115,-0.019360672682523727,0.49571001529693604,0.21936707198619843,0.038257889449596405,0.5353251695632935,0.2547861933708191,0.0038921034429222345,0.5296737551689148,0.2562028467655182,0.004158068913966417,0.5241638422012329,0.256298303604126,0.00562566751614213,0.5166190266609192,0.25247907638549805,0.010357310064136982,0.5401081442832947,0.2522038519382477,0.004702896811068058,0.5260921120643616,0.23218783736228943,0.0024869197513908148,0.5327644348144531,0.23246195912361145,0.002798608737066388,0.5200694799423218,0.2343864142894745,0.0041648889891803265,0.5162364840507507,0.23815101385116577,0.006378285586833954,0.5122874975204468,0.2578413486480713,0.01279488205909729,0.5417225956916809,0.362537682056427,-0.007331072818487883,0.5165919661521912,0.24722245335578918,0.011673679575324059,0.49443721771240234,0.2558404803276062,0.037701793015003204,0.5055885910987854,0.25327804684638977,0.01873580552637577,0.5332388877868652,0.2867172658443451,-0.0037091835401952267,0.5533521175384521,0.3184678256511688,-0.017075801268219948,0.5542678236961365,0.32597965002059937,-0.014892836101353168,0.5474002361297607,0.3216165006160736,-0.014366240240633488,0.5436268448829651,0.3248545825481415,-0.011114728637039661,0.5497651100158691,0.3267146944999695,-0.013112479820847511,0.5462101697921753,0.32779544591903687,-0.010050532408058643,0.5370163917541504,0.33662283420562744,-0.005120415706187487,0.5572596192359924,0.2884361743927002,-0.028650367632508278,0.5565097332000732,0.28069183230400085,-0.02989080920815468,0.5085987448692322,0.2338787466287613,0.008635501377284527,0.5440729260444641,0.2659969925880432,-0.00288497400470078,0.5442346930503845,0.2885749340057373,-0.015292677097022533,0.5437178015708923,0.284620463848114,-0.013403217308223248,0.5158194303512573,0.2878093123435974,0.0030456981621682644,0.5565811991691589,0.2712743878364563,-0.026028098538517952,0.5223496556282043,0.22361727058887482,-0.0005329815321601927,0.514166533946991,0.2273949682712555,0.003620514879003167,0.5015908479690552,0.2031266987323761,0.028340458869934082,0.5479472279548645,0.22815600037574768,-0.005051229614764452,0.5386079549789429,0.23545776307582855,0.004532251041382551,0.5325478315353394,0.33042529225349426,-0.0028083554934710264,0.5029289722442627,0.3346194922924042,0.04532613977789879,0.5484718084335327,0.2928408980369568,-0.013449766673147678,0.5528463125228882,0.29502537846565247,-0.014320491813123226,0.5399227142333984,0.330078125,-0.0035297530703246593,0.5412589311599731,0.3298877775669098,-0.005050450563430786,0.5109531283378601,0.22291865944862366,0.006926235742866993,0.5439957976341248,0.29248231649398804,-0.01255130860954523,0.5334653258323669,0.22331909835338593,-0.00342532224021852,0.5322791337966919,0.21689732372760773,-0.003970526624470949,0.5257142782211304,0.18038663268089294,0.008587873540818691,0.506711483001709,0.21124526858329773,0.01619511842727661,0.5300257802009583,0.19668224453926086,0.002034186152741313,0.50505530834198,0.2308269590139389,0.01381723489612341,0.5004293322563171,0.2242007553577423,0.02540392242372036,0.5536031723022461,0.32243624329566956,-0.01665666326880455,0.5484930276870728,0.3242676854133606,-0.014079064130783081,0.5448540449142456,0.32630911469459534,-0.011120343580842018,0.5497373938560486,0.2943739593029022,-0.012415098957717419,0.5405981540679932,0.3300044536590576,-0.0043312241323292255,0.5425290465354919,0.33090731501579285,-0.008200612850487232,0.5419420003890991,0.3297988474369049,-0.005229818634688854,0.5510855317115784,0.2893174886703491,-0.02072322741150856,0.547335147857666,0.32878246903419495,-0.00899453740566969,0.5507847666740417,0.3283759653568268,-0.010745896026492119,0.55501788854599,0.32823312282562256,-0.01226001512259245,0.5546035170555115,0.34603267908096313,-0.011910847388207912,0.5533201098442078,0.3380866050720215,-0.01584101840853691,0.55350661277771,0.33438780903816223,-0.015813549980521202,0.5540490746498108,0.331057608127594,-0.01392118539661169,0.5548531413078308,0.32851821184158325,-0.013161870650947094,0.5471751689910889,0.3289424180984497,-0.009677884168922901,0.5461196899414062,0.33022812008857727,-0.010705847293138504,0.5449167490005493,0.33192044496536255,-0.012000170536339283,0.5439704060554504,0.33394956588745117,-0.011446270160377026,0.5385155081748962,0.3154967427253723,-0.00886200089007616,0.4946826100349426,0.2946847379207611,0.057276539504528046,0.5614895820617676,0.2952675521373749,-0.01972087472677231,0.5446678400039673,0.3293518126010895,-0.007314636372029781,0.5436301231384277,0.33006733655929565,-0.008022493682801723,0.5544914603233337,0.2980371117591858,-0.014954129233956337,0.5459214448928833,0.29744747281074524,-0.008957507088780403,0.5537222623825073,0.296551376581192,-0.014721693471074104,0.5380444526672363,0.27135831117630005,-0.0014921303372830153,0.5289474129676819,0.277312695980072,-0.00036569361691363156,0.5428013205528259,0.2885653078556061,-0.010567014105618,0.5111966729164124,0.1898016482591629,0.017637578770518303,0.5161598920822144,0.20169413089752197,0.008659171871840954,0.5202521681785583,0.21768593788146973,0.0012018196284770966,0.5418238639831543,0.3403218388557434,-0.00833355262875557,0.5457673072814941,0.21753238141536713,-0.0065270825289189816,0.5438947677612305,0.19499096274375916,-0.0017001503147184849,0.5410944223403931,0.1755426526069641,0.003455971833318472,0.5194181799888611,0.25528770685195923,0.008026082068681717,0.506382167339325,0.26395225524902344,0.015535776503384113,0.5432697534561157,0.24983415007591248,0.005650751758366823,0.5109820365905762,0.24293991923332214,0.011196757666766644,0.5480900406837463,0.26016443967819214,-0.004524644464254379,0.5475740432739258,0.284834623336792,-0.020389748737215996,0.5005365610122681,0.27015212178230286,0.021069662645459175,0.5106375813484192,0.26898473501205444,0.01010376587510109,0.5182692408561707,0.2710892856121063,0.004872655496001244,0.5291917324066162,0.2688799202442169,0.0025648633018136024,0.5371203422546387,0.26488012075424194,0.0016740397550165653,0.5430501103401184,0.26049327850341797,0.0005397057975642383,0.5554338693618774,0.24835489690303802,-0.009424412623047829,0.5020867586135864,0.28731831908226013,0.018294746056199074,0.5066217184066772,0.24265068769454956,0.013894528150558472,0.5589379668235779,0.2928883135318756,-0.02630014531314373,0.5448635220527649,0.27329838275909424,-0.00565348332747817,0.4919859766960144,0.2566889524459839,0.05629889667034149,0.547478973865509,0.2557182312011719,0.0001605484721949324,0.5422871112823486,0.28956338763237,-0.0050781224854290485,0.5142776370048523,0.24799630045890808,0.012642482295632362,0.5472174882888794,0.2800886631011963,-0.018009498715400696,0.49771714210510254,0.3146500587463379,0.052863460034132004,0.5432275533676147,0.2470720410346985,0.007269149646162987,0.5518304109573364,0.2747899293899536,-0.02301720716059208,0.5166880488395691,0.34932634234428406,0.014686666429042816,0.517047643661499,0.3597637414932251,0.0235736221075058,0.496184766292572,0.2914135754108429,0.03784818574786186,0.509184718132019,0.33978235721588135,0.022680098190903664,0.4971024692058563,0.23879173398017883,0.033277370035648346,0.5402511954307556,0.3715263903141022,-0.004795920569449663,0.5593816637992859,0.29505491256713867,-0.019379325211048126,0.539905309677124,0.27987027168273926,-0.004122046288102865,0.5008688569068909,0.255185067653656,0.024253621697425842,0.5244318842887878,0.25175365805625916,0.0063673509284853935,0.5293620824813843,0.251769483089447,0.0050232913345098495,0.5415570139884949,0.3319590091705322,-0.0074276067316532135,0.5037139058113098,0.30409759283065796,0.01854807324707508,0.5500523447990417,0.38233497738838196,-0.004134213086217642,0.5334353446960449,0.3747100234031677,0.007502392865717411,0.5259522199630737,0.3688066005706787,0.014505935832858086,0.5594469308853149,0.19448119401931763,-0.0025938525795936584,0.5611897706985474,0.38286665081977844,-0.005501905921846628,0.5341609120368958,0.2505950331687927,0.004885648377239704,0.538650631904602,0.24887405335903168,0.005785620771348476,0.5416793823242188,0.24792110919952393,0.00707128643989563,0.5024911761283875,0.2415010929107666,0.019707562401890755,0.5376052260398865,0.24127240478992462,0.005277571268379688,0.532569408416748,0.23907938599586487,0.004246962256729603,0.5275716781616211,0.2389487326145172,0.0044203856959939,0.5225870013237,0.2407936155796051,0.005684255622327328,0.5195432901382446,0.24339890480041504,0.007438517641276121,0.49279090762138367,0.23617412149906158,0.04873078688979149,0.5210652947425842,0.25075578689575195,0.008177414536476135,0.5613467693328857,0.304690420627594,-0.015495246276259422,0.5437546968460083,0.3097822666168213,-0.010997887700796127,0.5484270453453064,0.29126134514808655,-0.015245954506099224,0.5540828108787537,0.3056672513484955,-0.015363937243819237,0.5603663325309753,0.2372041642665863,-0.0067936722189188,0.5245824456214905,0.3586689531803131,0.008063269779086113,0.5321939587593079,0.36532527208328247,0.001811433583498001,0.5499680042266846,0.3753758370876312,-0.010421859100461006,0.5097047686576843,0.34948110580444336,0.034761860966682434,0.5413982272148132,0.24470174312591553,0.006465606857091188,0.5521571040153503,0.26094597578048706,-0.011931552551686764,0.5612474679946899,0.37564122676849365,-0.011611477471888065,0.5412380695343018,0.37934985756874084,0.0004659269470721483,0.4988101124763489,0.30970361828804016,0.035415682941675186,0.5505863428115845,0.3285978138446808,-0.011604544706642628,0.5494659543037415,0.33061811327934265,-0.012621117755770683,0.5485772490501404,0.33320707082748413,-0.01421673595905304,0.5480111837387085,0.3364112079143524,-0.014111862517893314,0.5476217865943909,0.3436582386493683,-0.011051703244447708,0.5435060858726501,0.3288642466068268,-0.007437508087605238,0.5422249436378479,0.32831504940986633,-0.007465625647455454,0.5411505103111267,0.3275867700576782,-0.007349405437707901,0.5344660878181458,0.32262304425239563,-0.005773189011961222,0.5115730166435242,0.3065672516822815,0.007167362608015537,0.5518642663955688,0.25360003113746643,-0.006547241471707821,0.5475207567214966,0.24032291769981384,0.0038058990612626076,0.5437623858451843,0.24159741401672363,0.005745036527514458,0.544806718826294,0.32924404740333557,-0.006873415783047676,0.5115568041801453,0.32693246006965637,0.013517185114324093,0.5528600215911865,0.2394007444381714,-0.0032629191409796476,0.5445218682289124,0.35323038697242737,-0.008965280838310719,0.5612639784812927,0.26179423928260803,-0.02195071242749691,0.5560129284858704,0.2561792731285095,-0.015287889167666435,0.5609968304634094,0.2540723383426666,-0.016398539766669273,0.5485127568244934,0.2738015651702881,-0.012642618268728256,0.5612447261810303,0.3665574789047241,-0.01392480917274952,0.5611874461174011,0.3558552861213684,-0.012877888977527618,0.5528830289840698,0.3560178875923157,-0.012093372642993927,0.5314415097236633,0.3414742946624756,-0.002103708917275071,0.5376350283622742,0.29674333333969116,-0.004576344974339008,0.5375592112541199,0.3485241234302521,-0.005618135444819927,0.5242554545402527,0.2970888912677765,-0.00258542038500309,0.5323861241340637,0.3056892454624176,-0.004817390814423561,0.519504189491272,0.31135767698287964,0.0005624947953037918,0.5509762167930603,0.36651942133903503,-0.012597959488630295,0.5451756119728088,0.2789672911167145,-0.009164009243249893,0.5265545845031738,0.3486163020133972,0.0025957119651138783,0.5341704487800598,0.35617128014564514,-0.001920360024087131,0.5265364646911621,0.3323870003223419,-0.00024200696498155594,0.5057241916656494,0.3182202875614166,0.019192993640899658,0.5192267894744873,0.33452457189559937,0.005263305734843016,0.5025839805603027,0.3259503245353699,0.03136265277862549,0.5280387997627258,0.3173545300960541,-0.0032340246252715588,0.5486289858818054,0.2669984698295593,-0.008517328649759293,0.5493971109390259,0.2880264222621918,-0.021697938442230225,0.546023428440094,0.2909281551837921,-0.016051175072789192,0.5518177151679993,0.28228533267974854,-0.025423957034945488,0.5428428053855896,0.23381182551383972,0.0022953299339860678,0.5331588387489319,0.22940167784690857,0.0011331223649904132,0.5246931314468384,0.22914591431617737,0.0012146839872002602,0.5178098082542419,0.23170356452465057,0.003310868516564369,0.513052225112915,0.23630391061306,0.006714170332998037,0.5106005072593689,0.2505843937397003,0.01477905735373497,0.49446818232536316,0.2735249996185303,0.0380692258477211,0.5155878067016602,0.26090914011001587,0.0097650196403265,0.5216553211212158,0.2626084089279175,0.006342730484902859,0.5292420983314514,0.261968731880188,0.004123358987271786,0.5363332629203796,0.25941720604896545,0.0033769893925637007,0.5418573617935181,0.2561303675174713,0.0034702846314758062,0.5456861257553101,0.2530607581138611,0.0033706731628626585,0.49308058619499207,0.27569374442100525,0.058772992342710495,0.5461279153823853,0.29336249828338623,-0.013476140797138214,0.552396297454834,0.2677064836025238,-0.016659945249557495,0.5533823370933533,0.28778356313705444,-0.025983186438679695,0.5562089085578918,0.2919892370700836,-0.024075113236904144,0.5533432960510254,0.2894260883331299,-0.023403987288475037,0.5476382970809937,0.2958785891532898,-0.011811957694590092,0.5572477579116821,0.29251277446746826,-0.025565749034285545,0.5576922297477722,0.29471132159233093,-0.01935931295156479,0.5452829003334045,0.24704505503177643,0.006504267454147339,0.5485779643058777,0.24831876158714294,0.00312745850533247,0.5506560206413269,0.24918688833713531,-0.0009436728432774544,0.517888605594635,0.24540694057941437,0.009261627681553364,0.513962984085083,0.24265098571777344,0.009516792371869087,0.5657598376274109,0.2629813849925995,-0.019948074594140053,0.5988390445709229,0.24457459151744843,0.01184670440852642,0.5663452744483948,0.29333236813545227,-0.01915077678859234,0.6193827390670776,0.21348300576210022,0.0418548583984375,0.5839025974273682,0.25258898735046387,0.0052155074663460255,0.5893735289573669,0.25316357612609863,0.005739192478358746,0.5945582985877991,0.2524693012237549,0.007465643342584372,0.6011753082275391,0.2475205957889557,0.012540118768811226,0.5792205333709717,0.25038889050483704,0.005718787666410208,0.5908085703849792,0.22859957814216614,0.004196468740701675,0.5846164226531982,0.22944526374340057,0.00412361416965723,0.5964829921722412,0.23012223839759827,0.006150874309241772,0.6001900434494019,0.23336908221244812,0.008483774028718472,0.6059033870697021,0.25270339846611023,0.015178716741502285,0.5803162455558777,0.3605932593345642,-0.006332232151180506,0.6006350517272949,0.24214309453964233,0.013819561339914799,0.6219720244407654,0.2500714361667633,0.04090287908911705,0.6119487285614014,0.24760854244232178,0.02137461118400097,0.587826132774353,0.28451254963874817,-0.0023741917684674263,0.5663753151893616,0.3183971345424652,-0.016743408516049385,0.5658549070358276,0.3260793685913086,-0.014575551263988018,0.5735312700271606,0.321792334318161,-0.013715783134102821,0.5782696604728699,0.325364887714386,-0.01022390928119421,0.5713662505149841,0.3271026015281677,-0.012545974925160408,0.5756822824478149,0.32851967215538025,-0.009270929731428623,0.5845957398414612,0.3349683880805969,-0.003963908180594444,0.5661279559135437,0.2881459593772888,-0.02846827358007431,0.5667965412139893,0.28028273582458496,-0.029684443026781082,0.607315719127655,0.22841417789459229,0.011127706617116928,0.5767285823822021,0.26458603143692017,-0.0019694261718541384,0.5781369805335999,0.28737765550613403,-0.014502884820103645,0.5783671736717224,0.2833346426486969,-0.012597750872373581,0.6044942140579224,0.2840268313884735,0.005284296814352274,0.5663278102874756,0.27082207798957825,-0.025765089318156242,0.593772292137146,0.22021354734897614,0.0012444433523342013,0.6016727089881897,0.22286126017570496,0.005822574719786644,0.6138980984687805,0.19782236218452454,0.031605254858732224,0.5702364444732666,0.22769632935523987,-0.004478744231164455,0.5793406367301941,0.23298722505569458,0.005569878034293652,0.5889850854873657,0.3284491002559662,-0.0013843986671417952,0.6154404878616333,0.3292311131954193,0.048718586564064026,0.5739704370498657,0.2920342981815338,-0.01278842706233263,0.5696805715560913,0.29453712701797485,-0.013978194445371628,0.58364337682724,0.33166301250457764,-0.0022852064575999975,0.5822268128395081,0.3314506709575653,-0.003991240635514259,0.6044144630432129,0.2178248167037964,0.009278901852667332,0.5781621932983398,0.2913406491279602,-0.011765297502279282,0.5834028720855713,0.22126340866088867,-0.0022313250228762627,0.5840932726860046,0.21462832391262054,-0.002753480337560177,0.5911319851875305,0.17737188935279846,0.010390994139015675,0.6099672913551331,0.2061968594789505,0.018802635371685028,0.5877397060394287,0.19391590356826782,0.003413005731999874,0.6103925108909607,0.22494001686573029,0.016521960496902466,0.6158628463745117,0.21866929531097412,0.028266193345189095,0.5662053227424622,0.3224523067474365,-0.016345228999853134,0.5724149346351624,0.3245938718318939,-0.01346542313694954,0.5769696235656738,0.3269443213939667,-0.010297444649040699,0.5725933313369751,0.2936544716358185,-0.011925727128982544,0.5829139947891235,0.3315766155719757,-0.003213841700926423,0.5800917744636536,0.3321804404258728,-0.007271135225892067,0.5815748572349548,0.331302285194397,-0.004195640329271555,0.5716826915740967,0.2886933386325836,-0.02017323300242424,0.5747804641723633,0.32952290773391724,-0.008258555084466934,0.5705410242080688,0.32874172925949097,-0.010213052853941917,0.5655537843704224,0.3283425569534302,-0.011959693394601345,0.567557156085968,0.3455740213394165,-0.01160590909421444,0.5664409399032593,0.3382565379142761,-0.015513386577367783,0.5661036372184753,0.3344722092151642,-0.01546701230108738,0.5657599568367004,0.3311050236225128,-0.013606532476842403,0.5653457045555115,0.3285965621471405,-0.012853718362748623,0.5746549963951111,0.3296966850757599,-0.008956232108175755,0.5756543874740601,0.33099934458732605,-0.009990847669541836,0.5767679214477539,0.33273327350616455,-0.011265404522418976,0.5777260661125183,0.33477479219436646,-0.01069281529635191,0.5833526849746704,0.3139002025127411,-0.007876780815422535,0.6217333078384399,0.2890843152999878,0.06097462400794029,0.577995777130127,0.33050382137298584,-0.006426680833101273,0.5789520144462585,0.33127111196517944,-0.007132813334465027,0.5681431293487549,0.2976934313774109,-0.014652417972683907,0.5760895609855652,0.2964908480644226,-0.00836232677102089,0.5688738822937012,0.2961615324020386,-0.014400011859834194,0.582557201385498,0.26950716972351074,-0.00028685457073152065,0.5915784239768982,0.27472934126853943,0.0012538742739707232,0.579138994216919,0.2872903347015381,-0.00971652939915657,0.604911208152771,0.18542182445526123,0.02032659389078617,0.6010021567344666,0.19759337604045868,0.010703075677156448,0.5953747034072876,0.21379201114177704,0.0030253275763243437,0.5799750089645386,0.33884528279304504,-0.007417484186589718,0.5715485215187073,0.2167976200580597,-0.005901698023080826,0.5744617581367493,0.1935449093580246,-0.0009745368734002113,0.576430082321167,0.1739315390586853,0.004357913974672556,0.5988118052482605,0.250788152217865,0.010105215944349766,0.6121827363967896,0.2585074305534363,0.01814618892967701,0.576110303401947,0.24824948608875275,0.006564258597791195,0.6057194471359253,0.23747950792312622,0.013555393554270267,0.572852611541748,0.25904038548469543,-0.003788772039115429,0.575009822845459,0.28386712074279785,-0.01973738521337509,0.6178311109542847,0.26491326093673706,0.024031056091189384,0.6085159778594971,0.2639724910259247,0.012556162662804127,0.6015583872795105,0.26698362827301025,0.006954667158424854,0.5911076068878174,0.2661711573600769,0.004155685659497976,0.5833165049552917,0.2629763185977936,0.0028873577248305082,0.5774240493774414,0.2591220438480377,0.0014888906152918935,0.5658193230628967,0.24785727262496948,-0.009102054871618748,0.6170898675918579,0.28222012519836426,0.021222388371825218,0.6099900007247925,0.23698438704013824,0.016520585864782333,0.5642719864845276,0.2927178144454956,-0.026149451732635498,0.5763717293739319,0.2719835042953491,-0.004811533726751804,0.6231061220169067,0.25068381428718567,0.06015560030937195,0.572952151298523,0.254689484834671,0.0008704842766746879,0.5793979167938232,0.2882657051086426,-0.004293845966458321,0.602924108505249,0.24273759126663208,0.014918445609509945,0.5750532746315002,0.2790044844150543,-0.017331719398498535,0.6196153163909912,0.30911219120025635,0.05651392787694931,0.5759326219558716,0.2453574687242508,0.008217111229896545,0.5707321763038635,0.27398836612701416,-0.02253640629351139,0.6040709614753723,0.34486109018325806,0.016860051080584526,0.603203535079956,0.35516658425331116,0.026143696159124374,0.621759831905365,0.2857045531272888,0.04101619869470596,0.6109476089477539,0.3347783088684082,0.025238532572984695,0.6190896034240723,0.2331252098083496,0.036330245435237885,0.5816922187805176,0.36925795674324036,-0.003700960660353303,0.563589334487915,0.2949398458003998,-0.019283875823020935,0.5811591148376465,0.27824175357818604,-0.003089797915890813,0.6168882250785828,0.24949023127555847,0.02712065353989601,0.5938094258308411,0.24783636629581451,0.008167018182575703,0.5892175436019897,0.24865204095840454,0.006606013514101505,0.581175684928894,0.33325281739234924,-0.006409323774278164,0.6159135103225708,0.29906484484672546,0.021383056417107582,0.5721282362937927,0.3811628222465515,-0.0034072836861014366,0.5879162549972534,0.3714633882045746,0.00920012965798378,0.5949782133102417,0.3648536801338196,0.01661842316389084,0.5846272110939026,0.24815891683101654,0.006267431192100048,0.5802615880966187,0.246883824467659,0.006971057038754225,0.5774073600769043,0.24617749452590942,0.008112799376249313,0.6137868165969849,0.23544374108314514,0.02250366285443306,0.5806338787078857,0.23851706087589264,0.006515984423458576,0.5851517915725708,0.23570364713668823,0.005705019924789667,0.5898502469062805,0.23511318862438202,0.0061089047230780125,0.594588041305542,0.23647525906562805,0.007570258807390928,0.5975511074066162,0.23872490227222443,0.009438958019018173,0.6221325397491455,0.2301003634929657,0.05253714323043823,0.5968276262283325,0.24626615643501282,0.010135387070477009,0.5783897042274475,0.30861565470695496,-0.010196798481047153,0.5740966796875,0.2904742360115051,-0.014674286358058453,0.5686187148094177,0.3052161633968353,-0.015021824277937412,0.5965784788131714,0.35487741231918335,0.009853370487689972,0.589249849319458,0.3621494770050049,0.003233978757634759,0.5724309086799622,0.37420740723609924,-0.009813744574785233,0.6097328662872314,0.34436890482902527,0.0378146767616272,0.577411413192749,0.24258388578891754,0.007534245494753122,0.5694718956947327,0.2601871192455292,-0.011449122801423073,0.5805732011795044,0.3770391047000885,0.0017522755078971386,0.6197651624679565,0.3040744960308075,0.03847804665565491,0.5703809857368469,0.32890358567237854,-0.011044113896787167,0.5712853074073792,0.33089205622673035,-0.012063856236636639,0.5720618963241577,0.33351436257362366,-0.013653182424604893,0.5726662278175354,0.3367745280265808,-0.013560260646045208,0.5743470788002014,0.3425920903682709,-0.010365812107920647,0.5793065428733826,0.3299673795700073,-0.006454953923821449,0.5805227756500244,0.3293648660182953,-0.0064123463816940784,0.5816877484321594,0.32856374979019165,-0.0062168496660888195,0.5872281789779663,0.3207476735115051,-0.004481770098209381,0.6087954044342041,0.3022855520248413,0.009607776999473572,0.5692022442817688,0.2528204619884491,-0.006005006842315197,0.5715305805206299,0.23910604417324066,0.004407804924994707,0.5749834179878235,0.23983024060726166,0.006605257745832205,0.5781154632568359,0.3303773105144501,-0.005956413224339485,0.6089255809783936,0.3223894238471985,0.015948597341775894,0.5667127966880798,0.23901449143886566,-0.002915299264714122,0.5774810314178467,0.351653128862381,-0.008166479878127575,0.5658318996429443,0.25571876764297485,-0.015024140477180481,0.5733259320259094,0.2727980315685272,-0.012030143290758133,0.5694056153297424,0.3552430272102356,-0.011669443920254707,0.5901166200637817,0.33897092938423157,-0.0007541886297985911,0.5838636159896851,0.29498159885406494,-0.0035468561109155416,0.5841444134712219,0.34638574719429016,-0.004571181256324053,0.5967352390289307,0.29404982924461365,-0.0008565086754970253,0.5891334414482117,0.3034302592277527,-0.0035308613441884518,0.60150545835495,0.30781686305999756,0.0025018148589879274,0.5714482069015503,0.3655461072921753,-0.012040987610816956,0.5764908790588379,0.2777216136455536,-0.008414534851908684,0.5948553681373596,0.3452911972999573,0.004242162220180035,0.5874632000923157,0.3534407913684845,-0.0006480567390099168,0.5948868989944458,0.3295748233795166,0.0014670788077637553,0.6142467260360718,0.3132026493549347,0.021943287923932076,0.6018169522285461,0.3306923806667328,0.007319516036659479,0.6166877746582031,0.3205055296421051,0.034269437193870544,0.5934833288192749,0.31475257873535156,-0.0016456956509500742,0.5727653503417969,0.26596781611442566,-0.007839163765311241,0.5733726620674133,0.2872491180896759,-0.02109474316239357,0.5764610767364502,0.2899155020713806,-0.015389514155685902,0.5711457133293152,0.28156405687332153,-0.024877602234482765,0.5752423405647278,0.23210036754608154,0.00313783111050725,0.5839746594429016,0.2267155647277832,0.0024237665347754955,0.5918882489204407,0.2256113886833191,0.0029077655635774136,0.5985297560691833,0.2273237109184265,0.005357205402106047,0.60320645570755,0.23119661211967468,0.008945547044277191,0.6068018078804016,0.24519790709018707,0.017210237681865692,0.6226677298545837,0.2677357494831085,0.041343383491039276,0.6030260324478149,0.25622937083244324,0.01199416909366846,0.5975949764251709,0.2587226331233978,0.008279156871140003,0.5904147028923035,0.25909528136253357,0.005714018829166889,0.5834721922874451,0.257365345954895,0.004606151487678289,0.5780335068702698,0.2545824646949768,0.004383619874715805,0.5742405652999878,0.25176993012428284,0.004101622849702835,0.6225572228431702,0.2699715495109558,0.06258901953697205,0.5761829018592834,0.2923746407032013,-0.012819605879485607,0.5697314739227295,0.26694393157958984,-0.016199497506022453,0.5697293281555176,0.28723254799842834,-0.025592921301722527,0.5667735934257507,0.2916829586029053,-0.023847011849284172,0.5696094036102295,0.2889896631240845,-0.023007318377494812,0.5745662450790405,0.2949956953525543,-0.011246778070926666,0.5658789873123169,0.29224586486816406,-0.02536758780479431,0.5652061104774475,0.2944672107696533,-0.01920946128666401,0.5739998817443848,0.24557708203792572,0.007266721222549677,0.5711776614189148,0.24724340438842773,0.003686705604195595,0.5694855451583862,0.24840138852596283,-0.00044451968278735876,0.5992450714111328,0.24052859842777252,0.011340802535414696,0.602690577507019,0.2374664694070816,0.011734637431800365,0.5286864638328552,0.24434344470500946,0.006803450640290976,0.5347552299499512,0.24376791715621948,0.006803450640290976,0.5282054543495178,0.2371729165315628,0.006803450640290976,0.5225068926811218,0.24486587941646576,0.006803450640290976,0.5290981531143188,0.251464307308197,0.006803450640290976,0.5889205932617188,0.24057656526565552,0.008397328667342663,0.5949276685714722,0.2405707687139511,0.008397328667342663,0.5888561606407166,0.23283082246780396,0.008397328667342663,0.5829359292984009,0.24050603806972504,0.008397328667342663,0.589026153087616,0.24837851524353027,0.008397328667342663
499.9999999999999,0.5601143836975098,0.3172729015350342,-0.017753571271896362,0.5631659030914307,0.2927091717720032,-0.028698068112134933,0.5624925494194031,0.3003700077533722,-0.016153065487742424,0.5579032897949219,0.26734358072280884,-0.020086679607629776,0.5631825923919678,0.28475603461265564,-0.02996845915913582,0.5628048181533813,0.2744639813899994,-0.027016732841730118,0.5613679885864258,0.24890552461147308,-0.010692592710256577,0.5192928314208984,0.24947378039360046,0.007481234613806009,0.560518205165863,0.22844822704792023,-0.005565265193581581,0.5602501630783081,0.21692465245723724,-0.005668514408171177,0.5588406324386597,0.17284943163394928,0.0038753985427320004,0.5602980852127075,0.3208432197570801,-0.01742941327393055,0.5605401396751404,0.3246108591556549,-0.015861492604017258,0.560787558555603,0.3272974491119385,-0.013080047443509102,0.5609429478645325,0.3290295898914337,-0.012913326732814312,0.5611664056777954,0.3332831561565399,-0.0134062385186553,0.5614431500434875,0.3384796679019928,-0.01490273978561163,0.5617876052856445,0.34361088275909424,-0.014502046629786491,0.5624197721481323,0.3491264283657074,-0.010228200815618038,0.5629366040229797,0.29688218235969543,-0.026273319497704506,0.557686984539032,0.2971794903278351,-0.01952933892607689,0.4946727752685547,0.21757446229457855,0.03479555994272232,0.5360804200172424,0.25483283400535583,0.0022769218776375055,0.5303376317024231,0.256297767162323,0.002232508733868599,0.5247108936309814,0.25647300481796265,0.003421701258048415,0.5171209573745728,0.25246137380599976,0.007807462941855192,0.540938138961792,0.25228890776634216,0.0035028248094022274,0.526308536529541,0.2325718104839325,0.000983521225862205,0.5330662131309509,0.23261205852031708,0.0016185822896659374,0.5203167200088501,0.2348918914794922,0.002329280599951744,0.5165567994117737,0.23862391710281372,0.00427886750549078,0.5125669240951538,0.2577102780342102,0.009937017224729061,0.5435758233070374,0.36287063360214233,-0.007604809012264013,0.5170578956604004,0.24733877182006836,0.009299257770180702,0.49402889609336853,0.254800021648407,0.03341103717684746,0.5057266354560852,0.2525539696216583,0.01557671558111906,0.5343228578567505,0.288299560546875,-0.005665782373398542,0.5540838241577148,0.31609490513801575,-0.017483241856098175,0.5554451942443848,0.324735164642334,-0.015663983300328255,0.5487527847290039,0.3193676173686981,-0.01549948938190937,0.5455372333526611,0.32267704606056213,-0.012877263128757477,0.5512335896492004,0.32541537284851074,-0.014426827430725098,0.5480924248695374,0.32639461755752563,-0.011869569309055805,0.5393033027648926,0.338125079870224,-0.00721284095197916,0.5588747262954712,0.29291751980781555,-0.028487076982855797,0.5582603216171265,0.28529995679855347,-0.029643384739756584,0.5086429715156555,0.23376816511154175,0.0065481835044920444,0.5448117256164551,0.26785555481910706,-0.003993035294115543,0.5464353561401367,0.29183998703956604,-0.016194961965084076,0.5458688735961914,0.2876758575439453,-0.014377741143107414,0.5164675712585449,0.28890931606292725,-0.00024846915039233863,0.5581076741218567,0.27568137645721436,-0.025810956954956055,0.5224093794822693,0.22393940389156342,-0.0013843228807672858,0.5141919851303101,0.22761234641075134,0.00222752895206213,0.5006594061851501,0.20165163278579712,0.0257142074406147,0.5485295653343201,0.22846293449401855,-0.004624221008270979,0.5390453934669495,0.23542781174182892,0.0035355710424482822,0.5352710485458374,0.33168748021125793,-0.005452574230730534,0.5025643110275269,0.3328748941421509,0.03994341939687729,0.5504336357116699,0.29597434401512146,-0.014168448746204376,0.5544973015785217,0.2978763282299042,-0.014664458110928535,0.5420411825180054,0.32825392484664917,-0.006196730770170689,0.5433768630027771,0.3282737731933594,-0.007532535586506128,0.510978639125824,0.2225760519504547,0.0054007647559046745,0.5461715459823608,0.2951836585998535,-0.013534453697502613,0.5337516069412231,0.22356168925762177,-0.003682086942717433,0.532567024230957,0.21681630611419678,-0.004153342917561531,0.5251048803329468,0.17948774993419647,0.007852465845644474,0.5065497159957886,0.21073797345161438,0.014188433066010475,0.5299419164657593,0.1966809779405594,0.001540599507279694,0.5051392912864685,0.22994700074195862,0.011553465388715267,0.5002192854881287,0.22328150272369385,0.022546282038092613,0.5546101331710815,0.3206501603126526,-0.017266709357500076,0.5499280095100403,0.32255181670188904,-0.015311473980545998,0.5467522144317627,0.32455772161483765,-0.012905430980026722,0.5516142845153809,0.2971954941749573,-0.013035489246249199,0.5427098870277405,0.32830944657325745,-0.0068953451700508595,0.544741153717041,0.3304247260093689,-0.010031474754214287,0.5440416932106018,0.3282700181007385,-0.007635721005499363,0.5527324676513672,0.2934167981147766,-0.02118120901286602,0.5491841435432434,0.32761114835739136,-0.01080321241170168,0.5523486733436584,0.327357679605484,-0.01210999209433794,0.55626380443573,0.3273170292377472,-0.01311784703284502,0.555961549282074,0.3491289019584656,-0.010805962607264519,0.555853545665741,0.3430330157279968,-0.014952401630580425,0.5558024048805237,0.3379630446434021,-0.015207883901894093,0.5560003519058228,0.3328111171722412,-0.013539313338696957,0.5563406944274902,0.3289436995983124,-0.01295084971934557,0.5492087602615356,0.32850584387779236,-0.010713456198573112,0.5483323335647583,0.3303929567337036,-0.011569295078516006,0.547248899936676,0.3328891396522522,-0.012838255614042282,0.5464168190956116,0.3355826139450073,-0.012439162470400333,0.5406498908996582,0.3168606162071228,-0.010830681771039963,0.494114488363266,0.2922792136669159,0.05164681002497673,0.5626884698867798,0.29868367314338684,-0.019641688093543053,0.5467962026596069,0.3283507227897644,-0.009112099185585976,0.5457934141159058,0.3293265998363495,-0.009772676043212414,0.5560618042945862,0.3005642592906952,-0.015210278332233429,0.5477594137191772,0.29957613348960876,-0.009835884906351566,0.5553158521652222,0.29926419258117676,-0.01502140611410141,0.5388339757919312,0.27288347482681274,-0.0031092327553778887,0.5296692252159119,0.2786101698875427,-0.002571773948147893,0.544906497001648,0.2912027835845947,-0.011701597832143307,0.5103400945663452,0.18865114450454712,0.01597730442881584,0.5159834623336792,0.201505646109581,0.007378512527793646,0.5203170776367188,0.2175215482711792,0.0002355494216317311,0.5435108542442322,0.3424815535545349,-0.00961924996227026,0.5463896989822388,0.21737879514694214,-0.005950873252004385,0.5439328551292419,0.19509583711624146,-0.0013775782426819205,0.5406935214996338,0.17467539012432098,0.0037379800342023373,0.5199260711669922,0.2553713321685791,0.005590875633060932,0.5065212845802307,0.26369473338127136,0.012148657813668251,0.5440806746482849,0.24998387694358826,0.004639463033527136,0.511245846748352,0.24287693202495575,0.008736386895179749,0.5488280653953552,0.2623178958892822,-0.005250405054539442,0.5494961142539978,0.28882065415382385,-0.020942742004990578,0.5006065368652344,0.27035149931907654,0.01701182872056961,0.5107482671737671,0.2693559229373932,0.006819871254265308,0.5183120965957642,0.27204903960227966,0.002028576098382473,0.5293372869491577,0.27006903290748596,0.00044038984924554825,0.5374325513839722,0.2660239636898041,7.953042222652584e-05,0.5433968305587769,0.2617143988609314,-0.0005686480435542762,0.556286633014679,0.2512165307998657,-0.009242100641131401,0.5023154616355896,0.2875980734825134,0.013934344053268433,0.5067538022994995,0.24210834503173828,0.011173549108207226,0.5602656602859497,0.2968575060367584,-0.026201574131846428,0.5460709929466248,0.27556225657463074,-0.006867286749184132,0.49099093675613403,0.25441697239875793,0.051383402198553085,0.5478734970092773,0.2570795714855194,-0.0005752932047471404,0.5441059470176697,0.291750431060791,-0.00643508043140173,0.5147355794906616,0.24797910451889038,0.010149055160582066,0.5491123199462891,0.2837138772010803,-0.01860184036195278,0.4972117245197296,0.31236422061920166,0.04731513559818268,0.5439202189445496,0.24711506068706512,0.006237369030714035,0.5535253882408142,0.27884596586227417,-0.02319417893886566,0.5176113247871399,0.34967464208602905,0.011152675375342369,0.5170809030532837,0.35956937074661255,0.019633149728178978,0.4959237575531006,0.29045531153678894,0.03280622512102127,0.5097458958625793,0.33982259035110474,0.01829475350677967,0.4967040717601776,0.2377554476261139,0.02966214530169964,0.541923999786377,0.3714487850666046,-0.00527187529951334,0.5606147050857544,0.29853785037994385,-0.019403181970119476,0.5410760045051575,0.28165358304977417,-0.005680964328348637,0.5009090304374695,0.2538484036922455,0.020606469362974167,0.5251211524009705,0.2517402172088623,0.004280115477740765,0.5301128625869751,0.2516573667526245,0.0031816232949495316,0.5437901020050049,0.33162397146224976,-0.00945782195776701,0.5040416121482849,0.30420413613319397,0.013964165933430195,0.5510596036911011,0.3819214105606079,-0.004170650616288185,0.5342223048210144,0.3742556571960449,0.0056679872795939445,0.5264320969581604,0.36850640177726746,0.011656207963824272,0.5595831274986267,0.1943860948085785,-0.001408980111591518,0.5618998408317566,0.382246732711792,-0.0047853859141469,0.5349398851394653,0.25038856267929077,0.0033521365839987993,0.5395251512527466,0.24865113198757172,0.004517773631960154,0.5425129532814026,0.2477937936782837,0.005969220772385597,0.5026154518127441,0.24015823006629944,0.016686510294675827,0.5381253361701965,0.24130603671073914,0.004069958347827196,0.5329286456108093,0.23924942314624786,0.002938236342743039,0.5278481245040894,0.2393384873867035,0.002848719246685505,0.5229092240333557,0.24129453301429749,0.003831913461908698,0.5199135541915894,0.24385319650173187,0.005366538651287556,0.4916250705718994,0.23414108157157898,0.044518616050481796,0.5217044353485107,0.2507926821708679,0.00594387436285615,0.5625845193862915,0.30605676770210266,-0.015391810797154903,0.5456227660179138,0.31128084659576416,-0.012310621328651905,0.550359308719635,0.29477766156196594,-0.01588139869272709,0.5556022524833679,0.30714601278305054,-0.015622561797499657,0.5607939958572388,0.2386626899242401,-0.006055048201233149,0.5258893370628357,0.3587351441383362,0.005561281461268663,0.5336816906929016,0.3652331233024597,0.00034182105446234345,0.5515438318252563,0.3754136264324188,-0.00988867785781622,0.509490430355072,0.348742812871933,0.029942143708467484,0.5420216917991638,0.24474689364433289,0.005348522681742907,0.5532593727111816,0.2640698254108429,-0.012243486940860748,0.5623202919960022,0.37559616565704346,-0.010307952761650085,0.5422462224960327,0.37892216444015503,-0.00042371003655716777,0.49862658977508545,0.30877000093460083,0.030316323041915894,0.5523964762687683,0.32867738604545593,-0.011995423585176468,0.551662266254425,0.33172982931137085,-0.012818435207009315,0.5509738922119141,0.3356468379497528,-0.014349715784192085,0.5506201982498169,0.34011656045913696,-0.014233462512493134,0.5490789413452148,0.34654921293258667,-0.011267008259892464,0.5456106066703796,0.327280193567276,-0.009667938575148582,0.5443703532218933,0.32649192214012146,-0.009798077866435051,0.5433083772659302,0.3255038857460022,-0.009723463095724583,0.5369431972503662,0.323873907327652,-0.0082967858761549,0.5125008225440979,0.3072636127471924,0.0033326984848827124,0.5526496171951294,0.2561226785182953,-0.006815645843744278,0.5481851100921631,0.24054379761219025,0.0033154389820992947,0.5443796515464783,0.2416495978832245,0.004892257507890463,0.5468201041221619,0.3278934955596924,-0.009121464565396309,0.5124730467796326,0.32736337184906006,0.009473723359405994,0.5534288883209229,0.24024944007396698,-0.0031838121358305216,0.546123206615448,0.354495644569397,-0.009125478565692902,0.5623366832733154,0.2658579647541046,-0.02137109264731407,0.5571058392524719,0.25972750782966614,-0.015092113986611366,0.5618783831596375,0.25773391127586365,-0.01584586873650551,0.5499202013015747,0.2768600583076477,-0.013313287869095802,0.5624547004699707,0.36708498001098633,-0.012186828069388866,0.5624485611915588,0.35755839943885803,-0.010961969383060932,0.554488480091095,0.35767418146133423,-0.010839378461241722,0.5334932804107666,0.34223270416259766,-0.0042378343641757965,0.5393651723861694,0.2984256148338318,-0.006254829466342926,0.5392287373542786,0.34938845038414,-0.0068543883971869946,0.5255373120307922,0.29857540130615234,-0.005146341864019632,0.5342381000518799,0.3071371614933014,-0.0070734648033976555,0.5211394429206848,0.3123570680618286,-0.0025694414507597685,0.5527635216712952,0.36704742908477783,-0.01164415292441845,0.5467812418937683,0.28162452578544617,-0.010179796256124973,0.5282837748527527,0.34911179542541504,0.00021377598750405014,0.5358666777610779,0.3565097153186798,-0.0032192328944802284,0.528835117816925,0.3331949710845947,-0.0030781885143369436,0.506142258644104,0.31826287508010864,0.014645633287727833,0.5207720994949341,0.33534330129623413,0.001973782666027546,0.5027052760124207,0.32532963156700134,0.026369959115982056,0.5303000807762146,0.3183406591415405,-0.005931475665420294,0.5497316122055054,0.26967471837997437,-0.009298374876379967,0.5511879324913025,0.2921992540359497,-0.022159630432724953,0.5481275320053101,0.29430341720581055,-0.016799230128526688,0.553629457950592,0.28676894307136536,-0.02557452768087387,0.5433919429779053,0.233920156955719,0.0017082939157262444,0.5334823727607727,0.22971224784851074,0.0002828821598086506,0.5248892307281494,0.2296791970729828,4.296593397157267e-05,0.5179749727249146,0.2322339564561844,0.0016709367046132684,0.5132799744606018,0.23661378026008606,0.004659964703023434,0.5109037756919861,0.25023213028907776,0.012064955197274685,0.49418145418167114,0.27257442474365234,0.033304691314697266,0.5158933401107788,0.26113712787628174,0.00699812825769186,0.52195805311203,0.26311975717544556,0.00393662229180336,0.5296726822853088,0.2625276446342468,0.002136899856850505,0.5368872880935669,0.25990304350852966,0.0017530053155496716,0.542468249797821,0.25667107105255127,0.0023345709778368473,0.5463027358055115,0.2537248432636261,0.0024913945235311985,0.49234339594841003,0.2733039855957031,0.05341803655028343,0.548237681388855,0.29626619815826416,-0.014289654791355133,0.5537229180335999,0.27130547165870667,-0.016956862062215805,0.5550156235694885,0.29230278730392456,-0.026115981861948967,0.557405948638916,0.29590341448783875,-0.024116432294249535,0.5547953248023987,0.2936587929725647,-0.023622259497642517,0.5495411157608032,0.29838019609451294,-0.01253911666572094,0.5585564970970154,0.29652005434036255,-0.02551863342523575,0.5589063763618469,0.2982279062271118,-0.019463682547211647,0.5459824204444885,0.24726726114749908,0.005673231091350317,0.5491979122161865,0.24896886944770813,0.002556854160502553,0.5511438250541687,0.2504390776157379,-0.0012623789953067899,0.5182826519012451,0.24575752019882202,0.00706607848405838,0.5143483877182007,0.2428620457649231,0.00720369303599,0.5665506720542908,0.2667350172996521,-0.019144099205732346,0.5988156199455261,0.2429933249950409,0.014295265078544617,0.5672937035560608,0.2965986728668213,-0.01883264072239399,0.6191511154174805,0.20950773358345032,0.045718658715486526,0.5838045477867126,0.252156525850296,0.006716130767017603,0.5893061757087708,0.25235551595687866,0.007531627546995878,0.594535768032074,0.25147441029548645,0.009530485607683659,0.6011711359024048,0.24584561586380005,0.015020297840237617,0.5790478587150574,0.250498503446579,0.007008204702287912,0.5905861854553223,0.22804196178913116,0.006550856400281191,0.5842618346214294,0.2292236089706421,0.0060377963818609715,0.596348762512207,0.2292560189962387,0.00873933918774128,0.6000939011573792,0.23220963776111603,0.011151003651320934,0.605976939201355,0.25090423226356506,0.017724504694342613,0.5798490047454834,0.35936158895492554,-0.00444184010848403,0.6006113886833191,0.24038198590278625,0.016429342329502106,0.6218714714050293,0.2463277131319046,0.04400303214788437,0.6119127869606018,0.24511270225048065,0.024231035262346268,0.5877118110656738,0.2845161557197571,-0.0012547888327389956,0.5660918354988098,0.31533312797546387,-0.016408950090408325,0.5658143758773804,0.3241657614707947,-0.01468903012573719,0.5721015334129333,0.31801843643188477,-0.013260448351502419,0.575806736946106,0.3210073709487915,-0.009717504493892193,0.5702800154685974,0.3243979513645172,-0.012503381818532944,0.5736459493637085,0.3250368535518646,-0.009199394844472408,0.5836687088012695,0.33429014682769775,-0.0030536430422216654,0.5672299265861511,0.2923925518989563,-0.027890054509043694,0.5679060816764832,0.28463855385780334,-0.02894366905093193,0.6068907976150513,0.22700822353363037,0.014629687182605267,0.5764862298965454,0.26558494567871094,-0.001103668357245624,0.5775947570800781,0.2897024154663086,-0.013568728230893612,0.577705979347229,0.2854812443256378,-0.011676535941660404,0.6044383645057678,0.28266212344169617,0.007054133806377649,0.5672838091850281,0.27498745918273926,-0.024918871000409126,0.5934417843818665,0.2201799750328064,0.004229310434311628,0.6012744307518005,0.22213923931121826,0.00921880267560482,0.6138097643852234,0.1944092959165573,0.03552592918276787,0.5702562928199768,0.22869768738746643,-0.002759350463747978,0.578980565071106,0.23308700323104858,0.007123762741684914,0.58757084608078,0.3272792100906372,-0.00045100890565663576,0.6133323907852173,0.3243025541305542,0.05022585764527321,0.5736417174339294,0.29441553354263306,-0.01221122033894062,0.5698058009147644,0.29688283801078796,-0.013686150312423706,0.5799897313117981,0.3263445198535919,-0.0017829209100455046,0.5786418914794922,0.3265293836593628,-0.0036445804871618748,0.6037550568580627,0.21673163771629333,0.012852837331593037,0.5774340033531189,0.29299458861351013,-0.010952126234769821,0.5832024812698364,0.22171080112457275,0.00015490863006561995,0.5837474465370178,0.21489936113357544,-0.00020516775839496404,0.591373860836029,0.17535096406936646,0.013458584435284138,0.6100453734397888,0.2037390172481537,0.02243299037218094,0.5882929563522339,0.19276034832000732,0.006074109580367804,0.6097655296325684,0.22287026047706604,0.020236779004335403,0.6157280802726746,0.21561238169670105,0.031897131353616714,0.5660989284515381,0.3199654221534729,-0.016222413629293442,0.5712345838546753,0.3213929235935211,-0.013229362666606903,0.5747745037078857,0.32305237650871277,-0.01002612616866827,0.5723719000816345,0.2957535982131958,-0.01145043596625328,0.5793023109436035,0.32647889852523804,-0.00281905522570014,0.5775169730186462,0.3285737633705139,-0.0065818303264677525,0.5779880285263062,0.3265819549560547,-0.0038401742931455374,0.5720073580741882,0.2922842800617218,-0.01937868818640709,0.5727135539054871,0.32636237144470215,-0.00823468342423439,0.5694658756256104,0.326389342546463,-0.010263127274811268,0.5654821395874023,0.3267514109611511,-0.01209698710590601,0.5685220956802368,0.34808045625686646,-0.009785935282707214,0.5678334832191467,0.3422488570213318,-0.013831974007189274,0.5671653151512146,0.33714717626571655,-0.014052551239728928,0.5663943886756897,0.3320295512676239,-0.012413287535309792,0.5656836628913879,0.32822108268737793,-0.011883159168064594,0.5728509426116943,0.3270174264907837,-0.00810464471578598,0.5740211009979248,0.32877591252326965,-0.008941414766013622,0.5753740072250366,0.3311014771461487,-0.010107332840561867,0.5765475034713745,0.3336552679538727,-0.009500629268586636,0.5830096006393433,0.3135753273963928,-0.007155044004321098,0.6202498078346252,0.283603310585022,0.0632171779870987,0.5751910209655762,0.3267354369163513,-0.005800552200525999,0.5763223171234131,0.3276013433933258,-0.006435922812670469,0.568523645401001,0.2997981309890747,-0.014248911291360855,0.5756725072860718,0.2975594699382782,-0.007807326037436724,0.5691260695457458,0.2984097898006439,-0.014076640829443932,0.5822228789329529,0.2698434591293335,0.0007799256127327681,0.5914559364318848,0.27431368827819824,0.002677632262930274,0.5783308744430542,0.28886744379997253,-0.00888101290911436,0.6050826907157898,0.18267889320850372,0.024031132459640503,0.6014155149459839,0.19571621716022491,0.013978230766952038,0.5948238372802734,0.2134629189968109,0.006125211250036955,0.5798676609992981,0.3392460346221924,-0.006176089867949486,0.5713343024253845,0.2175668627023697,-0.00393512612208724,0.5749225616455078,0.19307321310043335,0.0010038318578153849,0.5765358209609985,0.17245537042617798,0.006547766737639904,0.5988448858261108,0.2494140863418579,0.012409782968461514,0.6124132871627808,0.2563866376876831,0.020752526819705963,0.5759190320968628,0.24875198304653168,0.007779338862746954,0.605554461479187,0.23582269251346588,0.01655435748398304,0.5727675557136536,0.2605566382408142,-0.0029368691612035036,0.5751095414161682,0.2871285676956177,-0.01880277320742607,0.6178047060966492,0.26223024725914,0.026766015216708183,0.6089046597480774,0.2624804377555847,0.01491367444396019,0.60206139087677,0.26628994941711426,0.008913001045584679,0.5915620923042297,0.2661386728286743,0.005721487104892731,0.5836925506591797,0.26342421770095825,0.0041010696440935135,0.5778127908706665,0.2600654661655426,0.0024585130158811808,0.5661771297454834,0.2504737079143524,-0.008244769647717476,0.6168779134750366,0.27952301502227783,0.023598937317728996,0.6097387671470642,0.23486466705799103,0.019718654453754425,0.5654909610748291,0.29651734232902527,-0.02572043240070343,0.576047956943512,0.2734208106994629,-0.0041106329299509525,0.6225940585136414,0.24570831656455994,0.06326868385076523,0.5733104348182678,0.2560705244541168,0.0017560945125296712,0.5785338878631592,0.289335697889328,-0.0036490221973508596,0.6028627157211304,0.24088768661022186,0.017620578408241272,0.5749402046203613,0.2819046974182129,-0.01642710715532303,0.617803692817688,0.3036917746067047,0.058381181210279465,0.5756956338882446,0.24575340747833252,0.009531243704259396,0.5712377429008484,0.27756163477897644,-0.02159884013235569,0.6025267243385315,0.34217098355293274,0.01823519542813301,0.6015005707740784,0.3517131805419922,0.02734430693089962,0.6212452054023743,0.2816922068595886,0.04335618391633034,0.6094403266906738,0.33169853687286377,0.026633309200406075,0.6190463304519653,0.22973303496837616,0.03969094529747963,0.5810912251472473,0.3674931228160858,-0.0018861059797927737,0.5646933317184448,0.29830121994018555,-0.019113803282380104,0.580751359462738,0.2788613736629486,-0.0022702538408339024,0.6168515682220459,0.24640479683876038,0.030115462839603424,0.5937348008155823,0.24660781025886536,0.010279612615704536,0.589097797870636,0.2476462572813034,0.00851193442940712,0.5786377787590027,0.32963669300079346,-0.005727073643356562,0.6153237819671631,0.2961268126964569,0.02328195609152317,0.5721917152404785,0.379848450422287,-0.0021727997809648514,0.5867587924003601,0.36867624521255493,0.010591077618300915,0.5934749245643616,0.3617105782032013,0.017883675172924995,0.5844568014144897,0.24747109413146973,0.00794937089085579,0.5799750685691833,0.24664855003356934,0.00848083384335041,0.5770860314369202,0.24633781611919403,0.009515163488686085,0.6134175658226013,0.23259642720222473,0.025889091193675995,0.5803802609443665,0.2384556233882904,0.008119607344269753,0.5849413871765137,0.2352108657360077,0.007638688664883375,0.5897778868675232,0.23429608345031738,0.008289298973977566,0.5945820808410645,0.23532001674175262,0.009978785179555416,0.5975921750068665,0.23735186457633972,0.011958256363868713,0.621916651725769,0.22564059495925903,0.05610029026865959,0.5967838168144226,0.24485239386558533,0.012455121614038944,0.5784474611282349,0.30886003375053406,-0.009503280743956566,0.5739027857780457,0.29327213764190674,-0.014029336161911488,0.5694286823272705,0.30616387724876404,-0.014484784565865993,0.5950278043746948,0.35224345326423645,0.011292620562016964,0.5880818367004395,0.3597797751426697,0.004871695302426815,0.5726187825202942,0.37335681915283203,-0.008079449646174908,0.6077604293823242,0.34032464027404785,0.039019640535116196,0.577164351940155,0.24288833141326904,0.008970064111053944,0.5697572231292725,0.26290878653526306,-0.010687866248190403,0.5799909830093384,0.3749133348464966,0.003241707803681493,0.6188644766807556,0.3000137209892273,0.04035091772675514,0.5696731805801392,0.3274601101875305,-0.0100669851526618,0.570784330368042,0.330371618270874,-0.010812874883413315,0.571914792060852,0.33416807651519775,-0.01224743202328682,0.5728961229324341,0.3385984003543854,-0.012034667655825615,0.5748481750488281,0.34420812129974365,-0.008744384162127972,0.576244592666626,0.3256921172142029,-0.00626094825565815,0.5773876905441284,0.3247487545013428,-0.006085230968892574,0.5783777236938477,0.32362496852874756,-0.005745370872318745,0.5863059759140015,0.31988203525543213,-0.00366242160089314,0.6083250045776367,0.30019789934158325,0.011242443695664406,0.5693256258964539,0.25492557883262634,-0.005186465103179216,0.5714424252510071,0.2399759143590927,0.005372168961912394,0.5747699737548828,0.24032531678676605,0.007934093475341797,0.5751073956489563,0.3264652192592621,-0.005827021319419146,0.6077362298965454,0.319815456867218,0.01741338148713112,0.5668506026268005,0.24052855372428894,-0.0019443575292825699,0.577482283115387,0.35150229930877686,-0.00637721735984087,0.5664207935333252,0.2590532898902893,-0.014249876141548157,0.5733197331428528,0.2752288579940796,-0.011305407620966434,0.5699766874313354,0.35618793964385986,-0.00953427329659462,0.5889157652854919,0.3374207615852356,0.0005144801689311862,0.5831766128540039,0.2952336072921753,-0.002707165200263262,0.5835971236228943,0.34528815746307373,-0.0030952177476137877,0.5965323448181152,0.29338857531547546,0.0005373884923756123,0.5885400176048279,0.3030852973461151,-0.0025912278797477484,0.6006879806518555,0.30630508065223694,0.003909969702363014,0.5717077255249023,0.365262895822525,-0.009931637905538082,0.5759723782539368,0.2795703411102295,-0.007673757616430521,0.5934163928031921,0.34322506189346313,0.005679657682776451,0.5865659713745117,0.35164499282836914,0.0009755397913977504,0.5934596061706543,0.3278965651988983,0.0027064236346632242,0.6132520437240601,0.31016743183135986,0.02354256622493267,0.6005145311355591,0.3286893367767334,0.008686231449246407,0.6153539419174194,0.3167688548564911,0.03582765907049179,0.5923576951026917,0.3135494291782379,-0.0005939130787737668,0.5727325081825256,0.2680370509624481,-0.00710775051265955,0.5736037492752075,0.2908075153827667,-0.020208222791552544,0.5760834813117981,0.2924375534057617,-0.01459483988583088,0.5717625617980957,0.28554874658584595,-0.023987025022506714,0.5750640630722046,0.2326354682445526,0.004531918093562126,0.5837176442146301,0.2268838882446289,0.004468093626201153,0.5916717648506165,0.2254062294960022,0.005532568786293268,0.5983149409294128,0.22665239870548248,0.008299726992845535,0.6029817461967468,0.23003703355789185,0.01200892124325037,0.6067137718200684,0.2431037425994873,0.020010776817798615,0.62239009141922,0.26385167241096497,0.04413410276174545,0.6031861901283264,0.254802942276001,0.014323047362267971,0.5977771282196045,0.25786715745925903,0.010324293747544289,0.5905468463897705,0.2586368918418884,0.007402657996863127,0.5835741758346558,0.2573230266571045,0.005901810247451067,0.5781300067901611,0.25505146384239197,0.005461542401462793,0.5743478536605835,0.25264880061149597,0.00503665441647172,0.6214967370033264,0.26467475295066833,0.06523098051548004,0.5756473541259766,0.2943674921989441,-0.012120652012526989,0.5701751708984375,0.2701127827167511,-0.01539596263319254,0.5705060958862305,0.29130399227142334,-0.024846680462360382,0.5678468942642212,0.2952768802642822,-0.023382285609841347,0.570317268371582,0.2927893400192261,-0.02233625389635563,0.5742097496986389,0.29659461975097656,-0.010714518837630749,0.5670238733291626,0.29597389698028564,-0.024919066578149796,0.5662246346473694,0.29774209856987,-0.018965350463986397,0.5738498568534851,0.24629029631614685,0.008405813947319984,0.5712667107582092,0.24836401641368866,0.004554221406579018,0.5697363018989563,0.24999669194221497,0.00037657737266272306,0.59927898645401,0.23898087441921234,0.013950733467936516,0.6025756597518921,0.23594753444194794,0.014448532834649086,0.5288511514663696,0.24439990520477295,0.005108285695314407,0.5349892973899841,0.24380280077457428,0.005108285695314407,0.5283836722373962,0.2369222342967987,0.005108285695314407,0.5226205587387085,0.24493297934532166,0.005108285695314407,0.5292600393295288,0.2518172562122345,0.005108285695314407,0.5890663862228394,0.24011659622192383,0.010397082194685936,0.5953096747398376,0.23968254029750824,0.010397082194685936,0.5886151194572449,0.2324945628643036,0.010397082194685936,0.5827840566635132,0.24051456153392792,0.010397082194685936,0.5895413160324097,0.24776878952980042,0.010397082194685936
533.3333333333333,0.5598772764205933,0.3160693049430847,-0.015114318579435349,0.5635837912559509,0.2973731458187103,-0.030475175008177757,0.5623221397399902,0.302272230386734,-0.015752775594592094,0.5570389032363892,0.2687188684940338,-0.023535950109362602,0.5635465383529663,0.2893442213535309,-0.03249556943774223,0.562896192073822,0.27775338292121887,-0.030284199863672256,0.5605064630508423,0.2476506233215332,-0.015395794995129108,0.5151939988136292,0.244054913520813,0.004817078355699778,0.5594081282615662,0.2281288206577301,-0.011233766563236713,0.5591304898262024,0.217747762799263,-0.012163166888058186,0.5570337176322937,0.17364054918289185,-0.004841638263314962,0.56001216173172,0.3197733759880066,-0.014246565289795399,0.560168445110321,0.32390087842941284,-0.012330703437328339,0.5603525638580322,0.3269081115722656,-0.00906208623200655,0.5605522990226746,0.32726168632507324,-0.009764909744262695,0.560768187046051,0.3309052884578705,-0.010045931674540043,0.5609486699104309,0.33546289801597595,-0.011495075188577175,0.5611497759819031,0.3402253985404968,-0.010983227752149105,0.5621986389160156,0.34952443838119507,-0.006036246661096811,0.5632181763648987,0.30066943168640137,-0.027487339451909065,0.5559247136116028,0.2996857762336731,-0.019891683012247086,0.49007436633110046,0.20827162265777588,0.03020239807665348,0.5345415472984314,0.24780574440956116,0.00019524441449902952,0.5281661748886108,0.2491658627986908,5.327232793206349e-05,0.5217249989509583,0.24982580542564392,0.0010981432860717177,0.5127518177032471,0.24680942296981812,0.0051979986019432545,0.5396076440811157,0.2457440197467804,0.0011226775823161006,0.5231144428253174,0.23075324296951294,-0.002373788272961974,0.5304288864135742,0.23078197240829468,-0.0016847130609676242,0.5166841745376587,0.23245489597320557,-0.0011953114299103618,0.5127241611480713,0.2354113757610321,0.0008460577228106558,0.507978081703186,0.2519034445285797,0.007497451733797789,0.5398752689361572,0.36089837551116943,-0.00024897887487895787,0.5125449895858765,0.24281497299671173,0.006347341928631067,0.48831212520599365,0.24417094886302948,0.03129260987043381,0.5010769367218018,0.24751701951026917,0.012620951049029827,0.5309873223304749,0.2847103476524353,-0.005643839482218027,0.5526061058044434,0.31498971581459045,-0.01501544751226902,0.553743839263916,0.324031263589859,-0.012093376368284225,0.5455179810523987,0.318759948015213,-0.012494489550590515,0.5411539673805237,0.3226010799407959,-0.009164096787571907,0.5482233762741089,0.32488682866096497,-0.010604613460600376,0.5441033244132996,0.32613369822502136,-0.007552269846200943,0.5341121554374695,0.336810827255249,-0.0017069816822186112,0.5584077835083008,0.29733917117118835,-0.030245408415794373,0.5576265454292297,0.2895330786705017,-0.032137881964445114,0.5039979219436646,0.23132574558258057,0.0011894750641658902,0.5424494743347168,0.26353195309638977,-0.006007131654769182,0.5427431464195251,0.29209282994270325,-0.016654834151268005,0.5422074198722839,0.28709790110588074,-0.014966219663619995,0.5129605531692505,0.28304940462112427,-0.00036793379695154727,0.5573662519454956,0.2786552309989929,-0.028902770951390266,0.518408477306366,0.22375530004501343,-0.007597450632601976,0.5096600651741028,0.22642894089221954,-0.003966742195188999,0.49676185846328735,0.19544380903244019,0.019635895267128944,0.5464848279953003,0.2280413806438446,-0.010146860964596272,0.5369429588317871,0.23271283507347107,0.000567978888284415,0.5296345949172974,0.3299024701118469,-0.00042294227750971913,0.4942114055156708,0.319417804479599,0.046515777707099915,0.5469626784324646,0.29654088616371155,-0.014097127132117748,0.5516144037246704,0.29880601167678833,-0.014591528102755547,0.5367932319641113,0.32876065373420715,-0.001060085603967309,0.5381762385368347,0.3285112679004669,-0.0024817821104079485,0.5064905285835266,0.22190511226654053,-0.001106476061977446,0.5421362519264221,0.29464584589004517,-0.01346584688872099,0.5304614305496216,0.22372621297836304,-0.009622214362025261,0.5289319157600403,0.21790479123592377,-0.010763182304799557,0.5221710205078125,0.17866674065589905,8.561491267755628e-05,0.5035685896873474,0.20727266371250153,0.007552379742264748,0.5277299284934998,0.19690382480621338,-0.006045575253665447,0.5004363059997559,0.22778183221817017,0.0060043842531740665,0.4965338706970215,0.21695095300674438,0.01714719459414482,0.5529656410217285,0.3197002410888672,-0.014230586588382721,0.5468157529830933,0.3220245838165283,-0.011814718134701252,0.542560875415802,0.32442307472229004,-0.008851999416947365,0.54814213514328,0.2976188063621521,-0.013010661117732525,0.537503719329834,0.3286468982696533,-0.0018289076397195458,0.5404214859008789,0.3300522565841675,-0.005086897406727076,0.5389040112495422,0.3283996284008026,-0.002650899114087224,0.550517201423645,0.2959039807319641,-0.022205255925655365,0.545432984828949,0.3273693323135376,-0.006207095924764872,0.5495007634162903,0.32690975069999695,-0.007809577044099569,0.554548442363739,0.3268186151981354,-0.00905381329357624,0.5543135404586792,0.34949687123298645,-0.00646605808287859,0.5542483329772949,0.33965784311294556,-0.011298621073365211,0.5542424321174622,0.33494406938552856,-0.011751985177397728,0.5544520020484924,0.33048805594444275,-0.010115834884345531,0.5547640919685364,0.327128529548645,-0.009760468266904354,0.5455722808837891,0.32751917839050293,-0.006707692518830299,0.5447790026664734,0.3292444348335266,-0.007338734809309244,0.5437433123588562,0.33151954412460327,-0.008304665796458721,0.5429313778877258,0.33413246273994446,-0.007588410284370184,0.5363425016403198,0.3155091404914856,-0.007948575541377068,0.4857670068740845,0.2776644825935364,0.054435089230537415,0.5628191232681274,0.3015386462211609,-0.019804559648036957,0.5424609184265137,0.3279314935207367,-0.004572422243654728,0.5415075421333313,0.3289029598236084,-0.005030706059187651,0.5539112687110901,0.3017485439777374,-0.014719518832862377,0.5437509417533875,0.2987472712993622,-0.009133239276707172,0.5527468323707581,0.30034777522087097,-0.014813362620770931,0.5364238619804382,0.26787301898002625,-0.00453541986644268,0.5269750952720642,0.27359941601753235,-0.003794784191995859,0.5409729480743408,0.289977490901947,-0.011748354882001877,0.5068866610527039,0.18538592755794525,0.00890242587774992,0.5135250091552734,0.20044758915901184,0.00017617375124245882,0.5160995721817017,0.21805423498153687,-0.006356140598654747,0.5392187833786011,0.34168851375579834,-0.004135392140597105,0.5438352823257446,0.21874874830245972,-0.012485150247812271,0.5421159267425537,0.19570550322532654,-0.009036360308527946,0.5383308529853821,0.17509834468364716,-0.004429198801517487,0.5161316394805908,0.24908310174942017,0.003122929483652115,0.5017638206481934,0.257409006357193,0.010236941277980804,0.542671263217926,0.24382132291793823,0.0022390044759958982,0.5067929625511169,0.23893485963344574,0.004862804897129536,0.5466799139976501,0.25878769159317017,-0.007926370948553085,0.5468653440475464,0.2906932830810547,-0.022219110280275345,0.49523821473121643,0.2615116536617279,0.015749001875519753,0.5057814121246338,0.26242125034332275,0.005365160759538412,0.5137392282485962,0.2647980749607086,0.0006572228739969432,0.5259485244750977,0.2627747058868408,-0.0012565472861751914,0.5349351763725281,0.2589683532714844,-0.0017136228270828724,0.541272759437561,0.25527650117874146,-0.0027925935573875904,0.5547921061515808,0.24948105216026306,-0.013540895655751228,0.4970538020133972,0.2787947654724121,0.014175294898450375,0.5020270347595215,0.23847198486328125,0.007048557512462139,0.5598441958427429,0.30056220293045044,-0.027378728613257408,0.5433019995689392,0.2726362645626068,-0.0081051429733634,0.48422372341156006,0.24108143150806427,0.05039387196302414,0.5459790229797363,0.2514285147190094,-0.003251459449529648,0.540037989616394,0.2895318269729614,-0.005952444858849049,0.5101478695869446,0.24301421642303467,0.00704087782651186,0.5463192462921143,0.28447994589805603,-0.020099705085158348,0.4887000024318695,0.29792341589927673,0.05191456526517868,0.5422564148902893,0.24144476652145386,0.003807652508839965,0.5517964363098145,0.2808452546596527,-0.025687260553240776,0.5106289982795715,0.34298011660575867,0.018210094422101974,0.5098022222518921,0.35135918855667114,0.02782689966261387,0.48903876543045044,0.27889251708984375,0.034167442470788956,0.5023528337478638,0.3308809995651245,0.024470334872603416,0.4920117259025574,0.22881396114826202,0.025807056576013565,0.5381034016609192,0.3692556619644165,0.003138777567073703,0.5600128173828125,0.30139440298080444,-0.019569283351302147,0.537937581539154,0.27814826369285583,-0.006164418999105692,0.496259868144989,0.2487315982580185,0.01794552430510521,0.5222880244255066,0.24498671293258667,0.0019542877562344074,0.5280838012695312,0.24457038938999176,0.0008923402056097984,0.5394158959388733,0.3313872814178467,-0.004271807614713907,0.49847647547721863,0.2951123118400574,0.016274912282824516,0.5492761731147766,0.3794039487838745,0.004816504195332527,0.5290852785110474,0.37000715732574463,0.014612670987844467,0.5200452208518982,0.36277562379837036,0.020332664251327515,0.5580974221229553,0.19524185359477997,-0.009210830554366112,0.5622127652168274,0.37972575426101685,0.0041203624568879604,0.5333629250526428,0.24352586269378662,0.0010056805331259966,0.5381288528442383,0.2422235608100891,0.0020930764731019735,0.5410000681877136,0.241665318608284,0.003483311040326953,0.4979013502597809,0.2367108166217804,0.01253531500697136,0.5366183519363403,0.23869526386260986,0.0014621034497395158,0.5310507416725159,0.23821976780891418,3.966217991546728e-05,0.5254635214805603,0.2386070191860199,-9.82082201517187e-05,0.5199116468429565,0.23976755142211914,0.0007828772650100291,0.5162985324859619,0.24115926027297974,0.00240195426158607,0.48609423637390137,0.22251801192760468,0.04156111925840378,0.5182111263275146,0.24469812214374542,0.0034210854209959507,0.5622121691703796,0.3075069785118103,-0.014315917156636715,0.5418984889984131,0.3106415569782257,-0.01039426214993,0.5471627116203308,0.29592016339302063,-0.01632707566022873,0.5535744428634644,0.308167964220047,-0.014426866546273232,0.5596708655357361,0.23698174953460693,-0.010989267379045486,0.5195650458335876,0.35383304953575134,0.01347316987812519,0.5282602906227112,0.3619224429130554,0.008646546863019466,0.5496448874473572,0.374036967754364,-0.001516348565928638,0.5016221404075623,0.33759623765945435,0.037382572889328,0.5403497815132141,0.24025079607963562,0.002766204299405217,0.5516021847724915,0.2632336914539337,-0.015377232804894447,0.5626149773597717,0.3744357228279114,-0.0018853568471968174,0.5386436581611633,0.375859797000885,0.008606943301856518,0.4913075268268585,0.2971041202545166,0.03358453884720802,0.5496759414672852,0.32713183760643005,-0.008465686812996864,0.5489991307258606,0.32979780435562134,-0.009035647846758366,0.5483701229095459,0.3332851231098175,-0.010287394747138023,0.5480048656463623,0.3374246656894684,-0.009851084090769291,0.5458971858024597,0.34642294049263,-0.006265213247388601,0.5409032106399536,0.32732877135276794,-0.00501873018220067,0.5395082831382751,0.32672345638275146,-0.005253957584500313,0.5382975935935974,0.32588547468185425,-0.005292022600769997,0.5320473313331604,0.32218679785728455,-0.004403376020491123,0.5080415606498718,0.300305038690567,0.005510025657713413,0.5508076548576355,0.253635972738266,-0.010290208272635937,0.5468630790710449,0.23690594732761383,0.00018144356727134436,0.5428740978240967,0.23735594749450684,0.00198628893122077,0.5423798561096191,0.3278242349624634,-0.004241574089974165,0.5064471960067749,0.3198353946208954,0.014104215428233147,0.5520131587982178,0.23744621872901917,-0.007250971160829067,0.5426258444786072,0.35312098264694214,-0.0029457597993314266,0.5621162056922913,0.26754260063171387,-0.025101542472839355,0.5559050440788269,0.25957798957824707,-0.019119741395115852,0.5613647699356079,0.25790607929229736,-0.020106198266148567,0.5476138591766357,0.276170015335083,-0.015151177532970905,0.5625600814819336,0.36622628569602966,-0.005022597964853048,0.5623301863670349,0.35705143213272095,-0.0050410619005560875,0.5526343584060669,0.35700005292892456,-0.004730816464871168,0.5279034972190857,0.339413583278656,0.0017053678166121244,0.534974992275238,0.2957533895969391,-0.0053011225536465645,0.5344524383544922,0.34727752208709717,-0.0005814055330120027,0.5220257639884949,0.29447588324546814,-0.0042078206315636635,0.5300200581550598,0.3042437732219696,-0.00517335906624794,0.5169225931167603,0.30744117498397827,0.0001362709590466693,0.5508623719215393,0.36592695116996765,-0.004399088677018881,0.543711245059967,0.2798329293727875,-0.011106356047093868,0.5223627090454102,0.34519636631011963,0.006970187649130821,0.5306851267814636,0.3537852168083191,0.004159932490438223,0.5231633186340332,0.32979053258895874,0.001976614585146308,0.5000279545783997,0.30910375714302063,0.018567273393273354,0.5147979259490967,0.3301279544830322,0.007231958210468292,0.49512535333633423,0.31433698534965515,0.03135870024561882,0.5256553292274475,0.3150734603404999,-0.0028674467466771603,0.5474843978881836,0.26777562499046326,-0.011468450538814068,0.5488114356994629,0.2946779727935791,-0.023413190618157387,0.544626772403717,0.2950775921344757,-0.01715327799320221,0.5519248247146606,0.290108323097229,-0.027703233063220978,0.541498064994812,0.231510728597641,-0.0019326376495882869,0.5306345820426941,0.2281295210123062,-0.004094251431524754,0.5212641954421997,0.2279742807149887,-0.004617468919605017,0.5137363076210022,0.2299535721540451,-0.003003226825967431,0.5088545680046082,0.23362192511558533,0.00012666815018747002,0.5063652992248535,0.24524185061454773,0.008878162130713463,0.4878040850162506,0.2613314390182495,0.03288567438721657,0.5114235877990723,0.25476574897766113,0.004923442844301462,0.5180882811546326,0.2564396262168884,0.0017980833072215319,0.5268172025680542,0.2554928958415985,3.67845204891637e-05,0.5349006652832031,0.2529712915420532,-0.00011782294313888997,0.5408251881599426,0.25023749470710754,-3.947988716390682e-06,0.5448225736618042,0.24790486693382263,0.00010644889698596671,0.48462969064712524,0.25901204347610474,0.05427848920226097,0.5444548726081848,0.29637014865875244,-0.014298568479716778,0.552202582359314,0.27184975147247314,-0.019688714295625687,0.5535264015197754,0.29609155654907227,-0.02774433046579361,0.5559605360031128,0.29913172125816345,-0.025168130174279213,0.5530116558074951,0.29682907462120056,-0.02491150237619877,0.5457858443260193,0.29821667075157166,-0.012252544984221458,0.5576158165931702,0.30005818605422974,-0.026641225442290306,0.557627260684967,0.30090242624282837,-0.019713710993528366,0.5445775389671326,0.24165207147598267,0.003195489291101694,0.5478832721710205,0.2439696192741394,-0.00022361308219842613,0.5495184659957886,0.24580737948417664,-0.004595307167619467,0.5141112208366394,0.24217355251312256,0.004037273116409779,0.5100975632667542,0.2388601303100586,0.003909658640623093,0.5669780373573303,0.26801949739456177,-0.022667741402983665,0.5997503995895386,0.24052956700325012,0.011116894893348217,0.569089412689209,0.29883092641830444,-0.01922721415758133,0.6156832575798035,0.19978412985801697,0.03976815566420555,0.5839194655418396,0.24719944596290588,0.004326232708990574,0.5893447995185852,0.2476288378238678,0.004979101475328207,0.5947121381759644,0.2471161186695099,0.00677389744669199,0.6023682355880737,0.24263855814933777,0.011885644868016243,0.5794388651847839,0.24563056230545044,0.004352630581706762,0.5916170477867126,0.22668488323688507,0.0026111139450222254,0.5854756236076355,0.22768044471740723,0.0022455204743891954,0.5974238514900208,0.22767984867095947,0.004584275186061859,0.6013123989105225,0.2303498536348343,0.0070742652751505375,0.6067357063293457,0.24686917662620544,0.014756714925169945,0.5829404592514038,0.3570481240749359,0.003044217824935913,0.6020690202713013,0.23841069638729095,0.012899789027869701,0.6204180121421814,0.23533478379249573,0.04118897393345833,0.612877368927002,0.2414797842502594,0.02067013829946518,0.5894495844841003,0.2809387743473053,-0.0012838001130148768,0.5669863224029541,0.31475991010665894,-0.013864988461136818,0.56654953956604,0.3238759934902191,-0.010983980260789394,0.5742915272712708,0.31852543354034424,-0.010151132941246033,0.5787702798843384,0.3223417401313782,-0.005859465803951025,0.5721043348312378,0.32470473647117615,-0.008460232056677341,0.5762277841567993,0.32596829533576965,-0.004653581418097019,0.5861422419548035,0.33332768082618713,0.0026640743017196655,0.5684042572975159,0.2966604232788086,-0.029688620939850807,0.5691295266151428,0.28881192207336426,-0.03145556151866913,0.6084054112434387,0.22376273572444916,0.00863851048052311,0.5772181749343872,0.2612617015838623,-0.003293843474239111,0.5805756449699402,0.2898454964160919,-0.014129521325230598,0.5804730653762817,0.28485265374183655,-0.01236217375844717,0.6054404377937317,0.27698996663093567,0.006857496686279774,0.568131685256958,0.27790629863739014,-0.02804584428668022,0.5946425199508667,0.21638894081115723,-0.0024369284510612488,0.6026594042778015,0.21878212690353394,0.002539834240451455,0.6107202768325806,0.18805858492851257,0.02820332534611225,0.5704435110092163,0.22435222566127777,-0.008459093049168587,0.5802651047706604,0.23097819089889526,0.003726197639480233,0.5900817513465881,0.3259343206882477,0.0048134662210941315,0.6152821779251099,0.30930018424987793,0.055744875222444534,0.5764802694320679,0.29480254650115967,-0.012198799289762974,0.5722174048423767,0.2976258099079132,-0.01363685354590416,0.5834583640098572,0.32867687940597534,0.0035460880026221275,0.5820208787918091,0.328492134809494,0.0016248926986008883,0.605417013168335,0.2137720286846161,0.0057645803317427635,0.5805190205574036,0.29239439964294434,-0.0109476363286376,0.5840680003166199,0.21749141812324524,-0.006152034271508455,0.584661066532135,0.21143542230129242,-0.007197974715381861,0.5899559259414673,0.17459002137184143,0.0049000089056789875,0.6080023646354675,0.20075149834156036,0.015159448608756065,0.5873300433158875,0.19331787526607513,-0.001970384968444705,0.6115685701370239,0.22010216116905212,0.0139848031103611,0.6134258508682251,0.20964133739471436,0.025819456204771996,0.5669528245925903,0.3194873034954071,-0.013074108399450779,0.5732378959655762,0.3218148648738861,-0.009568538516759872,0.5775613188743591,0.3241996169090271,-0.005764574743807316,0.5751695036888123,0.2960297465324402,-0.011472281068563461,0.5827275514602661,0.328595906496048,0.0024606187362223864,0.5803358554840088,0.3299565315246582,-0.0014426845591515303,0.5812854170799255,0.32837313413619995,0.0013260759878903627,0.5742622017860413,0.29449260234832764,-0.02047210931777954,0.5750674605369568,0.32722869515419006,-0.0034301739651709795,0.5710427761077881,0.3267210125923157,-0.005774906370788813,0.566067099571228,0.3266602158546448,-0.007917096838355064,0.5695560574531555,0.34839358925819397,-0.0052875676192343235,0.5680223703384399,0.33954691886901855,-0.010027597658336163,0.5675485134124756,0.33475974202156067,-0.010402741841971874,0.5669332146644592,0.3302672207355499,-0.00882633589208126,0.5662387013435364,0.32696229219436646,-0.00851009413599968,0.5750964879989624,0.32745301723480225,-0.0038825045339763165,0.5762098431587219,0.32911932468414307,-0.004515837877988815,0.5774672031402588,0.33135974407196045,-0.00540277361869812,0.578511118888855,0.3339040279388428,-0.00447431206703186,0.5851372480392456,0.3124571740627289,-0.0042060911655426025,0.6202317476272583,0.2676539719104767,0.06472073495388031,0.5779861807823181,0.3279452621936798,-0.0010382418986409903,0.5791269540786743,0.32887002825737,-0.0015022126026451588,0.570226788520813,0.30087214708328247,-0.013754789717495441,0.5785772800445557,0.2967195212841034,-0.0071340021677315235,0.5712438821792603,0.2993427515029907,-0.013884590938687325,0.5829393267631531,0.26491281390190125,-0.0008044961141422391,0.5923172235488892,0.2693856954574585,0.0013572919415310025,0.581203043460846,0.28761571645736694,-0.009031006135046482,0.6028032302856445,0.17943426966667175,0.015885595232248306,0.5997628569602966,0.19515109062194824,0.006196722853928804,0.5962368845939636,0.21043431758880615,-0.0010047882096841931,0.5820765495300293,0.3385940194129944,-0.0005081722629256546,0.5715640783309937,0.21423953771591187,-0.010646510869264603,0.5738705396652222,0.1937515139579773,-0.006970665417611599,0.5752456784248352,0.17285749316215515,-0.0020754458382725716,0.599487841129303,0.24553467333316803,0.009431000798940659,0.6126963496208191,0.2513761818408966,0.018307479098439217,0.5765698552131653,0.24395842850208282,0.005098341964185238,0.6069151759147644,0.23318079113960266,0.01202556025236845,0.5732983946800232,0.2570143938064575,-0.005746172741055489,0.577621340751648,0.2888892889022827,-0.02017621323466301,0.6181218028068542,0.25324976444244385,0.024955008178949356,0.6089367866516113,0.2566033601760864,0.012970352545380592,0.6018846035003662,0.25984764099121094,0.007192694116383791,0.5913808345794678,0.25993621349334717,0.0037775663658976555,0.5835357308387756,0.2576603591442108,0.00207126559689641,0.5776712894439697,0.25482285022735596,1.7190579455927946e-05,0.5659289360046387,0.24871483445167542,-0.01261813286691904,0.6177343726158142,0.27059948444366455,0.02343781106173992,0.6110556721687317,0.23186898231506348,0.014897353947162628,0.5664541721343994,0.30007699131965637,-0.026927663013339043,0.5775244832038879,0.27051421999931335,-0.005497755948454142,0.6202145218849182,0.23133710026741028,0.06085158884525299,0.573197066783905,0.25132569670677185,-0.001096242107450962,0.5812442302703857,0.2871204912662506,-0.003234266070649028,0.6044163703918457,0.2382899522781372,0.013938214629888535,0.5773029923439026,0.28262585401535034,-0.018025776371359825,0.6187312602996826,0.2876923978328705,0.06174933537840843,0.5768290758132935,0.24139302968978882,0.0067802234552800655,0.5728926062583923,0.2794795334339142,-0.024166835471987724,0.6061702966690063,0.3346679210662842,0.025211110711097717,0.6054616570472717,0.34212934970855713,0.03482498973608017,0.621584415435791,0.2695104479789734,0.04415310174226761,0.6122509837150574,0.3218567669391632,0.03265805542469025,0.6170575618743896,0.22079378366470337,0.035172052681446075,0.5847141742706299,0.3647306561470032,0.006560015492141247,0.5655015110969543,0.30099350214004517,-0.019266275689005852,0.5824853181838989,0.27537238597869873,-0.002883271547034383,0.6175060868263245,0.24274826049804688,0.02683153934776783,0.5938252210617065,0.24289752542972565,0.007505623623728752,0.5890455842018127,0.24340224266052246,0.0058237286284565926,0.5814383625984192,0.3312077820301056,-0.00038292555836960673,0.6166871786117554,0.2867431044578552,0.025309095159173012,0.5746583342552185,0.3768932819366455,0.0067476434633135796,0.5912647843360901,0.36344215273857117,0.019175579771399498,0.5980945825576782,0.3547542691230774,0.02605150081217289,0.5845867395401001,0.24304687976837158,0.005262191407382488,0.5805211663246155,0.2421717494726181,0.005754465702921152,0.5780240893363953,0.2417457103729248,0.006731999106705189,0.6148635149002075,0.2298433780670166,0.021063709631562233,0.5815576314926147,0.2369225025177002,0.005097287241369486,0.5860777497291565,0.23499110341072083,0.004268490709364414,0.5906346440315247,0.2343093752861023,0.004809843376278877,0.5953784584999084,0.2349437177181244,0.006379202473908663,0.5985755920410156,0.23636594414710999,0.008401609025895596,0.618744432926178,0.21331340074539185,0.05171128734946251,0.5972168445587158,0.24183645844459534,0.009448891505599022,0.5806295275688171,0.3083316683769226,-0.0075455717742443085,0.5766738653182983,0.29415979981422424,-0.01454390399158001,0.5705169439315796,0.3071863651275635,-0.013265830464661121,0.5992711782455444,0.3465496301651001,0.019191475585103035,0.5923534035682678,0.35575056076049805,0.013220488093793392,0.5749745965003967,0.37168455123901367,0.000368744891602546,0.6107345223426819,0.32779359817504883,0.04562218114733696,0.5783734321594238,0.2396111935377121,0.006035401485860348,0.5704229474067688,0.2619996666908264,-0.013957648538053036,0.5838112235069275,0.3711157441139221,0.011999520473182201,0.6200135946273804,0.2875917851924896,0.04317943751811981,0.5711784362792969,0.3269600570201874,-0.006298275198787451,0.5722339749336243,0.3295831084251404,-0.006827292963862419,0.57320636510849,0.3330825865268707,-0.007971039973199368,0.5740095376968384,0.33722278475761414,-0.007460039108991623,0.5767056345939636,0.3441165089607239,-0.0035571495536714792,0.5793774724006653,0.32720836997032166,-0.001365463249385357,0.5806745886802673,0.3265209496021271,-0.001292362459935248,0.5818222761154175,0.32564178109169006,-0.0011454683262854815,0.5884718894958496,0.31855422258377075,0.00034309137845411897,0.6096088290214539,0.2932339012622833,0.013396796770393848,0.5694863796234131,0.2524075508117676,-0.008761346340179443,0.5720639228820801,0.23623469471931458,0.0019269294571131468,0.5757746696472168,0.2369106560945511,0.004650493152439594,0.5779799818992615,0.32776889204978943,-0.0007235464872792363,0.6100842952728271,0.31186702847480774,0.02200002409517765,0.5667088627815247,0.23686140775680542,-0.0062132845632731915,0.5798813700675964,0.3499677777290344,-2.103662336594425e-05,0.5665896534919739,0.25883564352989197,-0.01834908500313759,0.5749251842498779,0.27451661229133606,-0.01328034233301878,0.5713947415351868,0.35541456937789917,-0.0033244919031858444,0.5920578837394714,0.3345871567726135,0.006667338777333498,0.5858930349349976,0.29260894656181335,-0.001743700704537332,0.5866191387176514,0.34306976199150085,0.003369966521859169,0.598085343837738,0.2893986701965332,0.001543388469144702,0.5906798243522644,0.30028218030929565,-0.0006497972644865513,0.6024153828620911,0.3014760911464691,0.006725503131747246,0.5736532211303711,0.3639647960662842,-0.002577967941761017,0.578000545501709,0.2777807116508484,-0.008713633753359318,0.5972301959991455,0.3388897180557251,0.012546364217996597,0.5903246402740479,0.34846457839012146,0.008491606451570988,0.5962808728218079,0.3245985209941864,0.00798146054148674,0.6151178479194641,0.30052876472473145,0.027283500880002975,0.6035569310188293,0.3231440484523773,0.014028922654688358,0.6173111200332642,0.30484193563461304,0.040509745478630066,0.5943539142608643,0.31055596470832825,0.002643021522089839,0.5738962888717651,0.2661304175853729,-0.009445281699299812,0.5760108232498169,0.29308196902275085,-0.021544836461544037,0.5790086984634399,0.29302525520324707,-0.015022515319287777,0.5737622380256653,0.28873205184936523,-0.026176387444138527,0.5760695934295654,0.2292170226573944,0.00047132783220149577,0.5848079919815063,0.22392776608467102,-0.00039385861600749195,0.5927619934082031,0.222658172249794,0.00036891247145831585,0.5995230078697205,0.22402895987033844,0.003043487435206771,0.6043077111244202,0.22743408381938934,0.006846551317721605,0.6079742908477783,0.23995405435562134,0.01625100150704384,0.6218667030334473,0.2521388530731201,0.04309717193245888,0.6036797165870667,0.25017741322517395,0.011747021228075027,0.5978884100914001,0.25267502665519714,0.00778624415397644,0.5905107259750366,0.25324925780296326,0.004955911077558994,0.5835967659950256,0.2520497143268585,0.0037409302312880754,0.5783049464225769,0.24997542798519135,0.002891354961320758,0.5746188163757324,0.2479020655155182,0.0024338571820408106,0.6203405261039734,0.2491648942232132,0.06481903791427612,0.578628659248352,0.2943441569805145,-0.012188604101538658,0.5711859464645386,0.27058422565460205,-0.01822378672659397,0.5724674463272095,0.2948421239852905,-0.02656051330268383,0.5695871710777283,0.2981566786766052,-0.02446611411869526,0.5723406672477722,0.2956206500530243,-0.023686803877353668,0.5770738124847412,0.296359658241272,-0.010462125763297081,0.5684094429016113,0.2992686927318573,-0.0260765478014946,0.5676015019416809,0.30018413066864014,-0.019231026992201805,0.574718713760376,0.24177013337612152,0.005632293410599232,0.5716396570205688,0.24400126934051514,0.0015549150994047523,0.5696622133255005,0.2458287477493286,-0.0030803570989519358,0.6005713939666748,0.23754456639289856,0.010359141044318676,0.6039900183677673,0.23372849822044373,0.010546714067459106,0.5280649065971375,0.2402949333190918,0.0024508575443178415,0.5349398255348206,0.23978137969970703,0.0024508575443178415,0.5277351140975952,0.2339489758014679,0.0024508575443178415,0.5211846828460693,0.24075953662395477,0.0024508575443178415,0.5283101201057434,0.24661391973495483,0.0024508575443178415,0.5870949029922485,0.2412712126970291,0.007292173802852631,0.5919570922851562,0.24091050028800964,0.007292173802852631,0.586940348148346,0.23523062467575073,0.007292173802852631,0.5823090076446533,0.2415456473827362,0.007292173802852631,0.5872209668159485,0.24721916019916534,0.007292173802852631
566.6666666666666,0.5615022778511047,0.31693804264068604,-0.017835121601819992,0.5637944936752319,0.2876765727996826,-0.029291074723005295,0.5630111694335938,0.2961364686489105,-0.01658710651099682,0.558171272277832,0.2632439136505127,-0.020271794870495796,0.563787043094635,0.27959775924682617,-0.03060622699558735,0.5633871555328369,0.26982957124710083,-0.02771499939262867,0.5620754957199097,0.24676527082920074,-0.011495109647512436,0.5234121084213257,0.24883447587490082,0.010051765479147434,0.5615544319152832,0.23103368282318115,-0.006687184330075979,0.5613546967506409,0.22061149775981903,-0.006837000139057636,0.5600625872612,0.17603711783885956,0.002971361391246319,0.5614795088768005,0.3201366066932678,-0.017388872802257538,0.561477541923523,0.3235488533973694,-0.015851108357310295,0.5615410804748535,0.32605090737342834,-0.013420174829661846,0.5614567995071411,0.3263179063796997,-0.013093079440295696,0.5615144371986389,0.3296850919723511,-0.01404651254415512,0.5615118741989136,0.33390724658966064,-0.015540939755737782,0.5615572333335876,0.3384232521057129,-0.015219313092529774,0.5627083778381348,0.34827467799186707,-0.010965641587972641,0.5635309815406799,0.2921954095363617,-0.02682683989405632,0.5576463937759399,0.2924650013446808,-0.01963111013174057,0.49504026770591736,0.21614083647727966,0.03803972899913788,0.5374923348426819,0.25397610664367676,0.004318909253925085,0.5329571962356567,0.2546335458755493,0.004521532449871302,0.5281037092208862,0.25434696674346924,0.0058867898769676685,0.5208815336227417,0.2510683834552765,0.010436165146529675,0.541077733039856,0.25199007987976074,0.004933896940201521,0.5310249328613281,0.23399324715137482,0.003260705154389143,0.5359224677085876,0.2347847819328308,0.0035555509384721518,0.5258780717849731,0.23498162627220154,0.0047536250203847885,0.5221489071846008,0.23786945641040802,0.006844992749392986,0.5167598128318787,0.2552805542945862,0.012569606304168701,0.5409785509109497,0.36314475536346436,-0.006058351136744022,0.5212534070014954,0.24751166999340057,0.01181831769645214,0.4942430853843689,0.2526543438434601,0.03681333735585213,0.5096728205680847,0.2505950331687927,0.01832781359553337,0.533588707447052,0.28363320231437683,-0.0037108026444911957,0.5542789697647095,0.31530290842056274,-0.017180126160383224,0.5552054047584534,0.32355597615242004,-0.015162169001996517,0.5472602248191833,0.31926923990249634,-0.014220016077160835,0.54268878698349,0.32344549894332886,-0.010300501249730587,0.5498062372207642,0.32472118735313416,-0.013006908819079399,0.5455018877983093,0.32644250988960266,-0.009342712350189686,0.5352327227592468,0.3344652056694031,-0.0033086109906435013,0.5590418577194214,0.28762921690940857,-0.02883121185004711,0.5583248734474182,0.2799264192581177,-0.02999173477292061,0.5138845443725586,0.23092800378799438,0.00849320087581873,0.5450049042701721,0.2643003761768341,-0.0028750889468938112,0.5444285273551941,0.28627946972846985,-0.015423353761434555,0.5439552664756775,0.28232622146606445,-0.01348052080720663,0.5161209106445312,0.2835937738418579,0.0026570502668619156,0.5582723617553711,0.27080753445625305,-0.026101557537913322,0.527370274066925,0.22144973278045654,-0.00043292841291986406,0.5197360515594482,0.2248506098985672,0.0034904140047729015,0.5014799237251282,0.20113322138786316,0.028674842789769173,0.5487555861473083,0.2275373488664627,-0.004965643398463726,0.5400681495666504,0.23756510019302368,0.005218254402279854,0.5304856300354004,0.3266597390174866,-0.0014579514972865582,0.4996832609176636,0.3322660028934479,0.04361031949520111,0.5487090945243835,0.29079949855804443,-0.013607747852802277,0.5533894896507263,0.2930774390697479,-0.014719560742378235,0.5375359058380127,0.33025503158569336,-0.0018575802678242326,0.5390090346336365,0.32991284132003784,-0.003263476537540555,0.5160731077194214,0.22070525586605072,0.006794316694140434,0.5438694357872009,0.28979456424713135,-0.012745624408125877,0.5368513464927673,0.2217494249343872,-0.0032296194694936275,0.5357707142829895,0.21609416604042053,-0.003744816640391946,0.5264952182769775,0.18081647157669067,0.009519161656498909,0.5076902508735657,0.21079960465431213,0.01616320013999939,0.5315050482749939,0.1980324238538742,0.0025252511259168386,0.5096654891967773,0.2285495400428772,0.013568337075412273,0.5008455514907837,0.22256778180599213,0.025098200887441635,0.5545756220817566,0.3197799026966095,-0.01677730306982994,0.5484918355941772,0.3221883177757263,-0.013892597518861294,0.5440184473991394,0.3249827027320862,-0.010317034088075161,0.5499125123023987,0.2921990156173706,-0.01275984663516283,0.5382967591285706,0.33011293411254883,-0.002614143304526806,0.5408505201339722,0.3306449353694916,-0.006156811490654945,0.5397778153419495,0.32970577478408813,-0.0034775908570736647,0.5520366430282593,0.2881331741809845,-0.020879710093140602,0.54661625623703,0.32736337184906006,-0.008475069887936115,0.5508438944816589,0.3263237476348877,-0.010915221646428108,0.5558401942253113,0.3259308338165283,-0.012857872992753983,0.5549606084823608,0.3480401635169983,-0.010843771509826183,0.5543286204338074,0.33800411224365234,-0.014943018555641174,0.5545549988746643,0.3334837555885315,-0.015156117267906666,0.5550517439842224,0.3294353485107422,-0.013483850285410881,0.5557366013526917,0.3262672424316406,-0.012534755282104015,0.5464555025100708,0.3275786340236664,-0.008147879503667355,0.5452810525894165,0.3291917145252228,-0.00916250515729189,0.5439483523368835,0.33134356141090393,-0.0101785222068429,0.5428505539894104,0.3338867723941803,-0.009434392675757408,0.5372925996780396,0.31144052743911743,-0.008075766265392303,0.49226415157318115,0.29125773906707764,0.0552603043615818,0.5632720589637756,0.29425957798957825,-0.02007273957133293,0.5432685017585754,0.3285454511642456,-0.0053975568152964115,0.5421136021614075,0.3295239806175232,-0.006070788484066725,0.5552143454551697,0.2959809899330139,-0.015284430235624313,0.545544445514679,0.2944108247756958,-0.009245546534657478,0.5543442964553833,0.2945467233657837,-0.015129643492400646,0.538965106010437,0.2688300907611847,-0.00159078452270478,0.5297586917877197,0.2739856243133545,-0.0007394639542326331,0.5427613258361816,0.2859534025192261,-0.010680383071303368,0.511658251285553,0.189056396484375,0.018408628180623055,0.5176222920417786,0.20240770280361176,0.008929898031055927,0.5249500274658203,0.21631483733654022,0.001426520524546504,0.5403311252593994,0.33994248509407043,-0.006387997418642044,0.5472896695137024,0.2182958424091339,-0.006346598267555237,0.5452292561531067,0.19670535624027252,-0.0011644160840660334,0.5419881343841553,0.17686820030212402,0.004260800778865814,0.523650586605072,0.25323188304901123,0.00817025639116764,0.5116932988166809,0.2600678503513336,0.015201044268906116,0.5433850884437561,0.24981066584587097,0.005877938121557236,0.5159783959388733,0.24123415350914001,0.011242086067795753,0.5491143465042114,0.25924229621887207,-0.004555514082312584,0.54841148853302,0.2832699716091156,-0.020491834729909897,0.5009551644325256,0.26650717854499817,0.020490635186433792,0.5161736607551575,0.26422151923179626,0.009955654852092266,0.5234727263450623,0.26620030403137207,0.0048463731072843075,0.5329866409301758,0.2649136185646057,0.0024292629677802324,0.5395014882087708,0.2621389925479889,0.001686176983639598,0.5444568991661072,0.2587856948375702,0.000575863232370466,0.5566456913948059,0.24881456792354584,-0.009525575675070286,0.5020394325256348,0.28306853771209717,0.017643580213189125,0.5111667513847351,0.24038422107696533,0.013810143806040287,0.5606369376182556,0.2920292019844055,-0.02654004655778408,0.5454156398773193,0.27144521474838257,-0.0056183794513344765,0.4907960593700409,0.2528490126132965,0.05484717711806297,0.5482892394065857,0.2548009157180786,0.00018024984456133097,0.5420860052108765,0.2866482138633728,-0.005155476275831461,0.5186673998832703,0.24697408080101013,0.012633999809622765,0.5479689240455627,0.27848222851753235,-0.018073750659823418,0.49483829736709595,0.3115052282810211,0.05087808519601822,0.5426973700523376,0.2478989213705063,0.007599143777042627,0.5531627535820007,0.27386927604675293,-0.02308562397956848,0.5143293738365173,0.34832921624183655,0.014902899041771889,0.5138599276542664,0.35979294776916504,0.022839704528450966,0.4950507879257202,0.2878260612487793,0.03660860285162926,0.5066019296646118,0.33801722526550293,0.02218838594853878,0.4971233010292053,0.23612013459205627,0.03264349699020386,0.5396581292152405,0.3725990653038025,-0.0038599795661866665,0.5609267950057983,0.2940164804458618,-0.019706949591636658,0.5403395295143127,0.2772926986217499,-0.004127419088035822,0.5044209957122803,0.252084344625473,0.023698214441537857,0.5287957787513733,0.2505590319633484,0.006756785325706005,0.532902181148529,0.2510503828525543,0.005447174422442913,0.539678692817688,0.3320363759994507,-0.005377733148634434,0.5027592778205872,0.3000640571117401,0.017894718796014786,0.5504170656204224,0.3833179175853729,-0.003891321597620845,0.5316641330718994,0.375674843788147,0.007807205431163311,0.5233588814735413,0.36954769492149353,0.014499153941869736,0.5607016682624817,0.19691473245620728,-0.0023193859960883856,0.562591016292572,0.3837701976299286,-0.005410914774984121,0.5364671945571899,0.25064951181411743,0.005250631365925074,0.5395109057426453,0.2494771033525467,0.006083653308451176,0.5415701270103455,0.24856413900852203,0.007324977777898312,0.5062631964683533,0.23949749767780304,0.019362537190318108,0.5390372276306152,0.24539509415626526,0.005956909153610468,0.5353527069091797,0.24475306272506714,0.004906199406832457,0.5318191051483154,0.24461153149604797,0.005102608352899551,0.5278512835502625,0.2450634092092514,0.006251645740121603,0.5249106287956238,0.2459864467382431,0.007927191443741322,0.4918665587902069,0.23228898644447327,0.047821223735809326,0.5257250666618347,0.24972490966320038,0.008463356643915176,0.5629769563674927,0.30222031474113464,-0.015750383958220482,0.5431698560714722,0.30607157945632935,-0.010726241394877434,0.5488700270652771,0.2894783318042755,-0.015435909852385521,0.5547003149986267,0.30267107486724854,-0.015455001965165138,0.5617207288742065,0.2390088587999344,-0.006906943395733833,0.5227280259132385,0.3583676815032959,0.008809247985482216,0.5306493639945984,0.36592209339141846,0.0026827137917280197,0.550568699836731,0.37672123312950134,-0.009475854225456715,0.5063445568084717,0.34834617376327515,0.0333377979695797,0.5415295958518982,0.24680407345294952,0.006917952559888363,0.553386926651001,0.2605854272842407,-0.011929634027183056,0.5629470348358154,0.37725797295570374,-0.010691288858652115,0.5404883623123169,0.3804053068161011,0.000863309542182833,0.4968552589416504,0.3063696324825287,0.03423429653048515,0.5507058501243591,0.3266497552394867,-0.010590532794594765,0.5495479106903076,0.3291604518890381,-0.011622773483395576,0.5485851764678955,0.3323820233345032,-0.012833143584430218,0.5479311943054199,0.33633899688720703,-0.012430820614099503,0.5467997789382935,0.34477201104164124,-0.009352616034448147,0.5420105457305908,0.32820379734039307,-0.0061159138567745686,0.5405994057655334,0.3277164697647095,-0.006075452081859112,0.5394091606140137,0.32700207829475403,-0.00597019586712122,0.5327568054199219,0.3183724582195282,-0.004565482959151268,0.5109422206878662,0.3025728762149811,0.006853827275335789,0.5529939532279968,0.2534547746181488,-0.0066200317814946175,0.5472555160522461,0.24124129116535187,0.004195966757833958,0.5438475608825684,0.24285465478897095,0.006182427518069744,0.5433620810508728,0.3284826874732971,-0.005622247699648142,0.5097272992134094,0.3240605592727661,0.013325531966984272,0.5527161359786987,0.24011744558811188,-0.003054420230910182,0.5436015725135803,0.3538494110107422,-0.007398903835564852,0.562946081161499,0.26194775104522705,-0.02202228084206581,0.5574141144752502,0.2563042938709259,-0.015312648378312588,0.5625314712524414,0.2545255124568939,-0.016466418281197548,0.5493534803390503,0.2724460959434509,-0.012675963342189789,0.5629233121871948,0.3682094216346741,-0.01281113550066948,0.5628246665000916,0.3576698303222656,-0.011824625544250011,0.5531335473060608,0.3575356900691986,-0.010852555744349957,0.5299079418182373,0.3392418622970581,-0.0006330290925689042,0.5373587608337402,0.29342392086982727,-0.00446489779278636,0.5361599326133728,0.347786545753479,-0.003912347834557295,0.5242804884910583,0.2935234308242798,-0.0025390537921339273,0.5319873690605164,0.3021164834499359,-0.004268540069460869,0.519042432308197,0.30760008096694946,0.0008706497610546649,0.5514488220214844,0.3677740693092346,-0.011423543095588684,0.5455684661865234,0.27694496512413025,-0.009200130589306355,0.5249945521354675,0.3471772074699402,0.00365179474465549,0.5326957702636719,0.35598182678222656,-0.0006763345445506275,0.5250182747840881,0.3289945125579834,0.0007495500613003969,0.5040650963783264,0.3147338330745697,0.018617980182170868,0.5175001621246338,0.33201879262924194,0.005878131836652756,0.5001817941665649,0.32321465015411377,0.03033747896552086,0.5270827412605286,0.31318074464797974,-0.0025310879573225975,0.54952073097229,0.2659205198287964,-0.0084977513179183,0.550313413143158,0.2866852879524231,-0.021813783794641495,0.5462793111801147,0.2888227701187134,-0.016225697472691536,0.5532056093215942,0.2812409996986389,-0.025606099516153336,0.5437744855880737,0.23430871963500977,0.0029556734953075647,0.536547839641571,0.22966009378433228,0.0017227550270035863,0.5299188494682312,0.2287609577178955,0.0016496122116222978,0.5236952304840088,0.2305920273065567,0.0036320872604846954,0.5187922716140747,0.23466485738754272,0.006899695377796888,0.5148162245750427,0.24861373007297516,0.014567732810974121,0.4940037727355957,0.27006739377975464,0.03700003772974014,0.5200262665748596,0.257864773273468,0.009739700704813004,0.5257554054260254,0.2595062255859375,0.0063663967885077,0.5324451923370361,0.25945109128952026,0.004200922325253487,0.5383873581886292,0.2578431963920593,0.0036666421219706535,0.5428086519241333,0.2552978992462158,0.0035664597526192665,0.5459681749343872,0.25273919105529785,0.003519337624311447,0.4913285970687866,0.2721000611782074,0.056964702904224396,0.546157717704773,0.290950745344162,-0.013707751408219337,0.5536915063858032,0.2670758366584778,-0.0166875459253788,0.5547916293144226,0.2868621349334717,-0.026126401498913765,0.5575103163719177,0.2910587787628174,-0.024303972721099854,0.5545615553855896,0.28849703073501587,-0.023578377440571785,0.5474922060966492,0.2932742238044739,-0.012109652161598206,0.5587494969367981,0.2916300296783447,-0.02579883486032486,0.5590075850486755,0.2935955226421356,-0.019654516130685806,0.5449488162994385,0.24734719097614288,0.006759987212717533,0.5483006834983826,0.24854351580142975,0.003297120565548539,0.5508725047111511,0.24921120703220367,-0.0009927039500325918,0.5229887962341309,0.24680188298225403,0.009558859281241894,0.5192022323608398,0.24179279804229736,0.00980380829423666,0.5675873160362244,0.2631518840789795,-0.02011001855134964,0.5988458395004272,0.245453879237175,0.011215459555387497,0.5686436891555786,0.29243117570877075,-0.019529659301042557,0.6186898946762085,0.21581318974494934,0.03953861817717552,0.5825362205505371,0.25111496448516846,0.005140282679349184,0.5883999466896057,0.2520422637462616,0.005488315597176552,0.5939497947692871,0.2520410418510437,0.006995676085352898,0.6008762717247009,0.24820949137210846,0.011743633076548576,0.5776911377906799,0.24900485575199127,0.005542298313230276,0.5922072529792786,0.23013748228549957,0.004003080539405346,0.5853522419929504,0.23030121624469757,0.004071944858878851,0.5980881452560425,0.23218153417110443,0.005690482445061207,0.60158371925354,0.2356647253036499,0.007882819510996342,0.6055405139923096,0.25328776240348816,0.014143027365207672,0.5836800932884216,0.3616446852684021,-0.005315047688782215,0.6008046269416809,0.2433774769306183,0.013030528090894222,0.6211297512054443,0.252187043428421,0.03900030627846718,0.6114537119865417,0.24863958358764648,0.0200347900390625,0.590095579624176,0.2835058271884918,-0.002849034732207656,0.5685846209526062,0.3149923086166382,-0.016919834539294243,0.56763756275177,0.32326892018318176,-0.014860300347208977,0.5753688216209412,0.31862589716911316,-0.013701632618904114,0.5796873569488525,0.3225127160549164,-0.009593010880053043,0.5728684663772583,0.3241025507450104,-0.012501504272222519,0.5769537091255188,0.3255719244480133,-0.00865961518138647,0.587836742401123,0.33414679765701294,-0.002417641691863537,0.5683595538139343,0.28761905431747437,-0.028746414929628372,0.568982720375061,0.2799087464809418,-0.029875868931412697,0.6096426844596863,0.2314726859331131,0.00980615895241499,0.5786114931106567,0.264213889837265,-0.002370548900216818,0.5811221599578857,0.2860434055328369,-0.015033525414764881,0.5812333822250366,0.28207680583000183,-0.013079599477350712,0.6063640117645264,0.283502995967865,0.00444439984858036,0.5683313608169556,0.2707309424877167,-0.025931905955076218,0.5974189043045044,0.22288182377815247,0.00041490569128654897,0.6048958897590637,0.2258983850479126,0.004619725048542023,0.6137561798095703,0.20081257820129395,0.029842806980013847,0.5724191665649414,0.2279541790485382,-0.0047846888191998005,0.5792586207389832,0.2330925613641739,0.005571288522332907,0.5922034978866577,0.326557457447052,-0.00040139490738511086,0.6166821718215942,0.32976335287094116,0.04516584798693657,0.576790988445282,0.2906770408153534,-0.013254269026219845,0.5722215175628662,0.29294487833976746,-0.014520428143441677,0.5846908092498779,0.3290095925331116,-0.0008945777080953121,0.5831956267356873,0.3287448287010193,-0.0024106535129249096,0.6078029274940491,0.22135256230831146,0.007998095825314522,0.5812020897865295,0.2895335555076599,-0.012325136922299862,0.5867979526519775,0.22297190129756927,-0.002788979560136795,0.5881395936012268,0.21700015664100647,-0.003283177735283971,0.5919301509857178,0.18075290322303772,0.009969768114387989,0.6100738048553467,0.21045222878456116,0.017515797168016434,0.5885194540023804,0.19804319739341736,0.0030185612849891186,0.6126453280448914,0.228219673037529,0.015041302889585495,0.6156545877456665,0.22221705317497253,0.026731807738542557,0.5682482123374939,0.3194815516471863,-0.016495797783136368,0.5741157531738281,0.3215753436088562,-0.01336328499019146,0.578372061252594,0.32406318187713623,-0.009610791690647602,0.5753989219665527,0.2920457720756531,-0.012492966838181019,0.5839182734489441,0.328906774520874,-0.001715714461170137,0.5814729332923889,0.32959699630737305,-0.005393083672970533,0.5824130773544312,0.3285696804523468,-0.0026526409201323986,0.5741983652114868,0.2881335914134979,-0.02060363069176674,0.5758643746376038,0.3264881670475006,-0.007822668179869652,0.5718845725059509,0.3256819546222687,-0.010407441295683384,0.5670701265335083,0.3256233334541321,-0.01257399469614029,0.5702758431434631,0.3478526175022125,-0.010522354394197464,0.568694531917572,0.3378715515136719,-0.014573026448488235,0.5683202147483826,0.33323633670806885,-0.014745174907147884,0.56776362657547,0.3290955126285553,-0.013098234310746193,0.5670347809791565,0.3259007930755615,-0.012151602655649185,0.5759097337722778,0.32661837339401245,-0.007486041635274887,0.5772584676742554,0.3282899558544159,-0.00850048940628767,0.5786224007606506,0.3305234909057617,-0.009507515467703342,0.5797616839408875,0.3331626355648041,-0.008766362443566322,0.5865512490272522,0.3112938404083252,-0.007396803703159094,0.6209437847137451,0.289974182844162,0.05712823569774628,0.5789494514465332,0.3274824917316437,-0.00465813372284174,0.5801939368247986,0.3284551203250885,-0.005334979388862848,0.5705162286758423,0.29589858651161194,-0.015100589953362942,0.5790767669677734,0.29420188069343567,-0.008875719271600246,0.5713373422622681,0.2944735586643219,-0.014933841302990913,0.5843883156776428,0.2687179148197174,-0.0007972033927217126,0.5933383107185364,0.2739214599132538,0.0004917204496450722,0.5821048617362976,0.28569215536117554,-0.01023775339126587,0.6052202582359314,0.18885451555252075,0.01925036497414112,0.6013277173042297,0.20224454998970032,0.009818663820624352,0.5995080471038818,0.2170879989862442,0.0021829893812537193,0.5833035111427307,0.3393205404281616,-0.005614324007183313,0.5748462080955505,0.2183612883090973,-0.006112759467214346,0.5754873752593994,0.19668298959732056,-0.0009882741142064333,0.5774630904197693,0.17680007219314575,0.00443297391757369,0.5983595848083496,0.25093889236450195,0.009403850883245468,0.6114577651023865,0.25890180468559265,0.016988879069685936,0.5745448470115662,0.24702338874340057,0.006388325244188309,0.6066150665283203,0.2396553009748459,0.012545088306069374,0.5746227502822876,0.2591473162174225,-0.004141902085393667,0.5776498913764954,0.2832304835319519,-0.020166408270597458,0.6182828545570374,0.26612240076065063,0.022589001804590225,0.6080873012542725,0.2640269696712494,0.011617259122431278,0.6011846661567688,0.26651591062545776,0.006320444867014885,0.5903152823448181,0.26492786407470703,0.0035615349188447,0.5822857022285461,0.26137346029281616,0.0024708618875592947,0.5765414237976074,0.2576677203178406,0.0011158379493281245,0.5673390030860901,0.24872982501983643,-0.009360051713883877,0.6182873845100403,0.28263619542121887,0.019789258018136024,0.6108814477920532,0.2391010969877243,0.015256969258189201,0.5663911700248718,0.2919906973838806,-0.026468779891729355,0.5787326693534851,0.27132388949394226,-0.005197613500058651,0.6213668584823608,0.2521721422672272,0.05678799748420715,0.5723420977592468,0.2536439299583435,0.0005607301718555391,0.582333505153656,0.2864132523536682,-0.004714118782430887,0.6030001640319824,0.24408236145973206,0.013979113660752773,0.5776791572570801,0.27836212515830994,-0.017737193033099174,0.6196783781051636,0.3095957636833191,0.0526500828564167,0.5742382407188416,0.24426361918449402,0.00810475368052721,0.5730257630348206,0.2737749218940735,-0.02280365861952305,0.607446014881134,0.34590038657188416,0.016384152695536613,0.6065240502357483,0.35628581047058105,0.02400256134569645,0.6220588684082031,0.28687235713005066,0.038840074092149734,0.6138390898704529,0.33587294816970825,0.023971322923898697,0.6184969544410706,0.23586684465408325,0.0345853790640831,0.5849804878234863,0.3704754114151001,-0.0031475024297833443,0.5655961036682129,0.29396820068359375,-0.01965511217713356,0.5835791230201721,0.277118980884552,-0.003544345498085022,0.615700364112854,0.25032714009284973,0.025603963062167168,0.5934357643127441,0.24778170883655548,0.00783811416476965,0.5884743332862854,0.24797628819942474,0.006401349324733019,0.5826689600944519,0.33096832036972046,-0.004585181828588247,0.6179016828536987,0.2992987036705017,0.01999666355550289,0.5744906067848206,0.38195565342903137,-0.003553090151399374,0.5913875102996826,0.37223702669143677,0.008426433429121971,0.5986717939376831,0.3658139109611511,0.015325498767197132,0.5835088491439819,0.24714595079421997,0.006111368536949158,0.5787960290908813,0.24575310945510864,0.006835328880697489,0.5757446885108948,0.245003804564476,0.007946603000164032,0.6142616271972656,0.23764172196388245,0.021022364497184753,0.5796547532081604,0.23783822357654572,0.006528775207698345,0.5848445296287537,0.23539555072784424,0.005624094046652317,0.5902401208877563,0.23529934883117676,0.005906053353101015,0.5952395796775818,0.23713946342468262,0.007193124853074551,0.598103404045105,0.23966743052005768,0.008957779966294765,0.6208637356758118,0.2319280207157135,0.04961184039711952,0.5966607928276062,0.24678009748458862,0.009628069587051868,0.5814287066459656,0.30592432618141174,-0.010197015479207039,0.5768847465515137,0.2893851399421692,-0.015159118920564651,0.57099848985672,0.3026653826236725,-0.015248138457536697,0.6001338958740234,0.35577595233917236,0.00999561045318842,0.5928419232368469,0.3631805181503296,0.0036646167282015085,0.5751415491104126,0.3756851553916931,-0.009032920934259892,0.6121755242347717,0.34532564878463745,0.03476039692759514,0.5760042071342468,0.2416921854019165,0.007448973134160042,0.5713322162628174,0.260489284992218,-0.011694138869643211,0.5836154222488403,0.3777468800544739,0.001304761739447713,0.6209412813186646,0.30501243472099304,0.03636070340871811,0.5719039440155029,0.3259150981903076,-0.009987154975533485,0.5731755495071411,0.32849234342575073,-0.011032985523343086,0.574215829372406,0.3318272829055786,-0.012233581393957138,0.5750200748443604,0.3359707295894623,-0.011846242472529411,0.5776235461235046,0.34419429302215576,-0.008695085532963276,0.5802250504493713,0.32714012265205383,-0.005312001798301935,0.5815839767456055,0.3265949487686157,-0.005230541806668043,0.5827804207801819,0.32585492730140686,-0.005108369514346123,0.5904334783554077,0.31830307841300964,-0.0036605792120099068,0.6111215353012085,0.3020728826522827,0.008743006736040115,0.5708188414573669,0.2533981204032898,-0.00631796894595027,0.5711255073547363,0.2385789006948471,0.004296023864299059,0.5740785598754883,0.2391788512468338,0.006494622211903334,0.5788862705230713,0.3275049328804016,-0.004853343591094017,0.6119579076766968,0.32276615500450134,0.015092991292476654,0.567322313785553,0.23874066770076752,-0.0030543275643140078,0.5808568596839905,0.35272595286369324,-0.00672667333856225,0.5674867033958435,0.25620126724243164,-0.015171888284385204,0.5757490992546082,0.2723950445652008,-0.012378180399537086,0.5722320675849915,0.356942355632782,-0.010511119849979877,0.5932564735412598,0.338348388671875,0.0003796882228925824,0.5865703821182251,0.29316240549087524,-0.0038192253559827805,0.5875394344329834,0.3465965986251831,-0.0031036236323416233,0.5990211963653564,0.2933386266231537,-0.0012843265431001782,0.5916522145271301,0.3018871545791626,-0.0034322659485042095,0.6039451956748962,0.3071673512458801,0.002313298173248768,0.5742457509040833,0.36703774333000183,-0.01100234966725111,0.5791266560554504,0.2767716348171234,-0.008822250179946423,0.5982262492179871,0.34549158811569214,0.004814594518393278,0.5910143852233887,0.354051411151886,0.0002457139198668301,0.5978384017944336,0.328458309173584,0.002024417044594884,0.6167930960655212,0.31356143951416016,0.020654601976275444,0.6050466895103455,0.33072397112846375,0.0073519120924174786,0.618676483631134,0.32144486904144287,0.03235771507024765,0.5961222052574158,0.3129837214946747,-0.001392987323924899,0.5749158263206482,0.26585283875465393,-0.00817892886698246,0.5759655237197876,0.2866768538951874,-0.021523838862776756,0.5793898701667786,0.288652241230011,-0.015912778675556183,0.5735277533531189,0.28119975328445435,-0.025285370647907257,0.5758739113807678,0.23201756179332733,0.0030815901700407267,0.5857871174812317,0.22792112827301025,0.0021728198044002056,0.5943323373794556,0.22780980169773102,0.0024642872158437967,0.6009659767150879,0.2300299108028412,0.004673634190112352,0.605053186416626,0.2340044230222702,0.008034254424273968,0.6066928505897522,0.24646466970443726,0.01608484983444214,0.6222373843193054,0.26940733194351196,0.03932233527302742,0.602638840675354,0.2563946843147278,0.011188540607690811,0.5970852375030518,0.25825372338294983,0.0076308222487568855,0.5894991755485535,0.2578648328781128,0.005212391726672649,0.582209050655365,0.2557351589202881,0.0044077662751078606,0.576730489730835,0.2530391216278076,0.004088881891220808,0.5730639696121216,0.25051218271255493,0.0039042329881340265,0.6210746169090271,0.271185964345932,0.058944329619407654,0.579136848449707,0.29074957966804504,-0.013369467109441757,0.5718224048614502,0.2669755518436432,-0.016442330554127693,0.5721192359924316,0.286830872297287,-0.02592463232576847,0.5690966844558716,0.2910345792770386,-0.024183280766010284,0.5720276236534119,0.28853413462638855,-0.02337290160357952,0.5775132179260254,0.2930391728878021,-0.011790657415986061,0.5681143999099731,0.29159289598464966,-0.02569662593305111,0.5673807263374329,0.2935105860233307,-0.019580643624067307,0.5725210905075073,0.24454432725906372,0.007105989847332239,0.570227324962616,0.24632689356803894,0.0035122258123010397,0.5691976547241211,0.2478025257587433,-0.0007476967293769121,0.599652886390686,0.24164922535419464,0.010726668871939182,0.6035212874412537,0.23952297866344452,0.010982463136315346,0.5296766757965088,0.24564121663570404,0.007213572971522808,0.5353191494941711,0.24498161673545837,0.007213572971522808,0.5289421677589417,0.2393937110900879,0.007213572971522808,0.5241715908050537,0.24586214125156403,0.007213572971522808,0.5304679274559021,0.25123411417007446,0.007213572971522808,0.5881141424179077,0.2412116974592209,0.008093565702438354,0.5941601395606995,0.24149896204471588,0.008093565702438354,0.5883020162582397,0.2344549298286438,0.008093565702438354,0.582033634185791,0.24085737764835358,0.008093565702438354,0.5879518389701843,0.24797949194908142,0.008093565702438354
600.0,0.5604832768440247,0.3155171871185303,-0.016528192907571793,0.5614718794822693,0.2862017750740051,-0.029548894613981247,0.5612980723381042,0.29525646567344666,-0.015715111047029495,0.5560432076454163,0.2610699236392975,-0.021745633333921432,0.5612857341766357,0.27779045701026917,-0.031310006976127625,0.5608956813812256,0.26753419637680054,-0.028899047523736954,0.559866726398468,0.2437479943037033,-0.013854357413947582,0.5189903378486633,0.24734064936637878,0.008067586459219456,0.5591595768928528,0.22766274213790894,-0.010364233516156673,0.5587844848632812,0.216874897480011,-0.011421110481023788,0.5571228265762329,0.17139765620231628,-0.0038175848312675953,0.5605770349502563,0.3186143636703491,-0.01595362089574337,0.5606356859207153,0.3218189775943756,-0.01413711067289114,0.5607270002365112,0.3240624666213989,-0.011408492922782898,0.5605948567390442,0.32412219047546387,-0.011423380114138126,0.5607611536979675,0.32718196511268616,-0.012159369885921478,0.5609270930290222,0.3310423493385315,-0.01342061161994934,0.5611007809638977,0.33550408482551575,-0.01275663636624813,0.562175452709198,0.34627634286880493,-0.0074587599374353886,0.561495304107666,0.290829062461853,-0.026790015399456024,0.5564941167831421,0.2913997769355774,-0.01929563656449318,0.4946692883968353,0.2184065729379654,0.03521842882037163,0.5354562997817993,0.2522895336151123,0.0023847867269068956,0.5298594832420349,0.25382062792778015,0.0026621499564498663,0.5243574976921082,0.25413578748703003,0.0041407570242881775,0.5168859362602234,0.25036874413490295,0.0088048055768013,0.54017174243927,0.2495899647474289,0.0029516725335270166,0.5258057713508606,0.23115059733390808,9.668363054515794e-05,0.5324391722679138,0.2310178428888321,0.00029351739794947207,0.5198995471000671,0.23347657918930054,0.001890011364594102,0.5161921977996826,0.23708343505859375,0.004254004918038845,0.5124431848526001,0.2559739947319031,0.011484039016067982,0.5429080128669739,0.36364230513572693,-0.0021262853406369686,0.5167437195777893,0.24529218673706055,0.009858157485723495,0.4948327839374542,0.2554328441619873,0.036728814244270325,0.5055724382400513,0.25136128067970276,0.01718227006494999,0.5336877107620239,0.2851196527481079,-0.0034602980595082045,0.5538365244865417,0.31416961550712585,-0.015859676524996758,0.5547851324081421,0.3219904601573944,-0.013447287492454052,0.5472362637519836,0.31831905245780945,-0.012809336185455322,0.542818009853363,0.3227604031562805,-0.009025076404213905,0.5496052503585815,0.3233817219734192,-0.01140808779746294,0.5453265905380249,0.32538822293281555,-0.00783558189868927,0.5374647378921509,0.33561214804649353,-0.0012887503253296018,0.5570105910301208,0.28640422224998474,-0.029087746515870094,0.5561695694923401,0.27843454480171204,-0.03069917857646942,0.5082811713218689,0.23274900019168854,0.005670490209013224,0.5440545082092285,0.26398950815200806,-0.003895985195413232,0.5444169044494629,0.286440908908844,-0.015400843694806099,0.5439037084579468,0.28244757652282715,-0.01362287625670433,0.5165842771530151,0.2868112027645111,0.0032624774612486362,0.5560892820358276,0.2689073085784912,-0.027214109897613525,0.5218444466590881,0.22263720631599426,-0.004296800587326288,0.5137642025947571,0.22656549513339996,2.2495942175737582e-05,0.5005406141281128,0.20208635926246643,0.02427975833415985,0.547436535358429,0.22579652070999146,-0.00881056860089302,0.5382530093193054,0.23352472484111786,0.0021487867925316095,0.5328794717788696,0.3285279870033264,0.00026925053680315614,0.5049318671226501,0.3350726366043091,0.04924802854657173,0.5486120581626892,0.29067692160606384,-0.013242441229522228,0.5530058145523071,0.2926940619945526,-0.014037325978279114,0.5377227067947388,0.33004525303840637,-0.00031676850630901754,0.5390810370445251,0.32952019572257996,-0.0018269035499542952,0.5104002952575684,0.22225235402584076,0.003064218908548355,0.5442225933074951,0.2902895510196686,-0.012383042834699154,0.5328766107559204,0.22171418368816376,-0.007234460674226284,0.5315813422203064,0.21576738357543945,-0.008216016925871372,0.5245872735977173,0.17875754833221436,0.002975262701511383,0.5061955451965332,0.21094217896461487,0.012045669369399548,0.529431939125061,0.19594302773475647,-0.0031173292081803083,0.5046064257621765,0.22968824207782745,0.010704023763537407,0.49992144107818604,0.22387169301509857,0.022150330245494843,0.5541977882385254,0.31845536828041077,-0.015318557620048523,0.54844069480896,0.3210638761520386,-0.012426789849996567,0.5440444350242615,0.3241117596626282,-0.008951779454946518,0.549902081489563,0.29209500551223755,-0.012217464856803417,0.5384240746498108,0.3297920227050781,-0.0011250742245465517,0.5411090850830078,0.3299027681350708,-0.004698413889855146,0.5398067831993103,0.32922443747520447,-0.0020242289174348116,0.5510773658752441,0.28729644417762756,-0.020980417728424072,0.5462790131568909,0.32619714736938477,-0.0067964536137878895,0.5504710078239441,0.32483893632888794,-0.00905183982104063,0.5553644895553589,0.324178546667099,-0.0108877532184124,0.5554133057594299,0.346576988697052,-0.007415183819830418,0.5545265674591064,0.33548545837402344,-0.01257994119077921,0.5545653104782104,0.33098652958869934,-0.013122751377522945,0.5547876954078674,0.3271695077419281,-0.011682174168527126,0.555236279964447,0.3242608606815338,-0.010894075967371464,0.5461307764053345,0.32625067234039307,-0.006768558174371719,0.5452563166618347,0.3279111981391907,-0.0077008032239973545,0.5442709922790527,0.3300899565219879,-0.008625992573797703,0.5434722900390625,0.33274340629577637,-0.007763494737446308,0.5387691259384155,0.31319141387939453,-0.006942025851458311,0.49578657746315,0.2947947382926941,0.058946285396814346,0.5614091753959656,0.2929592728614807,-0.019585829228162766,0.5429818034172058,0.3276827037334442,-0.004055697005242109,0.5421172976493835,0.3287050724029541,-0.00465092109516263,0.554695725440979,0.29571613669395447,-0.014334368519484997,0.5462108850479126,0.2950995862483978,-0.008364593610167503,0.5539098381996155,0.2942257523536682,-0.01433568075299263,0.5382322669029236,0.269452303647995,-0.002171132480725646,0.529302716255188,0.27576127648353577,-0.0008155860123224556,0.5430243015289307,0.286398321390152,-0.010500405915081501,0.5102680921554565,0.18856465816497803,0.012731466442346573,0.5157784223556519,0.20131830871105194,0.003933296073228121,0.5195904970169067,0.2170713096857071,-0.002897960366681218,0.542266845703125,0.3401201069355011,-0.004063106141984463,0.545141339302063,0.2156943380832672,-0.010917923413217068,0.542864203453064,0.19358259439468384,-0.007103482726961374,0.5395960211753845,0.17346081137657166,-0.0026139847468584776,0.5196850299835205,0.2531280815601349,0.006540525238960981,0.5065694451332092,0.2621504068374634,0.014606598764657974,0.5432136654853821,0.2471374273300171,0.0037663355469703674,0.5109961032867432,0.24143138527870178,0.00909469835460186,0.5478601455688477,0.2581186592578888,-0.005887012463063002,0.5476617813110352,0.28273043036460876,-0.02080356888473034,0.5013982057571411,0.2694840729236603,0.020659945905208588,0.5109448432922363,0.2673332989215851,0.009485149756073952,0.5185966491699219,0.2695387601852417,0.004318445920944214,0.5294442176818848,0.2670174241065979,0.001767290523275733,0.5372283458709717,0.2627478539943695,0.0006818647379986942,0.5429767370223999,0.25831329822540283,-0.0007503851084038615,0.5547045469284058,0.24629059433937073,-0.011764933355152607,0.5033182501792908,0.2866899073123932,0.018794359639286995,0.5064658522605896,0.24110981822013855,0.01172204501926899,0.5588406920433044,0.29079076647758484,-0.02651006169617176,0.5449011325836182,0.2712382674217224,-0.006205710116773844,0.4919518530368805,0.25627127289772034,0.0557260662317276,0.5472965836524963,0.2536037564277649,-0.0014903966803103685,0.5425049662590027,0.28739604353904724,-0.004754603374749422,0.5144582390785217,0.24601513147354126,0.010849512182176113,0.5472692251205444,0.27793896198272705,-0.01857902482151985,0.4994431436061859,0.31491735577583313,0.055676210671663284,0.5430434942245483,0.24437285959720612,0.005227098241448402,0.5515878796577454,0.27254432439804077,-0.023940734565258026,0.5184178352355957,0.350045382976532,0.01929342932999134,0.5189490914344788,0.36100298166275024,0.028690174221992493,0.49765345454216003,0.2912231981754303,0.03899415582418442,0.5110306143760681,0.34031909704208374,0.026750613003969193,0.49693429470062256,0.23832565546035767,0.031116057187318802,0.5419643521308899,0.3727610111236572,0.0008876184583641589,0.5593410730361938,0.292803019285202,-0.01922552101314068,0.5401550531387329,0.2779128849506378,-0.004289246629923582,0.5007681250572205,0.25306209921836853,0.022906675934791565,0.5246726274490356,0.2495366632938385,0.00467469310387969,0.5295288562774658,0.24947741627693176,0.0032955717761069536,0.5401359796524048,0.3314269483089447,-0.0038173275534063578,0.5052133202552795,0.30370455980300903,0.020103786140680313,0.5522243976593018,0.3829168677330017,0.001915425411425531,0.535430908203125,0.3758867084980011,0.013223621994256973,0.5278605818748474,0.370139479637146,0.01996813341975212,0.5579116940498352,0.19266045093536377,-0.008195571601390839,0.5633893609046936,0.3830201029777527,0.0004894440062344074,0.5342493057250977,0.2482156753540039,0.0030694196466356516,0.5386925935745239,0.2463129460811615,0.0038655006792396307,0.5416271090507507,0.2452157437801361,0.00505262054502964,0.5022791624069214,0.23980095982551575,0.01749044843018055,0.5375348925590515,0.23912832140922546,0.003138736356049776,0.5324535369873047,0.23740284144878387,0.0019858202431350946,0.5274530649185181,0.23765993118286133,0.002191286999732256,0.5225695371627808,0.23959849774837494,0.003549189306795597,0.5196233987808228,0.2420024871826172,0.005442957393825054,0.49213290214538574,0.235390305519104,0.046835679560899734,0.5213393568992615,0.24860075116157532,0.006459579803049564,0.5613558292388916,0.30226224660873413,-0.014570590108633041,0.5442103743553162,0.30742451548576355,-0.009499619714915752,0.548557698726654,0.2891543209552765,-0.015315977856516838,0.5542765259742737,0.30332091450691223,-0.014299275353550911,0.5594960451126099,0.23573046922683716,-0.009842323139309883,0.5262984037399292,0.3595361113548279,0.013249015435576439,0.5338222980499268,0.3664911091327667,0.007318608928471804,0.5518024563789368,0.37645775079727173,-0.004614624194800854,0.5117400288581848,0.3503389358520508,0.039387308061122894,0.5412667393684387,0.24221156537532806,0.004344759974628687,0.5517514944076538,0.25879573822021484,-0.013418486341834068,0.5632546544075012,0.376433789730072,-0.005854050163179636,0.54334956407547,0.3803073763847351,0.006364010740071535,0.5006465911865234,0.30964940786361694,0.037663377821445465,0.550341010093689,0.3249311149120331,-0.009067963808774948,0.5494745969772339,0.32736462354660034,-0.01003211084753275,0.5488585829734802,0.3304752707481384,-0.011124472133815289,0.5484927296638489,0.33446669578552246,-0.010520972311496735,0.5482054352760315,0.3439675569534302,-0.006590103730559349,0.5418558716773987,0.327562153339386,-0.004693300928920507,0.5406379103660583,0.32721179723739624,-0.0047402712516486645,0.5395792722702026,0.32665127515792847,-0.004705061670392752,0.5346225500106812,0.32036682963371277,-0.0034074089489877224,0.5127717852592468,0.3060568869113922,0.008592533878982067,0.5513705611228943,0.2515357732772827,-0.008412330411374569,0.5472341179847717,0.2379380464553833,0.0013673879439011216,0.5435004830360413,0.23920892179012299,0.003379795467481017,0.543125569820404,0.3277070224285126,-0.004058433696627617,0.512998640537262,0.3269670903682709,0.016452861949801445,0.552490234375,0.23731045424938202,-0.005987517070025206,0.5453501343727112,0.3539624810218811,-0.003962579183280468,0.5605543851852417,0.2593678832054138,-0.023611081764101982,0.5553780198097229,0.25394871830940247,-0.017251670360565186,0.5602208375930786,0.2517144978046417,-0.018493840470910072,0.5484376549720764,0.2716576159000397,-0.01344238594174385,0.5629639029502869,0.36746734380722046,-0.008759940043091774,0.5625699758529663,0.356437087059021,-0.008187204599380493,0.5538513660430908,0.3568398356437683,-0.007224012166261673,0.5322834849357605,0.3410037159919739,0.0018475145334377885,0.5380448698997498,0.2948271632194519,-0.0037365376483649015,0.5384485125541687,0.3488255441188812,-0.0009067735518328846,0.524886429309845,0.29595252871513367,-0.0016728739719837904,0.5328433513641357,0.30402418971061707,-0.0032500592060387135,0.5204302072525024,0.31053945422172546,0.0023178861010819674,0.5523391366004944,0.36765992641448975,-0.007349694613367319,0.5452767014503479,0.2768513858318329,-0.009556799195706844,0.5278432965278625,0.3489167392253876,0.007016913965344429,0.5353813171386719,0.35698559880256653,0.003070750506594777,0.5273453593254089,0.3313307762145996,0.0028749736957252026,0.5073548555374146,0.3180539011955261,0.02168275974690914,0.5205070376396179,0.33437690138816833,0.008590228855609894,0.50456303358078,0.32611680030822754,0.0346541665494442,0.5284402966499329,0.31573474407196045,-0.0011782729998230934,0.548453688621521,0.2648926377296448,-0.009512528777122498,0.5494146347045898,0.28598785400390625,-0.02205190435051918,0.5461714863777161,0.2888108491897583,-0.016063591465353966,0.5516600012779236,0.28013181686401367,-0.026072857901453972,0.5424363017082214,0.23159684240818024,-0.0004446598468348384,0.5327609181404114,0.22796517610549927,-0.0018387724412605166,0.5243752598762512,0.2282681167125702,-0.001759067177772522,0.5175992250442505,0.23093737661838531,0.0005312342545948923,0.5130087733268738,0.2352554053068161,0.00417552562430501,0.5106842517852783,0.24857652187347412,0.01305396668612957,0.4954342246055603,0.27322953939437866,0.03817799687385559,0.5158218145370483,0.2590307593345642,0.008676598779857159,0.521852970123291,0.26076245307922363,0.005255947355180979,0.5294269323348999,0.2598448097705841,0.0029865866526961327,0.5364382266998291,0.25703856348991394,0.0022091062273830175,0.5418409109115601,0.25363630056381226,0.0019383021863177419,0.5455811023712158,0.25058287382125854,0.001692703808657825,0.4935677647590637,0.2755751609802246,0.05932309851050377,0.5463060140609741,0.291169136762619,-0.013331624679267406,0.5520426034927368,0.26549139618873596,-0.017829839140176773,0.5532335042953491,0.2857411503791809,-0.026406235992908478,0.5561463236808777,0.2898922860622406,-0.024255605414509773,0.55324387550354,0.28739646077156067,-0.023705126717686653,0.5478416085243225,0.2935808002948761,-0.011466349475085735,0.5571644306182861,0.2904254198074341,-0.025751614943146706,0.5576794147491455,0.2924809455871582,-0.019251903519034386,0.545090913772583,0.2444034069776535,0.004432170186191797,0.5483886003494263,0.2458968162536621,0.0010516729671508074,0.5504177808761597,0.2471277415752411,-0.00307068950496614,0.5180026292800903,0.24377909302711487,0.007336962968111038,0.5140389800071716,0.24116232991218567,0.007576982956379652,0.5650734305381775,0.26045918464660645,-0.021545253694057465,0.5979145765304565,0.24176517128944397,0.009428605437278748,0.5661222338676453,0.2907123267650604,-0.01915344037115574,0.6190460324287415,0.21038039028644562,0.03757401928305626,0.5827282071113586,0.2497529834508896,0.0033057767432183027,0.5883276462554932,0.2502880096435547,0.003765505040064454,0.5936073064804077,0.24955394864082336,0.0053964219987392426,0.6002950072288513,0.244584321975708,0.010289954021573067,0.5779122114181519,0.24765756726264954,0.0036713453009724617,0.5898749232292175,0.22585411369800568,0.0011884854175150394,0.5835235118865967,0.22671635448932648,0.0011449066223576665,0.5956308245658875,0.22740548849105835,0.0031467671506106853,0.599371075630188,0.23066522181034088,0.005585200153291225,0.6051762104034424,0.24959777295589447,0.013159270398318768,0.582719087600708,0.3604787290096283,-0.001339987269602716,0.5997498035430908,0.23928681015968323,0.01129927858710289,0.6220165491104126,0.2470068335533142,0.03888242691755295,0.6113525032997131,0.24446773529052734,0.019001608714461327,0.5877745747566223,0.28168728947639465,-0.0024190684780478477,0.5670623183250427,0.31367027759552,-0.015601937659084797,0.5665597319602966,0.32156887650489807,-0.013181972317397594,0.5739200115203857,0.3173069655895233,-0.012276898138225079,0.5784572958946228,0.32142648100852966,-0.008251326158642769,0.5718247294425964,0.32261309027671814,-0.010929975658655167,0.5760846734046936,0.32432228326797485,-0.007144158240407705,0.585289716720581,0.33234065771102905,-0.00021983866463415325,0.5658687949180603,0.28580614924430847,-0.028978873044252396,0.5663122534751892,0.27773571014404297,-0.03056037425994873,0.606686532497406,0.225869819521904,0.007323541212826967,0.5762378573417664,0.26188746094703674,-0.0032599621918052435,0.5777466297149658,0.28426188230514526,-0.014895827509462833,0.5779281854629517,0.2802579700946808,-0.013108819723129272,0.604677140712738,0.2811730206012726,0.005072753876447678,0.5656758546829224,0.2682313621044159,-0.02702442742884159,0.5929591655731201,0.2176702320575714,-0.0030001713894307613,0.6009605526924133,0.2203727513551712,0.0015631199348717928,0.6129471063613892,0.19472849369049072,0.0263504721224308,0.5690311789512634,0.22518634796142578,-0.008370599709451199,0.5780969858169556,0.2303376942873001,0.00277227652259171,0.5894374251365662,0.324820339679718,0.001590136205777526,0.616803765296936,0.32716140151023865,0.051636792719364166,0.5736961960792542,0.289035826921463,-0.012856211513280869,0.5694558620452881,0.2916536033153534,-0.013826928101480007,0.583716630935669,0.32836246490478516,0.0008666166686452925,0.5823538899421692,0.3279551565647125,-0.0007896502502262592,0.6038044095039368,0.21542948484420776,0.004628981463611126,0.5778689384460449,0.2881629467010498,-0.011876014992594719,0.5824087262153625,0.21866978704929352,-0.006425925996154547,0.5831381678581238,0.2122255563735962,-0.007421159651130438,0.589258074760437,0.1744665652513504,0.004083394538611174,0.608871579170227,0.20363664627075195,0.013709020800888538,0.5858731865882874,0.19166100025177002,-0.0022658708039671183,0.6098630428314209,0.22238236665725708,0.012446335516870022,0.6153377890586853,0.2160201370716095,0.024002548307180405,0.5669741034507751,0.3179650902748108,-0.01505936961621046,0.5728875398635864,0.32019031047821045,-0.01192347053438425,0.5773096084594727,0.32290318608283997,-0.008222282864153385,0.5723713040351868,0.2906467318534851,-0.011907576583325863,0.5830181241035461,0.3281736373901367,-3.774597280425951e-05,0.5804281234741211,0.32844796776771545,-0.0038170653861016035,0.5815975069999695,0.327706903219223,-0.0010152272880077362,0.5713498592376709,0.285949170589447,-0.020619725808501244,0.5751435160636902,0.32515427470207214,-0.006124310661107302,0.5709672570228577,0.32411840558052063,-0.008571113459765911,0.5660912990570068,0.32380762696266174,-0.010621527209877968,0.5690556168556213,0.3456178903579712,-0.007135787978768349,0.5677037239074707,0.3349938690662384,-0.012284471653401852,0.5672451853752136,0.33048880100250244,-0.01281031034886837,0.5666813254356384,0.32670682668685913,-0.011391558684408665,0.5659610033035278,0.3238651752471924,-0.010606757365167141,0.575078547000885,0.32521986961364746,-0.006085812579840422,0.5761920809745789,0.32676762342453003,-0.007005627267062664,0.5773613452911377,0.3288504481315613,-0.007915126159787178,0.5783886313438416,0.33140459656715393,-0.007008174434304237,0.5834799408912659,0.31034475564956665,-0.006096051540225744,0.6224647164344788,0.2863524258136749,0.061562713235616684,0.5782966613769531,0.3264065086841583,-0.003191014751791954,0.5792860388755798,0.3273423910140991,-0.003800955368205905,0.5679469704627991,0.29493218660354614,-0.014118080027401447,0.5758767127990723,0.2932899594306946,-0.007949307560920715,0.5686566233634949,0.2933465242385864,-0.014127871952950954,0.5822173953056335,0.26665863394737244,-0.0012507358333095908,0.5914782285690308,0.27184686064720154,0.0004922478692606091,0.5788466334342957,0.2841474711894989,-0.00995107926428318,0.6033664345741272,0.18238206207752228,0.01438807975500822,0.59935462474823,0.19515447318553925,0.005217345897108316,0.5946299433708191,0.21143116056919098,-0.001684475806541741,0.5811430215835571,0.3373039960861206,-0.0031908496748656034,0.5703991055488586,0.21445424854755402,-0.010476001538336277,0.572685182094574,0.19136717915534973,-0.006673641037195921,0.5744384527206421,0.17115427553653717,-0.002071815775707364,0.5979090929031372,0.24785295128822327,0.00793618243187666,0.6116271615028381,0.255228191614151,0.016451817005872726,0.5747112035751343,0.24561375379562378,0.004387752618640661,0.6049671769142151,0.23471975326538086,0.01064878236502409,0.5722477436065674,0.2564639151096344,-0.00538013456389308,0.5745378136634827,0.2809695601463318,-0.02036851830780506,0.6177676916122437,0.26175209879875183,0.02276420034468174,0.6079018115997314,0.2607038617134094,0.011227494105696678,0.600837767124176,0.2637934684753418,0.005867199506610632,0.5902186036109924,0.26313018798828125,0.002991053508594632,0.5822980403900146,0.2600768208503723,0.0016154878539964557,0.5763197541236877,0.25639691948890686,-7.03486948623322e-05,0.5650323033332825,0.24555423855781555,-0.0115343127399683,0.6172711253166199,0.2791995406150818,0.020927194505929947,0.6093744039535522,0.23415081202983856,0.013413112610578537,0.5641133189201355,0.2903989255428314,-0.026408933103084564,0.5760012865066528,0.269220769405365,-0.005650298669934273,0.6235460638999939,0.2477240264415741,0.05843100696802139,0.571767270565033,0.2521415650844574,-0.000981462886556983,0.5791996717453003,0.2851235866546631,-0.004185207653790712,0.6020678281784058,0.23984241485595703,0.012396803125739098,0.574522852897644,0.27613747119903564,-0.018135394901037216,0.6204670071601868,0.3066040575504303,0.05821046605706215,0.5744990110397339,0.24277840554714203,0.00584685942158103,0.5701619982719421,0.2712615132331848,-0.023603780195116997,0.6059284210205078,0.3435141444206238,0.0208764486014843,0.6055936813354492,0.35402441024780273,0.03051101043820381,0.62205970287323,0.28287291526794434,0.041194476187229156,0.6125036478042603,0.3330908715724945,0.028564292937517166,0.6188659071922302,0.23025089502334595,0.03313129395246506,0.5842020511627197,0.36924704909324646,0.0016952947480604053,0.5634591579437256,0.292527437210083,-0.019158203154802322,0.5809394717216492,0.27533599734306335,-0.0035597593523561954,0.6164601445198059,0.2462165802717209,0.024868542328476906,0.592809796333313,0.24506470561027527,0.005923085380345583,0.5881444215774536,0.24590091407299042,0.004394053015857935,0.5815328359603882,0.3298463821411133,-0.002852172590792179,0.6163983345031738,0.2963285744190216,0.022195523604750633,0.5745479464530945,0.38099175691604614,0.0024520831648260355,0.5906180143356323,0.3708608150482178,0.0143886748701334,0.5976500511169434,0.36408036947250366,0.021429162472486496,0.5834387540817261,0.24543070793151855,0.004018906969577074,0.5789266228675842,0.24421292543411255,0.004684044048190117,0.5759931206703186,0.24355733394622803,0.005752474069595337,0.6132668256759644,0.23252549767494202,0.019327308982610703,0.5794194340705872,0.23586225509643555,0.003907572012394667,0.5840949416160583,0.2329239696264267,0.0029103460256010294,0.5889132618904114,0.23227600753307343,0.0032588723115622997,0.5937179327011108,0.23361258208751678,0.004763011354953051,0.5966923236846924,0.2358727753162384,0.006768051069229841,0.6221978068351746,0.22702553868293762,0.049430541694164276,0.5958669185638428,0.24348732829093933,0.007794381119310856,0.5782586932182312,0.30528953671455383,-0.008840439841151237,0.5737777352333069,0.2875021994113922,-0.014957173727452755,0.5685165524482727,0.3024333715438843,-0.01403504516929388,0.5987227559089661,0.35389822721481323,0.014550901018083096,0.5916903614997864,0.36170494556427,0.008359254337847233,0.5747901201248169,0.3746021091938019,-0.004171053878962994,0.6116794347763062,0.34278780221939087,0.041507527232170105,0.5760512351989746,0.24001413583755493,0.005027813836932182,0.5688439607620239,0.25762709975242615,-0.013101569376885891,0.5831787586212158,0.37666136026382446,0.007250729016959667,0.620302677154541,0.3015355169773102,0.039767082780599594,0.5708703994750977,0.32417428493499756,-0.00854115653783083,0.5719745755195618,0.3264959156513214,-0.009510282427072525,0.5728901028633118,0.32952645421028137,-0.01058387290686369,0.5736578106880188,0.33349907398223877,-0.009963572025299072,0.5758010745048523,0.34187179803848267,-0.005924300290644169,0.5795720815658569,0.3261520564556122,-0.0038013828452676535,0.5807275772094727,0.3256932199001312,-0.003773805219680071,0.5817739963531494,0.32501906156539917,-0.0036753444001078606,0.5875458121299744,0.3169698715209961,-0.002238954184576869,0.6093578338623047,0.29970458149909973,0.010518092662096024,0.5684914588928223,0.25038036704063416,-0.008031867444515228,0.5701749920845032,0.2365856021642685,0.0016710408963263035,0.5736081004142761,0.2372570037841797,0.003913264721632004,0.5783222317695618,0.32640987634658813,-0.0031829115469008684,0.6100302934646606,0.32026243209838867,0.018273182213306427,0.565430223941803,0.23661860823631287,-0.005789655726402998,0.5795203447341919,0.3512696623802185,-0.0032615275122225285,0.5650933384895325,0.2532442808151245,-0.01707594282925129,0.572844922542572,0.2700774371623993,-0.01304243691265583,0.5713987946510315,0.35547515749931335,-0.0069045121781528,0.5912120938301086,0.3368358612060547,0.0030703528318554163,0.5837653279304504,0.29193007946014404,-0.002950969384983182,0.5857512354850769,0.34524527192115784,1.620264447410591e-05,0.5970096588134766,0.2913037836551666,-0.00024176108126994222,0.5892946124076843,0.30040544271469116,-0.002189181512221694,0.6020220518112183,0.305154949426651,0.003936417400836945,0.5737329721450806,0.3660230040550232,-0.006935931742191315,0.5761030316352844,0.27486148476600647,-0.00907917134463787,0.5964806079864502,0.343802273273468,0.008344150148332119,0.5895425081253052,0.3527182340621948,0.004091319628059864,0.5956026911735535,0.3267378807067871,0.004367882385849953,0.615044116973877,0.3107486069202423,0.023690704256296158,0.602938711643219,0.3285597264766693,0.010225978679955006,0.6176738142967224,0.3183315694332123,0.03669142350554466,0.5939223170280457,0.31150323152542114,0.00018234216258861125,0.5722468495368958,0.26332587003707886,-0.00907613430172205,0.5729900002479553,0.28443676233291626,-0.021654998883605003,0.5761245489120483,0.28685611486434937,-0.015653349459171295,0.5706662535667419,0.2788498103618622,-0.025741035118699074,0.5739953517913818,0.22950686514377594,-2.2139285647426732e-05,0.5829407572746277,0.22407227754592896,-0.001018704497255385,0.5910100340843201,0.22301413118839264,-0.0005775211029686034,0.5977245569229126,0.22478267550468445,0.001919072587043047,0.6024297475814819,0.22860293090343475,0.005649401806294918,0.6060547828674316,0.24221593141555786,0.014722577296197414,0.6228542327880859,0.26473483443260193,0.04043476656079292,0.602236807346344,0.2531247138977051,0.010246410965919495,0.5967373847961426,0.25567197799682617,0.006656245328485966,0.5894330143928528,0.25611165165901184,0.004134445451200008,0.5823594927787781,0.25447049736976624,0.003100218018516898,0.5768076777458191,0.25182220339775085,0.0026025050319731236,0.5729527473449707,0.24914798140525818,0.0022116615436971188,0.623227596282959,0.2670944035053253,0.062058284878730774,0.575912594795227,0.2892616391181946,-0.01290900632739067,0.5691279172897339,0.264336496591568,-0.01752743497490883,0.5693720579147339,0.28464025259017944,-0.026141304522752762,0.5665335655212402,0.2891507148742676,-0.024097859859466553,0.5692963600158691,0.2863553762435913,-0.023444360122084618,0.5743699073791504,0.2918795645236969,-0.011094452813267708,0.5656862854957581,0.2898117005825043,-0.025620220229029655,0.5650110840797424,0.29194027185440063,-0.01914949342608452,0.5725704431533813,0.24300774931907654,0.004912720527499914,0.5698382258415222,0.24472251534461975,0.0014352963771671057,0.5682233572006226,0.24598585069179535,-0.002713275607675314,0.5983811020851135,0.23768356442451477,0.008746251463890076,0.6018533706665039,0.23470816016197205,0.009008250199258327,0.5287116169929504,0.24250353872776031,0.004847496282309294,0.5347076654434204,0.2417459785938263,0.004847496282309294,0.5280505418777466,0.23555007576942444,0.004847496282309294,0.5226237773895264,0.24319800734519958,0.004847496282309294,0.5293023586273193,0.24940074980258942,0.004847496282309294,0.5880165100097656,0.23817366361618042,0.005907725542783737,0.5940331816673279,0.2380218803882599,0.005907725542783737,0.5878297090530396,0.23063643276691437,0.005907725542783737,0.5820019245147705,0.23825016617774963,0.005907725542783737,0.5882284641265869,0.24575622379779816,0.005907725542783737
633.3333333333334,0.5604127645492554,0.3158884644508362,-0.016326356679201126,0.5604482293128967,0.286376953125,-0.029611676931381226,0.5603081583976746,0.2956467270851135,-0.015681521967053413,0.5550844073295593,0.26127445697784424,-0.02198128215968609,0.5602778196334839,0.27798792719841003,-0.03143484517931938,0.5599387288093567,0.26775673031806946,-0.029101936146616936,0.5590600371360779,0.24392347037792206,-0.014233899302780628,0.5188581943511963,0.2471325695514679,0.007828336209058762,0.5584254860877991,0.2270904779434204,-0.010900579392910004,0.5580682158470154,0.216109961271286,-0.012070814147591591,0.556573212146759,0.17124663293361664,-0.005042805336415768,0.5604686141014099,0.31905269622802734,-0.015714850276708603,0.5604503750801086,0.32229381799697876,-0.013875597156584263,0.5604538321495056,0.32453852891921997,-0.011036721058189869,0.5603583455085754,0.3245925009250641,-0.010747760534286499,0.5604782104492188,0.3278096318244934,-0.011343169957399368,0.5605724453926086,0.33187374472618103,-0.012536373920738697,0.560652494430542,0.33660879731178284,-0.011754117906093597,0.5613324642181396,0.3479035794734955,-0.0063823820091784,0.560478150844574,0.2910306751728058,-0.026825040578842163,0.5554876923561096,0.29158055782318115,-0.019292917102575302,0.4943924844264984,0.2182270735502243,0.03486970067024231,0.5350422263145447,0.25230276584625244,0.0020326990634202957,0.5294147729873657,0.2538425624370575,0.0023871648591011763,0.5239617824554443,0.2540724277496338,0.003922328818589449,0.5167187452316284,0.25026753544807434,0.008653849363327026,0.5398542881011963,0.24947740137577057,0.002588228089734912,0.5258443355560303,0.23068903386592865,-0.000347931549185887,0.5323872566223145,0.23054663836956024,-0.00022496111341752112,0.5200164914131165,0.23302851617336273,0.0015553719131276011,0.5163328647613525,0.2366732358932495,0.0039797378703951836,0.5120894312858582,0.25596269965171814,0.011440062895417213,0.5420922636985779,0.3640578091144562,-0.0007449738914147019,0.5167204737663269,0.24510104954242706,0.009660509414970875,0.4946107566356659,0.25529685616493225,0.036811187863349915,0.5052984952926636,0.2513887286186218,0.01717417687177658,0.5326679944992065,0.28527235984802246,-0.0033763395622372627,0.5536293983459473,0.31445637345314026,-0.01560453325510025,0.554495632648468,0.32243213057518005,-0.01313708070665598,0.546909511089325,0.3186659514904022,-0.012453153729438782,0.5424042344093323,0.3230845034122467,-0.008543784730136395,0.5492029786109924,0.32379478216171265,-0.011029443703591824,0.5448536276817322,0.32572630047798157,-0.0073672691360116005,0.5363866090774536,0.3360237777233124,-0.0003854342794511467,0.5559753775596619,0.28652435541152954,-0.029134204611182213,0.5551203489303589,0.2786094546318054,-0.03079570084810257,0.508361279964447,0.23226690292358398,0.005515315569937229,0.5430892109870911,0.2641957104206085,-0.004054707940667868,0.5432490110397339,0.28650039434432983,-0.015401716344058514,0.5427448153495789,0.2825465500354767,-0.013654038310050964,0.5156757235527039,0.28690487146377563,0.003545238170772791,0.5550738573074341,0.2690938115119934,-0.027386339381337166,0.5219335556030273,0.2219410240650177,-0.00463080732151866,0.5139006972312927,0.22594588994979858,-0.00016913007129915059,0.49990183115005493,0.20184478163719177,0.023719532415270805,0.5471277236938477,0.22518396377563477,-0.0093158520758152,0.5381572246551514,0.23306667804718018,0.0015922969905659556,0.5318647623062134,0.3287506103515625,0.0010600312380120158,0.5048052668571472,0.3345346748828888,0.05032293498516083,0.5474675893783569,0.2907421588897705,-0.013257074169814587,0.5519504547119141,0.2929184138774872,-0.013991642743349075,0.5371800661087036,0.33008360862731934,0.0004024983791168779,0.5385199189186096,0.3295699954032898,-0.0011431049788370728,0.5105626583099365,0.22155791521072388,0.0028141546063125134,0.5430945754051208,0.29039618372917175,-0.012354610487818718,0.5328477025032043,0.2210087776184082,-0.007695650681853294,0.5315958857536316,0.21490991115570068,-0.008752928115427494,0.5236233472824097,0.17851586639881134,0.001996215432882309,0.5052343010902405,0.21035456657409668,0.011668642051517963,0.5282390117645264,0.19540756940841675,-0.003884938545525074,0.5047022104263306,0.22919818758964539,0.010515324771404266,0.4992964267730713,0.22340351343154907,0.021866558119654655,0.5539629459381104,0.31884559988975525,-0.015037260949611664,0.5480747818946838,0.32146626710891724,-0.012051643803715706,0.5435991287231445,0.32446175813674927,-0.008474071510136127,0.5487964749336243,0.2922304570674896,-0.012179534882307053,0.5378662943840027,0.3298322260379791,-0.00042970103095285594,0.5406167507171631,0.33009466528892517,-0.0038954911287873983,0.5392494797706604,0.3292793333530426,-0.0013293757801875472,0.5499687194824219,0.2872842252254486,-0.02100670523941517,0.5457710027694702,0.3265264630317688,-0.006283523514866829,0.5500412583351135,0.3252283036708832,-0.008593377657234669,0.5550111532211304,0.32462161779403687,-0.010472120717167854,0.5544100999832153,0.34801584482192993,-0.006308157928287983,0.5540032982826233,0.33652499318122864,-0.011548877693712711,0.554158627986908,0.33175569772720337,-0.012184458784759045,0.5544488430023193,0.327755331993103,-0.010819347575306892,0.5549190044403076,0.3246893882751465,-0.010176589712500572,0.5456956028938293,0.3265385627746582,-0.00603887252509594,0.5448012948036194,0.32821255922317505,-0.006875867955386639,0.5437904596328735,0.3304561376571655,-0.00776180624961853,0.5429611206054688,0.33322930335998535,-0.006867546588182449,0.5377718806266785,0.31346720457077026,-0.006537086330354214,0.496052086353302,0.2943783104419708,0.05955778434872627,0.5604062080383301,0.29325413703918457,-0.01958608813583851,0.5425229072570801,0.32787811756134033,-0.0033358207438141108,0.5416483283042908,0.3288836181163788,-0.003867217106744647,0.5536444187164307,0.29604068398475647,-0.014249534346163273,0.5451429486274719,0.29527512192726135,-0.008286056108772755,0.5528624653816223,0.2945002019405365,-0.014268338680267334,0.5372466444969177,0.26963990926742554,-0.0022311192005872726,0.5283226370811462,0.2759212553501129,-0.0007154472987167537,0.5419068932533264,0.2865244150161743,-0.010500340722501278,0.5093499422073364,0.1883060187101364,0.011973266489803791,0.5145711898803711,0.2006801813840866,0.0033623280469328165,0.519734263420105,0.21624837815761566,-0.0033342873211950064,0.5411965250968933,0.3408832550048828,-0.003070342820137739,0.5449425578117371,0.2148696482181549,-0.011505904607474804,0.5418879389762878,0.1932300329208374,-0.008013253100216389,0.5387800931930542,0.17326341569423676,-0.0037630037404596806,0.5193998217582703,0.2530391216278076,0.00636933371424675,0.5060794353485107,0.26232093572616577,0.014662379398941994,0.5429933667182922,0.24692341685295105,0.003350998740643263,0.5110015869140625,0.2411249428987503,0.008948410861194134,0.5469326972961426,0.2583317458629608,-0.00609928835183382,0.5465114712715149,0.28274691104888916,-0.020847273990511894,0.500851571559906,0.26944500207901,0.02087382972240448,0.5103495121002197,0.2675023674964905,0.009553149342536926,0.5178877115249634,0.2697019875049591,0.004338065627962351,0.5286902189254761,0.26719212532043457,0.0017342870123684406,0.5364992022514343,0.26287978887557983,0.0005421480163931847,0.5423110127449036,0.2583313584327698,-0.0009620331693440676,0.553848147392273,0.2464718073606491,-0.01210803259164095,0.502710223197937,0.2866453528404236,0.01918141357600689,0.5064122080802917,0.24086037278175354,0.011600309051573277,0.5578305721282959,0.29096806049346924,-0.02652742899954319,0.5438867807388306,0.27139532566070557,-0.006344836205244064,0.4921625852584839,0.2560197114944458,0.05584844946861267,0.5466771125793457,0.2534799575805664,-0.0017840933287516236,0.5414511561393738,0.2875255048274994,-0.0047554331831634045,0.5144379734992981,0.24584229290485382,0.010695472359657288,0.5461414456367493,0.27800703048706055,-0.018666479736566544,0.4994995594024658,0.3143881857395172,0.05653055012226105,0.542934000492096,0.24410401284694672,0.004755834583193064,0.5505258440971375,0.2726852595806122,-0.024073632434010506,0.5178849101066589,0.34992146492004395,0.020460469648241997,0.5185174345970154,0.3605542778968811,0.030051125213503838,0.49740585684776306,0.29103443026542664,0.039464738219976425,0.5105974078178406,0.34013938903808594,0.02779211290180683,0.4965474605560303,0.23806801438331604,0.030995924025774002,0.5412344336509705,0.37304019927978516,0.0024178088642656803,0.5583407878875732,0.29307809472084045,-0.019226010888814926,0.539138913154602,0.2780659794807434,-0.004343343432992697,0.5004401803016663,0.25331979990005493,0.022941909730434418,0.524378776550293,0.24939335882663727,0.004381642211228609,0.5291818380355835,0.24940431118011475,0.002963670529425144,0.539625346660614,0.3316604197025299,-0.0029998517129570246,0.5045904517173767,0.30361443758010864,0.020680338144302368,0.5514748096466064,0.3832804262638092,0.0035766696091741323,0.5347734689712524,0.37566113471984863,0.014763847924768925,0.5272917747497559,0.3697690963745117,0.02142183482646942,0.5572565793991089,0.19236421585083008,-0.0091988081112504,0.5626650452613831,0.3836027681827545,0.0021211146377027035,0.533933162689209,0.24812892079353333,0.002698079915717244,0.5384690165519714,0.24615158140659332,0.0034549077972769737,0.5414678454399109,0.24499475955963135,0.004617456346750259,0.5022007822990417,0.2396736592054367,0.01738419570028782,0.5374008417129517,0.23893322050571442,0.002622088883072138,0.5323050618171692,0.2373073548078537,0.0015067009953781962,0.5273690223693848,0.23759661614894867,0.0017671927344053984,0.5225504040718079,0.23952656984329224,0.003201643703505397,0.5196226239204407,0.2418888509273529,0.005134273786097765,0.49212291836738586,0.23521283268928528,0.04670730233192444,0.5211292505264282,0.24840545654296875,0.006203661672770977,0.5603822469711304,0.3028053939342499,-0.014496413059532642,0.5431371331214905,0.3077526390552521,-0.009228083305060863,0.5473979115486145,0.28916841745376587,-0.015331965871155262,0.5531964302062988,0.30378979444503784,-0.014138873666524887,0.5587382912635803,0.2355954796075821,-0.010350178927183151,0.5256859660148621,0.3594634234905243,0.014567703008651733,0.533165693283081,0.36652109026908875,0.008756658062338829,0.5509997606277466,0.37704142928123474,-0.003032221458852291,0.5114380121231079,0.3498411774635315,0.0406082347035408,0.541163444519043,0.24193459749221802,0.00386540568433702,0.5508005619049072,0.2589919865131378,-0.013662979938089848,0.5624663829803467,0.37725889682769775,-0.0042983065359294415,0.5426304936408997,0.38035935163497925,0.007990371435880661,0.5003246068954468,0.30942806601524353,0.0383286327123642,0.5499585270881653,0.3252892792224884,-0.00833852682262659,0.5490512847900391,0.3278273940086365,-0.009166481904685497,0.5483927726745605,0.33107149600982666,-0.010221834294497967,0.5479410290718079,0.33526864647865295,-0.009557520970702171,0.5471211075782776,0.34509578347206116,-0.005522473715245724,0.5413726568222046,0.3277396261692047,-0.0041180942207574844,0.5401715636253357,0.32739630341529846,-0.004143360070884228,0.5391451120376587,0.3268362581729889,-0.004107779357582331,0.5336846113204956,0.3206007480621338,-0.0028205823618918657,0.511988639831543,0.30607151985168457,0.009129375219345093,0.55047607421875,0.25173723697662354,-0.00870176125317812,0.5469728112220764,0.23750673234462738,0.0007990695885382593,0.5433739423751831,0.23881098628044128,0.0028574855532497168,0.5425978302955627,0.32789528369903564,-0.003468125592917204,0.5123434662818909,0.32692191004753113,0.01728811487555504,0.551970899105072,0.2368571162223816,-0.006508180871605873,0.5444013476371765,0.35465824604034424,-0.0027550007216632366,0.5596503019332886,0.2595890164375305,-0.02388233132660389,0.5544664263725281,0.25416356325149536,-0.017545334994792938,0.5593640208244324,0.2519489526748657,-0.018825065344572067,0.5473892092704773,0.27178919315338135,-0.013594920746982098,0.5621392726898193,0.3684564530849457,-0.007253745570778847,0.5617309808731079,0.3577253520488739,-0.006872058846056461,0.5529353618621826,0.35788795351982117,-0.00590200861915946,0.5313500761985779,0.34125053882598877,0.0028711806517094374,0.5370470285415649,0.2949654459953308,-0.003608102211728692,0.5374748706817627,0.3492203652858734,0.00022162524692248553,0.523928701877594,0.2960991859436035,-0.0013779837172478437,0.5319056510925293,0.30418747663497925,-0.0029527090955525637,0.5195910930633545,0.31062591075897217,0.0028159921057522297,0.551486611366272,0.368391752243042,-0.005843633785843849,0.544202983379364,0.2769666314125061,-0.009657265618443489,0.5270581245422363,0.34901249408721924,0.008183427155017853,0.534570574760437,0.3571895956993103,0.004378235898911953,0.5264333486557007,0.3314710259437561,0.0037447100039571524,0.5067561268806458,0.3179469704627991,0.022423062473535538,0.5197072625160217,0.33444297313690186,0.009508795104920864,0.5041863322257996,0.32590237259864807,0.03554179519414902,0.5275988578796387,0.31587156653404236,-0.0006583640351891518,0.5474749803543091,0.26507002115249634,-0.009698418900370598,0.5482789874076843,0.2859639823436737,-0.022090928629040718,0.5450065732002258,0.28884610533714294,-0.016057724133133888,0.5505731105804443,0.28019583225250244,-0.026120707392692566,0.542281985282898,0.23104752600193024,-0.0010322758462280035,0.532719612121582,0.22736334800720215,-0.0023317274171859026,0.5244348645210266,0.22766566276550293,-0.002119209384545684,0.517711341381073,0.23038169741630554,0.00029230210930109024,0.5131126642227173,0.23478952050209045,0.004011873621493578,0.510536253452301,0.24847453832626343,0.01296959724277258,0.4952552616596222,0.273084819316864,0.038462042808532715,0.5153964757919312,0.25904497504234314,0.008603368885815144,0.5212979316711426,0.26078954339027405,0.005164596252143383,0.5288264155387878,0.25992903113365173,0.0028487953823059797,0.5358707904815674,0.2571110725402832,0.0019379972945898771,0.541359543800354,0.25360244512557983,0.001646326039917767,0.5451459288597107,0.2504528760910034,0.001324918819591403,0.4938946068286896,0.2752494513988495,0.05967922881245613,0.5451714396476746,0.29125237464904785,-0.013308539986610413,0.5510396957397461,0.26566648483276367,-0.018025794997811317,0.5521777272224426,0.2857803404331207,-0.026446573436260223,0.5551542043685913,0.2900225520133972,-0.02427525259554386,0.5522040724754333,0.2874240279197693,-0.023737559095025063,0.5467526912689209,0.2937355935573578,-0.011417421512305737,0.556158185005188,0.2905884385108948,-0.02577103115618229,0.5566832423210144,0.2927170693874359,-0.019247615709900856,0.5449382066726685,0.24410030245780945,0.003952039405703545,0.5480031371116638,0.24563243985176086,0.0005988837219774723,0.549851655960083,0.24683834612369537,-0.0034472893457859755,0.51799476146698,0.2436152994632721,0.007086386904120445,0.514117419719696,0.24084098637104034,0.007364868652075529,0.5642448663711548,0.260710209608078,-0.021862206980586052,0.5977959632873535,0.24204525351524353,0.008599990978837013,0.5651674270629883,0.2909882068634033,-0.019201474264264107,0.6190893054008484,0.21054375171661377,0.03633018583059311,0.5828197598457336,0.24981628358364105,0.0025693729985505342,0.5882065892219543,0.2504906952381134,0.0030326724518090487,0.5933856964111328,0.2498958706855774,0.004650659393519163,0.6001708507537842,0.24491159617900848,0.009511912241578102,0.5782670378684998,0.24760951101779938,0.0030087511986494064,0.5897697806358337,0.22585448622703552,0.00028302829014137387,0.5836514234542847,0.22675901651382446,0.0002662485640030354,0.5954238176345825,0.22737020254135132,0.00227336841635406,0.5991466641426086,0.2306392937898636,0.004721478093415499,0.6049078702926636,0.2501230835914612,0.012430945411324501,0.5820321440696716,0.3613039255142212,-0.00020852882880717516,0.5996958017349243,0.23949402570724487,0.010476023890078068,0.6216033101081848,0.2472967952489853,0.03800385445356369,0.6111640334129333,0.2448957860469818,0.01821766048669815,0.5872471332550049,0.28222382068634033,-0.0027106136549264193,0.5671018362045288,0.3138902187347412,-0.015443648211658001,0.5663735270500183,0.32199713587760925,-0.012962068431079388,0.5738516449928284,0.3174896240234375,-0.012123871594667435,0.5782737135887146,0.32168304920196533,-0.008047223091125488,0.5716038346290588,0.3229508697986603,-0.010726706124842167,0.5758206844329834,0.32462891936302185,-0.006906067952513695,0.5849158763885498,0.3332936465740204,0.0003315475769340992,0.5648910403251648,0.28599464893341064,-0.029070543125271797,0.5653677582740784,0.27796947956085205,-0.030713416635990143,0.6063876748085022,0.22559833526611328,0.006464565172791481,0.5757149457931519,0.26226603984832764,-0.003665939439088106,0.5771127343177795,0.2845875024795532,-0.015115685760974884,0.5773411989212036,0.2806036174297333,-0.01337050274014473,0.6042333841323853,0.2818121314048767,0.004698611330240965,0.5647938847541809,0.2684670388698578,-0.027274353429675102,0.5925290584564209,0.21739669144153595,-0.0037962314672768116,0.6005576848983765,0.22000226378440857,0.0007780177984386683,0.6131384968757629,0.1947823166847229,0.025012221187353134,0.5688554644584656,0.22535550594329834,-0.009023571386933327,0.5784616470336914,0.23037251830101013,0.001918989815749228,0.5890170931816101,0.3256545662879944,0.001974013401195407,0.6163848638534546,0.3274797201156616,0.05188680812716484,0.5729888677597046,0.289332777261734,-0.01301767397671938,0.5686241388320923,0.29203566908836365,-0.013847820460796356,0.5833948254585266,0.3287195563316345,0.0012199238408356905,0.58205646276474,0.32824358344078064,-0.0004309043288230896,0.6034470796585083,0.21492736041545868,0.0037349858321249485,0.5772277116775513,0.2885704040527344,-0.012060015462338924,0.5820603966712952,0.2186478227376938,-0.0071981195360422134,0.5827104449272156,0.21207809448242188,-0.008280184119939804,0.5892649292945862,0.17439302802085876,0.0026669823564589024,0.6090721487998962,0.20344869792461395,0.01261387299746275,0.5858632326126099,0.1913723647594452,-0.0034168788697570562,0.6096715927124023,0.22213080525398254,0.011498489417135715,0.6153779029846191,0.2160002887248993,0.022879410535097122,0.5669118165969849,0.3183385133743286,-0.014874458312988281,0.5727332234382629,0.32050639390945435,-0.01173671055585146,0.5770906209945679,0.32321375608444214,-0.00799934845417738,0.5716213583946228,0.2910042405128479,-0.011997106485068798,0.5827091932296753,0.32849594950675964,0.0003158225736115128,0.580007791519165,0.32882875204086304,-0.00331681314855814,0.5813119411468506,0.3279690444469452,-0.0006430673529393971,0.570537805557251,0.2861063778400421,-0.02079240046441555,0.5748021602630615,0.3254600465297699,-0.005836098454892635,0.5706611275672913,0.32444918155670166,-0.008282367140054703,0.5658197999000549,0.324222207069397,-0.010306769981980324,0.5684099197387695,0.3472142815589905,-0.006113515235483646,0.5671969056129456,0.33603474497795105,-0.011365112848579884,0.5668385624885559,0.3312588930130005,-0.011975834146142006,0.5663626790046692,0.3272796869277954,-0.010642068460583687,0.5657039880752563,0.32426056265830994,-0.009995969943702221,0.5747206807136536,0.325490802526474,-0.005593258887529373,0.5757849812507629,0.32711783051490784,-0.006420747842639685,0.5768916010856628,0.3293197751045227,-0.007304809521883726,0.5778439044952393,0.33202534914016724,-0.006378311663866043,0.5828339457511902,0.31107088923454285,-0.005998073145747185,0.6219640374183655,0.28659555315971375,0.06124432757496834,0.5778946280479431,0.32667216658592224,-0.0027604391798377037,0.5788892507553101,0.32764798402786255,-0.003317438531666994,0.567107081413269,0.2953859269618988,-0.014109095558524132,0.5751997828483582,0.2937677502632141,-0.0080467090010643,0.567815363407135,0.29376649856567383,-0.014130455441772938,0.5817430019378662,0.26709848642349243,-0.0016431997064501047,0.5910193920135498,0.27238941192626953,0.0001304696488659829,0.5782489776611328,0.2845573425292969,-0.010185607708990574,0.603554904460907,0.18236184120178223,0.013005920685827732,0.5995714068412781,0.1948605626821518,0.004078956320881844,0.5941804051399231,0.2110098898410797,-0.002619468839839101,0.5807170271873474,0.33851510286331177,-0.002499615540727973,0.5701132416725159,0.21454887092113495,-0.011220857501029968,0.5723745226860046,0.19113865494728088,-0.007771867793053389,0.5741931200027466,0.17105543613433838,-0.003433311590924859,0.5977186560630798,0.24824798107147217,0.007182891946285963,0.6112070679664612,0.2559754252433777,0.01573571376502514,0.5752431154251099,0.245514914393425,0.0037082477938383818,0.6047571897506714,0.23475243151187897,0.009815475903451443,0.5716720223426819,0.2568020224571228,-0.0057851760648190975,0.5738095641136169,0.2811811864376068,-0.02059480920433998,0.6173080801963806,0.26226359605789185,0.02209489978849888,0.6073070168495178,0.2615230679512024,0.010570249520242214,0.6001379489898682,0.2645261287689209,0.00527229206636548,0.5896511673927307,0.2635805308818817,0.0024877265095710754,0.5819492936134338,0.2602951228618622,0.0011217683786526322,0.5761402249336243,0.2564696967601776,-0.0005421146634034812,0.5642973780632019,0.24578681588172913,-0.011960210278630257,0.6168215274810791,0.27977254986763,0.02043881081044674,0.6091599464416504,0.23423552513122559,0.012543058954179287,0.5631064176559448,0.2906252443790436,-0.026462960988283157,0.5754453539848328,0.2695681154727936,-0.006020114757120609,0.6231390237808228,0.2479241043329239,0.05757938325405121,0.5716713666915894,0.25214043259620667,-0.0014797128969803452,0.5786161422729492,0.2855570316314697,-0.0044381204061210155,0.6019916534423828,0.24002666771411896,0.011598088778555393,0.5738601684570312,0.2763831615447998,-0.01840483397245407,0.6200380325317383,0.3068540096282959,0.058176930993795395,0.575212299823761,0.24267251789569855,0.0050997138023376465,0.5693713426589966,0.2715111970901489,-0.023870065808296204,0.6053418517112732,0.3441048562526703,0.021439993754029274,0.6050441861152649,0.3545069396495819,0.03127782791852951,0.6216138601303101,0.28329387307167053,0.040707655251026154,0.6119502186775208,0.33363837003707886,0.028884077444672585,0.6186743378639221,0.23042185604572296,0.03210805729031563,0.5835301280021667,0.3699475824832916,0.002961180405691266,0.5624668002128601,0.29283884167671204,-0.019174834713339806,0.5804063081741333,0.2757677137851715,-0.0039041643030941486,0.6163023710250854,0.24676185846328735,0.024040736258029938,0.5926405191421509,0.2453189343214035,0.005109910387545824,0.5880632400512695,0.24602173268795013,0.0035994388163089752,0.5810603499412537,0.33033180236816406,-0.002358799334615469,0.6159505248069763,0.2969069480895996,0.02192758023738861,0.5739184617996216,0.3816118836402893,0.003988494630903006,0.5900672674179077,0.3713223338127136,0.015595116652548313,0.5970883965492249,0.3645244240760803,0.022439543157815933,0.5835807919502258,0.24542644619941711,0.0032579058315604925,0.5793682932853699,0.24411186575889587,0.003949871752411127,0.576629102230072,0.243424654006958,0.0050247362814843655,0.6131643056869507,0.23267227411270142,0.018401915207505226,0.5798435211181641,0.23586015403270721,0.003059345530346036,0.5842893719673157,0.23301155865192413,0.0020447708666324615,0.5889139175415039,0.23242145776748657,0.0023790535051375628,0.5936300158500671,0.23377621173858643,0.003896994749084115,0.5965738892555237,0.23602309823036194,0.005897719878703356,0.6220219731330872,0.227239191532135,0.04834815114736557,0.5957033634185791,0.24378685653209686,0.00697592506185174,0.5775887370109558,0.30595505237579346,-0.008806796744465828,0.5730598568916321,0.2877505123615265,-0.015121650882065296,0.5677054524421692,0.30304646492004395,-0.013966962695121765,0.5981119871139526,0.3544505834579468,0.015403869561851025,0.5910658240318298,0.3623005151748657,0.009436181746423244,0.57405024766922,0.3754119277000427,-0.002726938109844923,0.6112020611763,0.3432246148586273,0.04200591892004013,0.5766680836677551,0.2399396151304245,0.004249224904924631,0.5681553483009338,0.25791433453559875,-0.013477044180035591,0.5825977921485901,0.3772088587284088,0.00863465666770935,0.6199030876159668,0.3019861578941345,0.03953242674469948,0.5705704092979431,0.32447609305381775,-0.007991298101842403,0.5716104507446289,0.3269481956958771,-0.008839077316224575,0.572442352771759,0.33014875650405884,-0.009880472905933857,0.5731163620948792,0.33434516191482544,-0.009219707921147346,0.5753067135810852,0.34332823753356934,-0.005078865680843592,0.5792561173439026,0.3264305293560028,-0.0035092406906187534,0.5804315805435181,0.3259977102279663,-0.0034843827597796917,0.5814754962921143,0.32533612847328186,-0.0034047195222228765,0.5869649648666382,0.3177582323551178,-0.0020358313340693712,0.6088395714759827,0.30035659670829773,0.010358783416450024,0.5678481459617615,0.25066235661506653,-0.008457064628601074,0.5705224871635437,0.23663106560707092,0.0009360751719214022,0.5741580724716187,0.2372506707906723,0.0031417235732078552,0.5779592394828796,0.3266688287258148,-0.0028751054778695107,0.6095036864280701,0.3209153413772583,0.01842302270233631,0.5653403401374817,0.23669351637363434,-0.006418442353606224,0.5789204835891724,0.35234159231185913,-0.002291883109137416,0.5643115043640137,0.25350421667099,-0.01744372397661209,0.5722177028656006,0.2703535556793213,-0.013364888727664948,0.5706696510314941,0.35672110319137573,-0.00567712914198637,0.5907396078109741,0.33763736486434937,0.0036929831840097904,0.5831688642501831,0.29245686531066895,-0.003127734176814556,0.5852589011192322,0.34612709283828735,0.0008270338294096291,0.59645015001297,0.29197877645492554,-0.00042737190960906446,0.5886695981025696,0.30104824900627136,-0.0022667034063488245,0.601433277130127,0.30586469173431396,0.003885585581883788,0.5729508399963379,0.3669658899307251,-0.005561463069170713,0.5755471587181091,0.27517256140708923,-0.009394504129886627,0.5959450006484985,0.34449365735054016,0.009069442749023438,0.5889654755592346,0.3534484803676605,0.005055461544543505,0.5951191186904907,0.3274887502193451,0.004765976220369339,0.6145810484886169,0.3113313317298889,0.023642364889383316,0.602440357208252,0.3292977809906006,0.010588150471448898,0.617239236831665,0.31881481409072876,0.03672764450311661,0.5932974219322205,0.3122161626815796,0.0002742221695370972,0.5716360211372375,0.26363804936408997,-0.009449618868529797,0.5722107291221619,0.2845980226993561,-0.02184731513261795,0.5754472017288208,0.28714510798454285,-0.015828870236873627,0.5698118209838867,0.27904337644577026,-0.02590540610253811,0.574211061000824,0.22963343560695648,-0.0008388616261072457,0.582848846912384,0.22409820556640625,-0.0018422541907057166,0.590705394744873,0.2228814959526062,-0.001392337610013783,0.5973646640777588,0.2245681881904602,0.001118742860853672,0.6021236181259155,0.22844240069389343,0.004857352003455162,0.6059083342552185,0.24247236549854279,0.01394161768257618,0.6223684549331665,0.26511332392692566,0.03973539173603058,0.6018985509872437,0.2536729872226715,0.0095250578597188,0.5963448882102966,0.25617074966430664,0.006009743548929691,0.5891393423080444,0.25642645359039307,0.003535581286996603,0.5822771191596985,0.25460919737815857,0.002468452090397477,0.5769519209861755,0.2518416941165924,0.0020358648616820574,0.5731984376907349,0.24911607801914215,0.0016188019653782248,0.6227297782897949,0.26731252670288086,0.06145191565155983,0.5752310156822205,0.2896113097667694,-0.013064827769994736,0.5683994889259338,0.26460522413253784,-0.017860643565654755,0.5684561729431152,0.2847980856895447,-0.0262815710157156,0.5655583143234253,0.28938016295433044,-0.02416989766061306,0.5683965086936951,0.28651854395866394,-0.023579547181725502,0.5736560821533203,0.29229915142059326,-0.011199942789971828,0.564691960811615,0.29005053639411926,-0.02567848563194275,0.5640347003936768,0.29224854707717896,-0.019183045253157616,0.5731967687606812,0.24292288720607758,0.00420407997444272,0.5701475739479065,0.24468715488910675,0.0008032376645132899,0.5682006478309631,0.24596379697322845,-0.0032311801332980394,0.5982809662818909,0.23785218596458435,0.007902571931481361,0.6016854643821716,0.23474988341331482,0.008164050057530403,0.528448224067688,0.24233439564704895,0.00448423670604825,0.5343712568283081,0.24158504605293274,0.00448423670604825,0.5278521180152893,0.2352716028690338,0.00448423670604825,0.5224326848983765,0.24301671981811523,0.00448423670604825,0.5289719104766846,0.24934479594230652,0.00448423670604825,0.5881609916687012,0.2379840910434723,0.005095199681818485,0.5938910841941833,0.23793280124664307,0.005095199681818485,0.5881365537643433,0.2304380089044571,0.005095199681818485,0.5824630260467529,0.23794904351234436,0.005095199681818485,0.5882253646850586,0.2455751597881317,0.005095199681818485
666.6666666666667,0.5605217814445496,0.3143893778324127,-0.016686242073774338,0.561987578868866,0.2858498990535736,-0.029483042657375336,0.5616222620010376,0.29511773586273193,-0.015885209664702415,0.5565727949142456,0.25990888476371765,-0.021502181887626648,0.5618408918380737,0.2772250473499298,-0.03115679696202278,0.5614561438560486,0.2666459083557129,-0.028639132156968117,0.560380220413208,0.24205179512500763,-0.013236543163657188,0.5188604593276978,0.24672895669937134,0.007969635538756847,0.5597052574157715,0.22458809614181519,-0.00937427207827568,0.5593671798706055,0.21338853240013123,-0.010240626521408558,0.5579795837402344,0.1697598099708557,-0.00236585084348917,0.5605361461639404,0.3174443244934082,-0.016131877899169922,0.5605130195617676,0.32062017917633057,-0.01436685025691986,0.5605524182319641,0.32283949851989746,-0.011685925535857677,0.560372531414032,0.32286933064460754,-0.011771032586693764,0.5604197978973389,0.326004296541214,-0.01254668552428484,0.5604406595230103,0.33003997802734375,-0.013928893953561783,0.5604580044746399,0.3347478210926056,-0.013424612581729889,0.562126636505127,0.34545424580574036,-0.008431265130639076,0.5619654655456543,0.29056060314178467,-0.02678692527115345,0.5568179488182068,0.2910323143005371,-0.019438421353697777,0.4945128262042999,0.21795165538787842,0.03537755087018013,0.5355388522148132,0.2514462172985077,0.0023689225781708956,0.5299432277679443,0.25306084752082825,0.0026077893562614918,0.5244443416595459,0.25340381264686584,0.004048497416079044,0.5167698264122009,0.24992680549621582,0.008712324313819408,0.5402556657791138,0.24869929254055023,0.003079146146774292,0.5258417129516602,0.22926758229732513,0.00016083336959127337,0.5324723124504089,0.22931404411792755,0.00047146109864115715,0.5198704600334167,0.23163637518882751,0.0019149852450937033,0.5160937905311584,0.23553285002708435,0.004241073038429022,0.512651801109314,0.2554871141910553,0.01139129139482975,0.5428849458694458,0.36307281255722046,-0.0033907382749021053,0.5166593790054321,0.24471841752529144,0.00981589499861002,0.49486270546913147,0.25474679470062256,0.03639747202396393,0.5058565139770508,0.2510770857334137,0.017125742509961128,0.5340309143066406,0.2842217683792114,-0.0038387980312108994,0.5538461804389954,0.3129829466342926,-0.016091426834464073,0.5546090602874756,0.3208029568195343,-0.013741603121161461,0.5470988154411316,0.3173609972000122,-0.013166793622076511,0.5425428152084351,0.3220391273498535,-0.00951617956161499,0.5493479371070862,0.32234814763069153,-0.011779392138123512,0.5449696183204651,0.32455188035964966,-0.008322705514729023,0.5376434326171875,0.3346293270587921,-0.002216605469584465,0.557488739490509,0.2860267460346222,-0.029069283977150917,0.5566898584365845,0.27784550189971924,-0.030596593394875526,0.5083426833152771,0.2312268614768982,0.006080347578972578,0.544471025466919,0.26291000843048096,-0.0038809904363006353,0.5446812510490417,0.28576111793518066,-0.015651613473892212,0.5442225337028503,0.2816569209098816,-0.013865713961422443,0.5169230699539185,0.28578078746795654,0.002892637625336647,0.5566375255584717,0.2680179178714752,-0.027044758200645447,0.5218397378921509,0.22028271853923798,-0.0035397454630583525,0.5137630701065063,0.22446312010288239,0.0006887735216878355,0.5003685355186462,0.2011396735906601,0.024701114743947983,0.5475598573684692,0.22397977113723755,-0.007904989644885063,0.5383347868919373,0.23208829760551453,0.0023203848395496607,0.5331493616104126,0.32762423157691956,-0.0005721653578802943,0.505651593208313,0.33455565571784973,0.04802403226494789,0.5488041639328003,0.29009702801704407,-0.013562970794737339,0.5532525181770325,0.29228031635284424,-0.014245262369513512,0.5372629761695862,0.32952433824539185,-0.0010944585083052516,0.5386071801185608,0.3289300203323364,-0.0025407010689377785,0.5104551315307617,0.220039501786232,0.003738861531019211,0.5444795489311218,0.28960397839546204,-0.012692124582827091,0.5329428315162659,0.21956154704093933,-0.006443879101425409,0.5316319465637207,0.2131657898426056,-0.007349069695919752,0.5248643755912781,0.1770777851343155,0.0038959758821874857,0.5059110522270203,0.20916032791137695,0.012646330520510674,0.5294377207756042,0.19334277510643005,-0.0021722151432186365,0.5047878623008728,0.22832557559013367,0.01109904982149601,0.49977248907089233,0.22267185151576996,0.022437190636992455,0.5541083216667175,0.31727808713912964,-0.015571625903248787,0.5482332706451416,0.3200923800468445,-0.012784191407263279,0.5437248349189758,0.3233433961868286,-0.0094255730509758,0.5500978827476501,0.2915535569190979,-0.0124642513692379,0.5379564166069031,0.32923460006713867,-0.001859739189967513,0.5406519770622253,0.32929670810699463,-0.005422447342425585,0.5393348336219788,0.32859838008880615,-0.002715603681281209,0.5514088869094849,0.2867858409881592,-0.021127181127667427,0.5459006428718567,0.3252834975719452,-0.007313400041311979,0.5501934289932251,0.3237364888191223,-0.009459533728659153,0.5551456212997437,0.3229724168777466,-0.011223123408854008,0.5553726553916931,0.3457152247428894,-0.00843019224703312,0.5539488792419434,0.3348527252674103,-0.013292702846229076,0.5541201829910278,0.3300771415233612,-0.01369248516857624,0.5544611215591431,0.32606950402259827,-0.01212603971362114,0.5549977421760559,0.32305699586868286,-0.011289873160421848,0.5457533597946167,0.32535630464553833,-0.007331005297601223,0.544849157333374,0.3271012008190155,-0.008307581767439842,0.5438182950019836,0.329429030418396,-0.009330707602202892,0.5429753661155701,0.3322632908821106,-0.008565697818994522,0.5390505790710449,0.31251266598701477,-0.007452544756233692,0.49640655517578125,0.2943786680698395,0.058104000985622406,0.5618136525154114,0.29275718331336975,-0.01969115063548088,0.542550802230835,0.32693976163864136,-0.004703564569354057,0.5416826605796814,0.32801374793052673,-0.005338304676115513,0.5549980401992798,0.2954349219799042,-0.014573679305613041,0.5464951395988464,0.2944892346858978,-0.008711774833500385,0.5541966557502747,0.29389676451683044,-0.014544662088155746,0.5386037826538086,0.2684817910194397,-0.0022533107548952103,0.5296421051025391,0.27477431297302246,-0.0009384248987771571,0.5433349609375,0.2856265902519226,-0.010817923583090305,0.5101737976074219,0.18712882697582245,0.013421219773590565,0.5154260396957397,0.19897644221782684,0.004708577878773212,0.51961350440979,0.21441996097564697,-0.002153765643015504,0.5423717498779297,0.3391607105731964,-0.00505678728222847,0.5451546311378479,0.2133501023054123,-0.00985395535826683,0.5432741045951843,0.1911967694759369,-0.005995857063680887,0.5402080416679382,0.17176099121570587,-0.0014702765038236976,0.5196560621261597,0.25257575511932373,0.006436371710151434,0.5069922208786011,0.2617758512496948,0.014365477487444878,0.54334557056427,0.24618759751319885,0.003903058124706149,0.5109110474586487,0.24045446515083313,0.00920309592038393,0.5483246445655823,0.25688761472702026,-0.005740651395171881,0.5480200052261353,0.28208455443382263,-0.02093464508652687,0.5016709566116333,0.2685834467411041,0.020275836810469627,0.5113926529884338,0.2667090594768524,0.00918037910014391,0.5190452337265015,0.2686115801334381,0.00407346710562706,0.5298276543617249,0.26601874828338623,0.0016827336512506008,0.5376279354095459,0.26172229647636414,0.0006695147603750229,0.5434522032737732,0.25709331035614014,-0.0006584877846762538,0.5552472472190857,0.2446519136428833,-0.011258226819336414,0.5037815570831299,0.28577178716659546,0.018200069665908813,0.5065850615501404,0.24025854468345642,0.011821931228041649,0.5592645406723022,0.29048916697502136,-0.026541098952293396,0.5453090667724609,0.2702508866786957,-0.006368575152009726,0.4920136034488678,0.2559845447540283,0.055335454642772675,0.5477678179740906,0.2521008551120758,-0.0012823289725929499,0.5428521037101746,0.2866086959838867,-0.005132271442562342,0.5143204927444458,0.2455219030380249,0.010840716771781445,0.5477030277252197,0.2771376967430115,-0.018690427765250206,0.5001842975616455,0.314443439245224,0.05461614206433296,0.5432175993919373,0.2434154450893402,0.005350787658244371,0.5520926117897034,0.27169448137283325,-0.023901157081127167,0.5187602043151855,0.3492817282676697,0.01792311482131481,0.5192740559577942,0.36047327518463135,0.027376020327210426,0.49820151925086975,0.29052019119262695,0.0381685309112072,0.5116481184959412,0.3395090699195862,0.02540668100118637,0.49686399102211,0.23746129870414734,0.031084658578038216,0.5418410301208496,0.3724839985370636,-0.0004924046224914491,0.5597148537635803,0.2925693988800049,-0.019356979057192802,0.5405005216598511,0.2770043611526489,-0.004566152114421129,0.5011563897132874,0.2531966269016266,0.02273959293961525,0.5245886445045471,0.24872106313705444,0.004594913683831692,0.5295052528381348,0.24854223430156708,0.003258206881582737,0.5396679639816284,0.33092039823532104,-0.00459917401894927,0.5058115124702454,0.3027985692024231,0.01928241178393364,0.5519983172416687,0.3829638957977295,0.0006699333898723125,0.5352368354797363,0.37571340799331665,0.011873836629092693,0.5278505086898804,0.36978182196617126,0.018617330119013786,0.5586400628089905,0.19045479595661163,-0.006876407191157341,0.5632827281951904,0.3830827474594116,-0.0006507200305350125,0.5342550873756409,0.24722693860530853,0.0031107678078114986,0.5386937260627747,0.24536746740341187,0.003966985270380974,0.5416970252990723,0.2443038374185562,0.005187000147998333,0.5024652481079102,0.23926512897014618,0.017582830041646957,0.5375449657440186,0.2382173091173172,0.00318568991497159,0.532491147518158,0.23643195629119873,0.0020342939533293247,0.5275560617446899,0.2365366518497467,0.002172985579818487,0.5226436853408813,0.23846930265426636,0.0035000969655811787,0.5196147561073303,0.24103713035583496,0.0053749531507492065,0.4920172095298767,0.23511622846126556,0.0467497892677784,0.5212128758430481,0.24789966642856598,0.006369552109390497,0.5616342425346375,0.30195286870002747,-0.01477182935923338,0.5444738864898682,0.30687057971954346,-0.009911450557410717,0.5487481951713562,0.28858450055122375,-0.01553642563521862,0.5545026659965515,0.3029175400733948,-0.014573005959391594,0.5600151419639587,0.23349390923976898,-0.009105832315981388,0.5263819098472595,0.35894691944122314,0.011852645315229893,0.5338352918624878,0.3660508394241333,0.005919176619499922,0.5516336560249329,0.3762277662754059,-0.005939595866948366,0.5123239755630493,0.3497623801231384,0.03809991478919983,0.5413731336593628,0.2412368506193161,0.004456905648112297,0.5522260665893555,0.2575362026691437,-0.013226572424173355,0.5631572008132935,0.3762013614177704,-0.0070701767690479755,0.5430712103843689,0.38028213381767273,0.00505384337157011,0.5014164447784424,0.3089357614517212,0.03659180551767349,0.550056517124176,0.32384467124938965,-0.009532919153571129,0.5491244792938232,0.32639625668525696,-0.010545971803367138,0.5484230518341064,0.3297064006328583,-0.011773048900067806,0.5479405522346497,0.33394524455070496,-0.011301404796540737,0.5482243299484253,0.3430604040622711,-0.007600210607051849,0.5414154529571533,0.3268914222717285,-0.005303403828293085,0.5402178764343262,0.32659977674484253,-0.005359144415706396,0.5391883254051208,0.3260834813117981,-0.005335637833923101,0.5348904728889465,0.31956806778907776,-0.004053676035255194,0.5132153034210205,0.3050627112388611,0.00786604080349207,0.5518808364868164,0.25010183453559875,-0.008088460192084312,0.5473833084106445,0.2365063577890396,0.0016301346477121115,0.5436255931854248,0.23797506093978882,0.003603583900257945,0.5426788330078125,0.32695329189300537,-0.004690325353294611,0.5134561061859131,0.32603976130485535,0.015363235957920551,0.552757978439331,0.23541150987148285,-0.005489242263138294,0.5454016923904419,0.3531523048877716,-0.005145980045199394,0.561089813709259,0.2581878900527954,-0.023258784785866737,0.5558938384056091,0.2525665760040283,-0.016865244135260582,0.5607393383979797,0.2502962052822113,-0.0180305577814579,0.5488904118537903,0.27068769931793213,-0.013495983555912971,0.5628712177276611,0.36691322922706604,-0.009806400164961815,0.5624808669090271,0.35566917061805725,-0.009171991609036922,0.5538346767425537,0.3560531735420227,-0.008321172557771206,0.5324427485466003,0.3400889039039612,0.0008315281593240798,0.5383901000022888,0.294053852558136,-0.004227375146001577,0.538531482219696,0.34795674681663513,-0.0020596454851329327,0.5252172946929932,0.29498082399368286,-0.0022225063294172287,0.5331648588180542,0.3031758964061737,-0.0038686248008161783,0.5207304954528809,0.30956465005874634,0.0015387823805212975,0.5522332787513733,0.3671073317527771,-0.00851526577025652,0.5456776022911072,0.2759530246257782,-0.009757183492183685,0.5279101729393005,0.34814491868019104,0.005826030392199755,0.5354433059692383,0.3563022017478943,0.0018125015776604414,0.5275885462760925,0.3303937315940857,0.0019442636985331774,0.5079450607299805,0.317172646522522,0.020647386088967323,0.5207604169845581,0.333459734916687,0.007518835831433535,0.5053368210792542,0.32537829875946045,0.03339649364352226,0.5287308692932129,0.3147982954978943,-0.001904633012600243,0.5489140152931213,0.2637796998023987,-0.009505409747362137,0.5497466325759888,0.2854480445384979,-0.022187313064932823,0.5463878512382507,0.28821200132369995,-0.016309531405568123,0.5521166324615479,0.2795323431491852,-0.026084577664732933,0.5425232648849487,0.23005639016628265,-0.00012157554738223553,0.532762885093689,0.22596526145935059,-0.0014263761695474386,0.5243414044380188,0.22602145373821259,-0.001319522736594081,0.517524778842926,0.2288578450679779,0.0008803805103525519,0.5128452181816101,0.23365092277526855,0.004452642984688282,0.5107287764549255,0.2482159584760666,0.013055206276476383,0.49570557475090027,0.27254119515419006,0.037574924528598785,0.5160007476806641,0.25845691561698914,0.008523763157427311,0.522118091583252,0.25994783639907837,0.005155482795089483,0.5296611785888672,0.2590010464191437,0.0029363296926021576,0.5366800427436829,0.25617772340774536,0.0021635449957102537,0.5421240925788879,0.25267207622528076,0.0020612452644854784,0.5458724498748779,0.24943403899669647,0.0018493486568331718,0.4938964545726776,0.2752498388290405,0.05869712308049202,0.5465323328971863,0.2905485928058624,-0.013608033768832684,0.5525462031364441,0.2644158601760864,-0.017741793766617775,0.5536567568778992,0.28529560565948486,-0.02645033411681652,0.556535005569458,0.28951454162597656,-0.02432657591998577,0.5536335706710815,0.28694090247154236,-0.02379494160413742,0.548088014125824,0.2930045425891876,-0.011748921126127243,0.5575680136680603,0.2900887131690979,-0.025800611823797226,0.5580273270606995,0.29218658804893494,-0.01938687451183796,0.5452613234519958,0.2433144748210907,0.0045922729186713696,0.5486428141593933,0.24454468488693237,0.0013007702073082328,0.5507844686508179,0.24539370834827423,-0.002713569672778249,0.5179511308670044,0.24298618733882904,0.00729013979434967,0.5138806700706482,0.2401132881641388,0.007548244670033455,0.5655477046966553,0.25931793451309204,-0.021175814792513847,0.597969114780426,0.24087262153625488,0.010235229507088661,0.5666354894638062,0.2903677523136139,-0.01920391246676445,0.6191957592964172,0.2097766101360321,0.03924864903092384,0.5831584930419922,0.24866116046905518,0.0038074953481554985,0.5885902643203735,0.24922633171081543,0.0043623303063213825,0.5937487483024597,0.24857328832149506,0.006087102927267551,0.6003472208976746,0.2438080608844757,0.011120001785457134,0.5785200595855713,0.2465418577194214,0.00418492779135704,0.5900461673736572,0.2245265543460846,0.0020328396931290627,0.5838795304298401,0.22538110613822937,0.001932533923536539,0.595718264579773,0.22612230479717255,0.004091919399797916,0.5994146466255188,0.2294802963733673,0.00655738590285182,0.6051451563835144,0.248902827501297,0.013980022631585598,0.5823707580566406,0.36006370186805725,-0.002248920500278473,0.5997772812843323,0.2384800761938095,0.012185420840978622,0.6215385794639587,0.24644897878170013,0.039897799491882324,0.6112671494483948,0.24374182522296906,0.02002081647515297,0.5877635478973389,0.2809220254421234,-0.002312274184077978,0.5671868920326233,0.3124057650566101,-0.01570843905210495,0.5665310025215149,0.32029157876968384,-0.013381775468587875,0.574062168598175,0.3161885440349579,-0.012389011681079865,0.5786299705505371,0.32047852873802185,-0.00840417668223381,0.5719211101531982,0.3214139938354492,-0.011107799597084522,0.5762883424758911,0.32328304648399353,-0.007371176965534687,0.5851629376411438,0.331515371799469,-0.0007151218596845865,0.5664111375808716,0.2854403257369995,-0.028870714828372,0.5668370127677917,0.277154803276062,-0.030362285673618317,0.6066553592681885,0.22430111467838287,0.008829312399029732,0.576409637928009,0.2608295977115631,-0.0028876352589577436,0.5781261324882507,0.2835831344127655,-0.014781121164560318,0.578187108039856,0.27947258949279785,-0.012979470193386078,0.6043801307678223,0.28028154373168945,0.005419560708105564,0.5661837458610535,0.26735422015190125,-0.026739614084362984,0.5931416749954224,0.21595224738121033,-0.001531551475636661,0.6010053753852844,0.21864159405231476,0.0031586377881467342,0.6134701371192932,0.1937510371208191,0.02818983979523182,0.5697343945503235,0.22342723608016968,-0.0072495583444833755,0.578652024269104,0.22899788618087769,0.0034501662012189627,0.5893318057060242,0.3240804374217987,0.001268843887373805,0.6158164739608765,0.3271424174308777,0.051638636738061905,0.5742185711860657,0.288431316614151,-0.012851054780185223,0.5699396133422852,0.2912665009498596,-0.013882528059184551,0.5840331315994263,0.32759419083595276,0.0005390401347540319,0.5827077627182007,0.3271421790122986,-0.0011179378489032388,0.6037783026695251,0.2135830670595169,0.006363294553011656,0.5782352089881897,0.2875172793865204,-0.011832527816295624,0.5828426480293274,0.2169552445411682,-0.005092864856123924,0.5835256576538086,0.2103434056043625,-0.005975743290036917,0.5901547074317932,0.17294709384441376,0.005862636025995016,0.6094511151313782,0.20208340883255005,0.015528032556176186,0.5868452787399292,0.18949085474014282,-0.0005994607345201075,0.609807014465332,0.22079598903656006,0.014057429507374763,0.6155197024345398,0.214887335896492,0.025594335049390793,0.5670206546783447,0.31670406460762024,-0.015199870802462101,0.5729820132255554,0.3190520703792572,-0.012065509334206581,0.5774861574172974,0.3219190537929535,-0.008413991890847683,0.5728849768638611,0.2900945246219635,-0.011924352496862411,0.5833500027656555,0.32738009095191956,-0.0003643865347839892,0.580554723739624,0.3275702893733978,-0.004199380520731211,0.58196622133255,0.3268752992153168,-0.0013371130917221308,0.5718815922737122,0.28541943430900574,-0.020516367629170418,0.5753631591796875,0.32408297061920166,-0.006388860754668713,0.5710449814796448,0.32286936044692993,-0.008806002326309681,0.5660315155982971,0.3225143849849701,-0.010860063135623932,0.5688704252243042,0.34480446577072144,-0.008043843321502209,0.5670976042747498,0.3341926038265228,-0.012900501489639282,0.5668046474456787,0.32943159341812134,-0.013274061493575573,0.566419243812561,0.3254700005054474,-0.011738227680325508,0.5658336877822876,0.32254263758659363,-0.010916094295680523,0.5752503275871277,0.32411107420921326,-0.006400763988494873,0.5762587785720825,0.32569581270217896,-0.0073698945343494415,0.5772915482521057,0.32787591218948364,-0.008380211889743805,0.5781780481338501,0.3305729031562805,-0.007539036683738232,0.5835269689559937,0.3097614645957947,-0.006184712518006563,0.6215028762817383,0.28631532192230225,0.062075138092041016,0.5785937905311584,0.32548364996910095,-0.003526145126670599,0.5794981718063354,0.3264164626598358,-0.004169145133346319,0.568340003490448,0.29470300674438477,-0.014234209433197975,0.5762521624565125,0.2927376627922058,-0.008037754334509373,0.5691015720367432,0.29305708408355713,-0.014196740463376045,0.5823110938072205,0.265729695558548,-0.0009201731882058084,0.5914514064788818,0.2709656059741974,0.0008587101474404335,0.5790757536888123,0.28341975808143616,-0.00988695863634348,0.6041706204414368,0.1810607761144638,0.016264403238892555,0.6002451777458191,0.19323448836803436,0.007005893625319004,0.5947580933570862,0.20953524112701416,-9.151464473688975e-05,0.5809908509254456,0.33649230003356934,-0.00384072819724679,0.5710467100143433,0.21253171563148499,-0.009159659966826439,0.5735701322555542,0.189214825630188,-0.005168249364942312,0.5753466486930847,0.16958436369895935,-0.0004635880468413234,0.5979849100112915,0.24698278307914734,0.008722030557692051,0.611473560333252,0.2547256648540497,0.017234863713383675,0.5754381418228149,0.24446254968643188,0.004897768143564463,0.6049819588661194,0.23362857103347778,0.011798416264355183,0.5724989175796509,0.2552618980407715,-0.0049531166441738605,0.5749566555023193,0.2803196907043457,-0.02021178975701332,0.617167055606842,0.2610379457473755,0.023532258346676826,0.6077696084976196,0.2601378858089447,0.011886927299201488,0.6007834672927856,0.26306724548339844,0.006376098841428757,0.5903396606445312,0.2621944844722748,0.0034416087437421083,0.5825678110122681,0.2590193450450897,0.0020073966588824987,0.5767103433609009,0.2551906108856201,0.0003659755748230964,0.5654553771018982,0.24395790696144104,-0.010915093123912811,0.6165662407875061,0.27848052978515625,0.021449850872159004,0.6093271970748901,0.23302407562732697,0.014704329892992973,0.5645947456359863,0.29011955857276917,-0.026369992643594742,0.5761393904685974,0.26825910806655884,-0.005430213175714016,0.6230558156967163,0.2475092113018036,0.05951607972383499,0.5722679495811462,0.2507930099964142,-0.0005130883655510843,0.5793660283088684,0.28440234065055847,-0.004245908465236425,0.6021385788917542,0.23903712630271912,0.013345884159207344,0.5748208165168762,0.27534666657447815,-0.017947286367416382,0.6194778680801392,0.30659881234169006,0.058482568711042404,0.5752403140068054,0.24159663915634155,0.006387301255017519,0.5705412030220032,0.2704387605190277,-0.02335295081138611,0.6052498817443848,0.34304291009902954,0.020373480394482613,0.6048734188079834,0.3540476858615875,0.030118830502033234,0.6210992932319641,0.2824210822582245,0.04163248836994171,0.6115677356719971,0.33258047699928284,0.02825000323355198,0.6187265515327454,0.2294435203075409,0.034454818814992905,0.5839605331420898,0.3691437244415283,0.000706805323716253,0.5639046430587769,0.2923146188259125,-0.0192477498203516,0.581020712852478,0.27450454235076904,-0.0034119714982807636,0.6163148880004883,0.24564765393733978,0.025907160714268684,0.592964231967926,0.243980273604393,0.006596092134714127,0.5884132385253906,0.24474424123764038,0.005003367085009813,0.5815747976303101,0.3290507197380066,-0.0032589412294328213,0.6156226396560669,0.2956714928150177,0.022417278960347176,0.5744372606277466,0.3811356723308563,0.0014313930878415704,0.5903105735778809,0.3711041510105133,0.013634802773594856,0.5971817374229431,0.36421290040016174,0.020838329568505287,0.583869457244873,0.24426081776618958,0.004598274361342192,0.5795503854751587,0.24304330348968506,0.0052455393597483635,0.5767173171043396,0.2423872947692871,0.006315228063613176,0.6132099032402039,0.23144811391830444,0.020657898858189583,0.5798758864402771,0.2345636636018753,0.00453092809766531,0.5843396186828613,0.2316591441631317,0.0036050123162567616,0.5890251398086548,0.23106861114501953,0.0040193540044128895,0.5937475562095642,0.2324972003698349,0.005582335405051708,0.5966958999633789,0.23485784232616425,0.007578735239803791,0.6220199465751648,0.2266446202993393,0.050848789513111115,0.595954418182373,0.24250085651874542,0.008546033874154091,0.5784139037132263,0.3047868013381958,-0.008919063955545425,0.5743159055709839,0.28691214323043823,-0.01491395104676485,0.5687926411628723,0.30205070972442627,-0.014163577929139137,0.5982579588890076,0.3535687029361725,0.01387703325599432,0.5913535952568054,0.3615518808364868,0.007504291832447052,0.5745991468429565,0.3744261860847473,-0.005289559252560139,0.6107558608055115,0.342753142118454,0.041341040283441544,0.5767024755477905,0.23876476287841797,0.0056225028820335865,0.5692000389099121,0.2563990652561188,-0.012699277140200138,0.5829768776893616,0.3769054412841797,0.00637040613219142,0.6192547678947449,0.30111560225486755,0.039942651987075806,0.5708786249160767,0.32288748025894165,-0.008837224915623665,0.5718536376953125,0.3252922594547272,-0.009844610467553139,0.5726032853126526,0.3284725844860077,-0.011055652052164078,0.5731973052024841,0.3326587378978729,-0.010563204996287823,0.575606644153595,0.34109967947006226,-0.006686749868094921,0.5798961520195007,0.325279176235199,-0.004042265471071005,0.5810049772262573,0.32485532760620117,-0.003990706522017717,0.5820214748382568,0.3242218494415283,-0.0038683409802615643,0.5875148773193359,0.3162863254547119,-0.0023962457198649645,0.6088151931762695,0.2989192306995392,0.010646115057170391,0.5688298344612122,0.24898450076580048,-0.00752083258703351,0.5709275603294373,0.23521852493286133,0.002314099809154868,0.5743310451507568,0.23599274456501007,0.004552111495286226,0.5786746144294739,0.3255099058151245,-0.003495963988825679,0.6093507409095764,0.3195786476135254,0.018134992569684982,0.5661202073097229,0.23504555225372314,-0.005083942785859108,0.5791679620742798,0.35062074661254883,-0.004166157450526953,0.5655490756034851,0.25188732147216797,-0.016585122793912888,0.5730674862861633,0.2691221535205841,-0.012821026146411896,0.5711073875427246,0.3547694981098175,-0.007857998833060265,0.5909436941146851,0.33606138825416565,0.0025491006672382355,0.5838450193405151,0.2912745475769043,-0.003019927302375436,0.5854458808898926,0.34454041719436646,-0.000726889877114445,0.5968276262283325,0.2905037999153137,-0.0001961667148862034,0.5892454981803894,0.2997060716152191,-0.0022957799956202507,0.6017130017280579,0.3043729364871979,0.003841603873297572,0.5734570026397705,0.3655208349227905,-0.007918879389762878,0.576256275177002,0.2739810049533844,-0.008936133235692978,0.5961121916770935,0.34318652749061584,0.0078031765297055244,0.5891833901405334,0.35223835706710815,0.0033102103043347597,0.5953446626663208,0.3259435296058655,0.0040630195289850235,0.6142364740371704,0.310127317905426,0.023706944659352303,0.602494478225708,0.3278447389602661,0.009938481263816357,0.6166163682937622,0.31788647174835205,0.036613766103982925,0.5937987565994263,0.31072425842285156,3.8125839637359604e-05,0.5724814534187317,0.26223334670066833,-0.008767533116042614,0.5735111236572266,0.2838665246963501,-0.02150905318558216,0.5766037106513977,0.2862374484539032,-0.01558371540158987,0.5711613297462463,0.2782532274723053,-0.02549341879785061,0.5746445655822754,0.22801858186721802,0.0008301574271172285,0.5833149552345276,0.22255919873714447,2.5757961338968016e-05,0.5912020206451416,0.2214723378419876,0.0005566674517467618,0.5978087186813354,0.2232585847377777,0.0031426073983311653,0.6024631857872009,0.22723744809627533,0.006930605508387089,0.6060476303100586,0.2414083331823349,0.015715885907411575,0.6220744252204895,0.26424744725227356,0.04116971418261528,0.602238655090332,0.25239428877830505,0.010946123860776424,0.5968195199966431,0.2548026740550995,0.007296155672520399,0.589645266532898,0.255135715007782,0.0046929167583584785,0.5827315449714661,0.2534179985523224,0.0035215169191360474,0.5773343443870544,0.2506929039955139,0.003069699974730611,0.5735715627670288,0.24791789054870605,0.0026463305111974478,0.6224902272224426,0.26701289415359497,0.06286156922578812,0.5763538479804993,0.2886410653591156,-0.012887025251984596,0.56949383020401,0.2632843554019928,-0.017217721790075302,0.5699249505996704,0.28418830037117004,-0.026010818779468536,0.5670366287231445,0.28879913687705994,-0.024062173441052437,0.569831907749176,0.28589725494384766,-0.02335474081337452,0.5748093724250793,0.29132935404777527,-0.011137338355183601,0.5661731362342834,0.28951096534729004,-0.025582483038306236,0.565484881401062,0.2916732728481293,-0.019220437854528427,0.573343813419342,0.24181613326072693,0.005426099058240652,0.5705399513244629,0.24341441690921783,0.0019165122648701072,0.5688311457633972,0.24452683329582214,-0.0021701727528125048,0.5983926057815552,0.23676922917366028,0.009596506133675575,0.6019092202186584,0.2336898148059845,0.009985803626477718,0.5283688902854919,0.2410924881696701,0.0048524257726967335,0.5344451665878296,0.2402479648590088,0.0048524257726967335,0.5277169346809387,0.23391000926494598,0.0048524257726967335,0.5222072601318359,0.2418789565563202,0.0048524257726967335,0.5289584994316101,0.24821627140045166,0.0048524257726967335,0.5877724885940552,0.23678232729434967,0.006602991372346878,0.593550980091095,0.23678657412528992,0.006602991372346878,0.587743878364563,0.2292817384004593,0.006602991372346878,0.5820537805557251,0.236716628074646,0.006602991372346878,0.5878553986549377,0.24434959888458252,0.006602991372346878
700.0000000000001,0.5605625510215759,0.314352810382843,-0.016581710427999496,0.5625739097595215,0.28488630056381226,-0.029229380190372467,0.5621642470359802,0.2941538095474243,-0.015687795355916023,0.557070791721344,0.2588503956794739,-0.02140093967318535,0.5624157190322876,0.2762537896633148,-0.03089595027267933,0.5619762539863586,0.26562806963920593,-0.028409307822585106,0.5607302188873291,0.2408798635005951,-0.013208024203777313,0.5192309617996216,0.2450093924999237,0.007453021593391895,0.5599620342254639,0.22337831556797028,-0.009465971030294895,0.5595886707305908,0.21216002106666565,-0.010345721617341042,0.5580200552940369,0.16824917495250702,-0.0025901535991579294,0.5606144070625305,0.31762227416038513,-0.016063086688518524,0.5606671571731567,0.321051687002182,-0.014310487546026707,0.5607681274414062,0.3234417140483856,-0.011610660701990128,0.5606480836868286,0.3235386610031128,-0.011416598223149776,0.5607628226280212,0.3269555866718292,-0.012123276479542255,0.5608816146850586,0.3312428891658783,-0.01341292168945074,0.5610193014144897,0.3360583484172821,-0.012760793790221214,0.562856912612915,0.34597623348236084,-0.007600948214530945,0.5625328421592712,0.2895927429199219,-0.0265505351126194,0.5574092268943787,0.2900856137275696,-0.019286327064037323,0.49439650774002075,0.21650706231594086,0.03436700627207756,0.5358481407165527,0.24973665177822113,0.002022173022851348,0.530366063117981,0.25142884254455566,0.002213485771790147,0.5249055624008179,0.25187402963638306,0.0035984066780656576,0.5171496272087097,0.24822530150413513,0.008153321221470833,0.5404087901115417,0.24693289399147034,0.0027608568780124187,0.5259585380554199,0.2275247871875763,-0.0002305064263055101,0.5325318574905396,0.22744610905647278,0.0001130217278841883,0.5200868844985962,0.23001708090305328,0.0014617018168792129,0.5163930654525757,0.23394782841205597,0.0037394727114588022,0.5130429267883301,0.25403159856796265,0.010767501778900623,0.5436224937438965,0.3632964491844177,-0.002931154565885663,0.5169550180435181,0.24289318919181824,0.00925430003553629,0.4948084056377411,0.2536318600177765,0.035450279712677,0.5060431957244873,0.24951563775539398,0.016396064311265945,0.5347285866737366,0.2833963632583618,-0.004013651516288519,0.5540771484375,0.312898188829422,-0.01602991484105587,0.5549981594085693,0.3211928606033325,-0.013750819489359856,0.5476903319358826,0.3170112669467926,-0.013227812945842743,0.5434645414352417,0.32150140404701233,-0.009701536037027836,0.5500332713127136,0.3224985599517822,-0.011890796013176441,0.5459764003753662,0.3244394361972809,-0.00852886401116848,0.5386558771133423,0.33474409580230713,-0.002353409305214882,0.5581154227256775,0.2850819230079651,-0.02884836308658123,0.5573137402534485,0.2768932282924652,-0.03037644922733307,0.5086376667022705,0.23001055419445038,0.005439360626041889,0.5449474453926086,0.261807918548584,-0.004064611624926329,0.5454646944999695,0.2848830819129944,-0.01563951186835766,0.5449745655059814,0.2807695269584656,-0.013881314545869827,0.5176061391830444,0.28511202335357666,0.00240783067420125,0.5572054386138916,0.2670169472694397,-0.026874540373682976,0.5220851898193359,0.21901145577430725,-0.0040151942521333694,0.5140590071678162,0.2232927680015564,0.00011279060709057376,0.5003969669342041,0.19965550303459167,0.023801011964678764,0.5476626753807068,0.22221922874450684,-0.008114037103950977,0.5383357405662537,0.23015958070755005,0.0019875860307365656,0.5342563390731812,0.327606737613678,-0.0008475925424136221,0.5055810809135437,0.3343149721622467,0.04710337892174721,0.5495500564575195,0.28920429944992065,-0.01350707933306694,0.553932785987854,0.2913682758808136,-0.014134924858808517,0.5386241674423218,0.32886987924575806,-0.0014205222250893712,0.5399226546287537,0.3284080922603607,-0.002848294796422124,0.510674238204956,0.21894866228103638,0.003116582054644823,0.5452850461006165,0.28877633810043335,-0.012689782306551933,0.5331118106842041,0.21803629398345947,-0.0067768944427371025,0.5317686200141907,0.21177008748054504,-0.007685648277401924,0.5250242948532104,0.1756027638912201,0.003346462035551667,0.5060940980911255,0.20779763162136078,0.011913350783288479,0.5296918749809265,0.1919824182987213,-0.002612664829939604,0.5049347877502441,0.22706374526023865,0.01040054950863123,0.4998632073402405,0.22134029865264893,0.02160702273249626,0.5544057488441467,0.3174161911010742,-0.015554167330265045,0.5488677620887756,0.3199828267097473,-0.012881657108664513,0.5446769595146179,0.32301369309425354,-0.00962462555617094,0.5508368611335754,0.29066482186317444,-0.012402874417603016,0.5392966270446777,0.3286518454551697,-0.0021794307976961136,0.5418443083763123,0.32910603284835815,-0.005572758615016937,0.5406196713447571,0.32814523577690125,-0.003011282766237855,0.5520754456520081,0.285846084356308,-0.021027440205216408,0.546929657459259,0.3253421485424042,-0.007504595443606377,0.5509225726127625,0.32408463954925537,-0.009563359431922436,0.555595338344574,0.32351332902908325,-0.011227495037019253,0.5561341047286987,0.3462231755256653,-0.007706410251557827,0.5546461343765259,0.3360110819339752,-0.012736647389829159,0.5547242164611816,0.3311510682106018,-0.013254106976091862,0.5550071597099304,0.3269027769565582,-0.011789089068770409,0.5555075407028198,0.3236618638038635,-0.011022141203284264,0.546833872795105,0.32545480132102966,-0.007327893748879433,0.545906126499176,0.3272722363471985,-0.008244890719652176,0.5448616743087769,0.3296511173248291,-0.009228378534317017,0.5440239906311035,0.33247965574264526,-0.008470648899674416,0.5400366187095642,0.31209275126457214,-0.00766712473705411,0.49615153670310974,0.29354116320610046,0.056958455592393875,0.5623593926429749,0.2917887568473816,-0.019497480243444443,0.5438196659088135,0.32673993706703186,-0.004868826828896999,0.5428853034973145,0.32783815264701843,-0.005477333907037973,0.5556603074073792,0.29453355073928833,-0.014427168294787407,0.5472753047943115,0.2937004268169403,-0.008685474283993244,0.5548644065856934,0.2929879426956177,-0.01441821176558733,0.5391505360603333,0.26744893193244934,-0.002495193388313055,0.5302559733390808,0.273881196975708,-0.0012664578389376402,0.5441116094589233,0.2847871482372284,-0.010852665640413761,0.5102948546409607,0.1856352686882019,0.01267801783978939,0.5156696438789368,0.1976032257080078,0.0041077109053730965,0.5197991132736206,0.21324509382247925,-0.002653807867318392,0.5432578325271606,0.3394296169281006,-0.004966238047927618,0.545232892036438,0.21168354153633118,-0.01006621215492487,0.543493926525116,0.18983936309814453,-0.006288660690188408,0.5403347015380859,0.17029064893722534,-0.0018360487883910537,0.5200875401496887,0.2509975731372833,0.005926412530243397,0.5073755979537964,0.26050910353660583,0.01367870531976223,0.5433768630027771,0.2443893849849701,0.0036008707247674465,0.5112270712852478,0.23894217610359192,0.008575212210416794,0.5487548112869263,0.25574183464050293,-0.005886077415198088,0.5487314462661743,0.2811521887779236,-0.020857982337474823,0.5018897652626038,0.26768457889556885,0.019483912736177444,0.5119872689247131,0.26560157537460327,0.00857438612729311,0.5198047161102295,0.2675827741622925,0.00357987591996789,0.5305503606796265,0.26479610800743103,0.0013032458955422044,0.5381876826286316,0.2603183686733246,0.0003671593149192631,0.5438335537910461,0.2556251585483551,-0.0009004492894746363,0.5556318759918213,0.2434844970703125,-0.011300432495772839,0.5041245222091675,0.2850964665412903,0.017450014129281044,0.5067837238311768,0.2387973964214325,0.011132526211440563,0.5598514676094055,0.2895388603210449,-0.026331452652812004,0.5458676815032959,0.26922959089279175,-0.006489159073680639,0.4917367100715637,0.2548004686832428,0.054176654666662216,0.5480446815490723,0.250628799200058,-0.0014937862288206816,0.5436076521873474,0.2857834994792938,-0.005208316724747419,0.5146380066871643,0.24374696612358093,0.01023764070123434,0.5483893752098083,0.27618786692619324,-0.018642878159880638,0.4999677538871765,0.3138501048088074,0.0535665787756443,0.5431565046310425,0.24155549705028534,0.005027238745242357,0.5527066588401794,0.27070552110671997,-0.023787599056959152,0.5191563963890076,0.34945279359817505,0.017606329172849655,0.5193878412246704,0.36080387234687805,0.026928825303912163,0.49816444516181946,0.28979310393333435,0.03724665939807892,0.5119807720184326,0.3395010232925415,0.024872682988643646,0.496864378452301,0.2362101972103119,0.03018522448837757,0.542457103729248,0.3728559911251068,-4.533639730652794e-05,0.5602849125862122,0.2916094660758972,-0.019182469695806503,0.541134774684906,0.27606457471847534,-0.0047118873335421085,0.5011917352676392,0.2515593469142914,0.021930702030658722,0.5250329971313477,0.247105672955513,0.004149726126343012,0.529901921749115,0.24688564240932465,0.0028568727429956198,0.540876030921936,0.33067864179611206,-0.004777864553034306,0.5062358975410461,0.30228400230407715,0.018576133996248245,0.5526174306869507,0.38353821635246277,0.001324371318332851,0.5355678200721741,0.3761969208717346,0.012004656717181206,0.5280526280403137,0.3702182173728943,0.018464049324393272,0.5587862133979797,0.18905490636825562,-0.0070390040054917336,0.5640193819999695,0.38360118865966797,0.00015770416939631104,0.534539520740509,0.24549907445907593,0.00274319457821548,0.538828432559967,0.24355702102184296,0.0036218466702848673,0.5417178869247437,0.24245105683803558,0.004849639255553484,0.5024758577346802,0.23769930005073547,0.01681920513510704,0.5375824570655823,0.236117422580719,0.0028501776978373528,0.5325934290885925,0.23423688113689423,0.001673433929681778,0.5276878476142883,0.23439818620681763,0.0017806030809879303,0.5228247046470642,0.2364383339881897,0.003056182060390711,0.5198512077331543,0.23910094797611237,0.004892832599580288,0.4917891025543213,0.23377390205860138,0.045651860535144806,0.5216350555419922,0.24624885618686676,0.005883167497813702,0.5622203350067139,0.30109748244285583,-0.014577922411262989,0.5453436374664307,0.3062934875488281,-0.009975257329642773,0.5494834780693054,0.28766968846321106,-0.015480749309062958,0.5552214980125427,0.3021414279937744,-0.014430845156311989,0.5603061318397522,0.23228397965431213,-0.009142537601292133,0.5268110632896423,0.3591924011707306,0.01178076770156622,0.5343250632286072,0.3663734793663025,0.006110863294452429,0.5523399710655212,0.3766384720802307,-0.005252516362816095,0.5123711824417114,0.349870890378952,0.037383731454610825,0.5413380265235901,0.23931454122066498,0.004121256526559591,0.5526991486549377,0.2564380466938019,-0.013250818476080894,0.5639025568962097,0.3765909671783447,-0.006252901162952185,0.5435532331466675,0.38082045316696167,0.005466969683766365,0.5014310479164124,0.3084254860877991,0.035748306661844254,0.5508491396903992,0.32424989342689514,-0.009391440078616142,0.5499366521835327,0.3269519507884979,-0.010335545986890793,0.5492498874664307,0.3303956687450409,-0.011501427739858627,0.548819363117218,0.33470168709754944,-0.010989510454237461,0.5490331649780273,0.34347712993621826,-0.007220033556222916,0.5426610708236694,0.3265136182308197,-0.005583225283771753,0.541438639163971,0.32607799768447876,-0.005658148787915707,0.5403912663459778,0.3254340589046478,-0.005634703207761049,0.5359941720962524,0.31934887170791626,-0.004361514933407307,0.5139310956001282,0.30458685755729675,0.007365205325186253,0.5522810220718384,0.24893371760845184,-0.008189543150365353,0.5473968982696533,0.23473161458969116,0.001374811283312738,0.5435688495635986,0.2361062616109848,0.0032825565431267023,0.5439081192016602,0.32673314213752747,-0.004960887134075165,0.5140883922576904,0.325838565826416,0.01487945206463337,0.5528813004493713,0.23378753662109375,-0.005627281963825226,0.5461703538894653,0.35340845584869385,-0.004689788445830345,0.561551034450531,0.2571140229701996,-0.02309495396912098,0.5563390851020813,0.25145289301872253,-0.01682533137500286,0.5611453652381897,0.2491678148508072,-0.017937857657670975,0.5494801998138428,0.2696778178215027,-0.013507447205483913,0.5636166930198669,0.36719340085983276,-0.00894597452133894,0.5632144808769226,0.3560035228729248,-0.008302534930408001,0.5546143651008606,0.3563767671585083,-0.007560207042843103,0.533243715763092,0.3401505947113037,0.0007249099435284734,0.539182186126709,0.2933250367641449,-0.004335315432399511,0.5392815470695496,0.3481135666370392,-0.0018919804133474827,0.5260347723960876,0.2943630814552307,-0.0024536054115742445,0.5340549945831299,0.30261653661727905,-0.00406399741768837,0.5216281414031982,0.30914604663848877,0.0012330211466178298,0.5530126690864563,0.3673819899559021,-0.00778442807495594,0.546322226524353,0.27499687671661377,-0.009812366217374802,0.5285440683364868,0.3482688069343567,0.005729923956096172,0.5360863208770752,0.35649219155311584,0.0020094665233045816,0.5284894108772278,0.3303346037864685,0.0016871944535523653,0.508407473564148,0.3168194890022278,0.020012009888887405,0.5214734077453613,0.33342552185058594,0.0072090052999556065,0.5054775476455688,0.325103759765625,0.03265153244137764,0.5297361612319946,0.3144829273223877,-0.0021745844278484583,0.5494205951690674,0.2627071738243103,-0.009585843421518803,0.5504419803619385,0.2845146358013153,-0.022088054567575455,0.5471604466438293,0.2873244285583496,-0.016264595091342926,0.5527773499488831,0.2785789668560028,-0.025939254090189934,0.5425464510917664,0.22822703421115875,-0.00041718632564879954,0.5328818559646606,0.22430726885795593,-0.0017943907296285033,0.5245581865310669,0.2245546579360962,-0.001759653096087277,0.5178223848342896,0.22748881578445435,0.0003675033512990922,0.5131999254226685,0.23225104808807373,0.003872286295518279,0.5110125541687012,0.2465994507074356,0.012398015707731247,0.49565398693084717,0.27160921692848206,0.03661656752228737,0.5165026783943176,0.2570626735687256,0.00796133279800415,0.522679328918457,0.2586207389831543,0.004671851638704538,0.5301972031593323,0.2575441598892212,0.0025389627553522587,0.5370837450027466,0.2545812427997589,0.0018380533438175917,0.5423551797866821,0.25100889801979065,0.0017741905758157372,0.5460125803947449,0.24777081608772278,0.001594903296791017,0.4936370253562927,0.27422893047332764,0.05752132087945938,0.5473171472549438,0.28969353437423706,-0.013576358556747437,0.5530847907066345,0.2633749842643738,-0.017703307792544365,0.5543030500411987,0.28435221314430237,-0.026283664628863335,0.5571277737617493,0.2885659635066986,-0.024144941940903664,0.5542676448822021,0.2859956622123718,-0.023649083450436592,0.5488563179969788,0.2921687066555023,-0.011699557304382324,0.5581651926040649,0.28914499282836914,-0.02560225874185562,0.5586113333702087,0.29124101996421814,-0.01922503300011158,0.5452092885971069,0.24150270223617554,0.004300068132579327,0.5487155914306641,0.24286505579948425,0.0010681701824069023,0.5509812235832214,0.24387823045253754,-0.0028886194340884686,0.5182243585586548,0.24111437797546387,0.006771594285964966,0.514220118522644,0.23847196996212006,0.0069975838996469975,0.5659500956535339,0.25822240114212036,-0.020980095490813255,0.597990870475769,0.239362433552742,0.010355106554925442,0.5670797824859619,0.2893754243850708,-0.01897987723350525,0.6191193461418152,0.20780843496322632,0.03926016762852669,0.5832509398460388,0.24714630842208862,0.003880213014781475,0.5886913537979126,0.24772001802921295,0.004469510167837143,0.5938423871994019,0.24706387519836426,0.006210292223840952,0.6003773808479309,0.24230778217315674,0.01123853400349617,0.5785849094390869,0.24500717222690582,0.004204904194921255,0.5900784134864807,0.22299706935882568,0.00215146760456264,0.5838967561721802,0.22381387650966644,0.0019897567108273506,0.595755934715271,0.2246292233467102,0.0042254189029335976,0.5994557738304138,0.22799932956695557,0.006693257950246334,0.6052209734916687,0.24738557636737823,0.014087035320699215,0.5828737020492554,0.3599250912666321,-0.0014869276201352477,0.5997829437255859,0.23699060082435608,0.012293998152017593,0.6215817928314209,0.2446681261062622,0.039946623146533966,0.6112990975379944,0.24214473366737366,0.020113693550229073,0.5878249406814575,0.27980852127075195,-0.002066916786134243,0.5670201182365417,0.31236177682876587,-0.015531367622315884,0.5664675831794739,0.32071882486343384,-0.013290192931890488,0.5736350417137146,0.31600046157836914,-0.012203836813569069,0.5779536962509155,0.32010412216186523,-0.0082447100430727,0.5715665817260742,0.32166653871536255,-0.01101081632077694,0.5756344795227051,0.3232928216457367,-0.007292104884982109,0.5852652192115784,0.3312244415283203,-0.00041935767512768507,0.5669286847114563,0.2844507694244385,-0.02859017625451088,0.5673403143882751,0.27615490555763245,-0.030069513246417046,0.6066966652870178,0.22273048758506775,0.008948815986514091,0.576548159122467,0.2595753073692322,-0.0027948429342359304,0.5782611966133118,0.28254175186157227,-0.014498972333967686,0.5783030390739441,0.2784174382686615,-0.012715901248157024,0.6043115258216858,0.2791348397731781,0.005623370409011841,0.5666338801383972,0.26631245017051697,-0.026475684717297554,0.5931877493858337,0.21431615948677063,-0.0014775919262319803,0.6010439991950989,0.217058464884758,0.0032377804163843393,0.6132928133010864,0.19183063507080078,0.02820419706404209,0.5698133111000061,0.22175279259681702,-0.007277414668351412,0.5786636471748352,0.22740864753723145,0.003462374908849597,0.5892759561538696,0.32362234592437744,0.00150844338349998,0.6159959435462952,0.32614588737487793,0.05171411484479904,0.5743973255157471,0.2874176502227783,-0.012610961683094501,0.5702260732650757,0.29027003049850464,-0.01367896143347025,0.5829930901527405,0.3269835114479065,0.0006697337958030403,0.5816942453384399,0.3266819715499878,-0.0010132334427908063,0.6037958860397339,0.21194346249103546,0.006433746311813593,0.578315794467926,0.2865089476108551,-0.011565675027668476,0.5828923583030701,0.21526049077510834,-0.005065809469670057,0.583565890789032,0.20860737562179565,-0.005938463844358921,0.5899751782417297,0.17125435173511505,0.0058386921882629395,0.60926753282547,0.2003210186958313,0.015557984821498394,0.5867450833320618,0.18793298304080963,-0.0006142088095657527,0.6098182201385498,0.2191460132598877,0.014169860631227493,0.6153974533081055,0.21307802200317383,0.025645021349191666,0.5668964982032776,0.3168807327747345,-0.015069817192852497,0.5726019740104675,0.31906187534332275,-0.011933854781091213,0.5768387317657471,0.32172292470932007,-0.008299552835524082,0.5730729699134827,0.28909212350845337,-0.01170587632805109,0.582326352596283,0.3268500864505768,-0.00025524498778395355,0.5798342227935791,0.32740354537963867,-0.003978113643825054,0.5809685587882996,0.32648685574531555,-0.0012287517311051488,0.5722009539604187,0.28439345955848694,-0.020232416689395905,0.5747280716896057,0.3242354094982147,-0.00630141468718648,0.5707274079322815,0.3232811987400055,-0.008705868385732174,0.5660192966461182,0.3230823278427124,-0.010753861628472805,0.5695091485977173,0.3451935052871704,-0.007215429563075304,0.5675351023674011,0.3353673815727234,-0.012227155268192291,0.5670928955078125,0.33051344752311707,-0.012710788287222385,0.5665587186813354,0.3263205289840698,-0.01127665676176548,0.5658919811248779,0.3231676518917084,-0.010533353313803673,0.5746651887893677,0.324294775724411,-0.00611494155600667,0.5757606625556946,0.3259107768535614,-0.00701783737167716,0.5769124031066895,0.3281159996986389,-0.007975049316883087,0.5779067277908325,0.33078786730766296,-0.007115648128092289,0.5835931301116943,0.30904245376586914,-0.0059944321401417255,0.6215835809707642,0.28477951884269714,0.06204088777303696,0.5777474641799927,0.3253646492958069,-0.00333382748067379,0.5787287950515747,0.32628771662712097,-0.003946796990931034,0.5686972141265869,0.2937227189540863,-0.013989304192364216,0.5763528943061829,0.2917661666870117,-0.007798041682690382,0.5694248080253601,0.2920689582824707,-0.013980343006551266,0.5823827981948853,0.2644856572151184,-0.0007969608413986862,0.5914761424064636,0.26975351572036743,0.001020077965222299,0.5791533589363098,0.28238824009895325,-0.009634394198656082,0.6039473414421082,0.17923498153686523,0.01626678928732872,0.6000633835792542,0.19155579805374146,0.007021013647317886,0.5947863459587097,0.20785723626613617,-3.5904951801057905e-05,0.5812981128692627,0.3364223539829254,-0.003378746099770069,0.5710974931716919,0.21078194677829742,-0.009178566746413708,0.573585033416748,0.18775102496147156,-0.005238321144133806,0.5752675533294678,0.16799721121788025,-0.0005642566829919815,0.5980437994003296,0.2454746812582016,0.008847078308463097,0.6115679144859314,0.25319838523864746,0.017365753650665283,0.5754826068878174,0.24290771782398224,0.004896458238363266,0.6050177812576294,0.23210129141807556,0.011908589862287045,0.5726845860481262,0.2540038228034973,-0.004877706989645958,0.5752125978469849,0.2792665660381317,-0.019916502758860588,0.6171993017196655,0.25951889157295227,0.023665545508265495,0.6079241037368774,0.25868985056877136,0.012050878256559372,0.6009922623634338,0.2616846561431885,0.006539434194564819,0.5905545949935913,0.26084721088409424,0.003561190562322736,0.5827686190605164,0.25766170024871826,0.002090082038193941,0.5769006609916687,0.25382620096206665,0.0004133085603825748,0.565742552280426,0.24274706840515137,-0.010861731134355068,0.6165921092033386,0.27716952562332153,0.021615181118249893,0.6093599796295166,0.23142550885677338,0.014817257411777973,0.5651254653930664,0.28913938999176025,-0.026111194863915443,0.5762940049171448,0.26708880066871643,-0.005281852558255196,0.6230981945991516,0.2456551343202591,0.059488896280527115,0.5724475979804993,0.24941028654575348,-0.0004966527340002358,0.5794174075126648,0.2833726108074188,-0.00402690889313817,0.6021503806114197,0.2375374287366867,0.0134439617395401,0.575043261051178,0.2742692530155182,-0.017680007964372635,0.6196306943893433,0.3052771985530853,0.058483272790908813,0.5752579569816589,0.24000504612922668,0.006373455747961998,0.5708926916122437,0.2693691849708557,-0.02307603321969509,0.6055779457092285,0.34252822399139404,0.0207290668040514,0.6053488254547119,0.35361385345458984,0.030433768406510353,0.6212745904922485,0.2809847891330719,0.041707009077072144,0.6117842197418213,0.3318648934364319,0.02850313112139702,0.6186932921409607,0.22761711478233337,0.03449259325861931,0.5845707654953003,0.3690929114818573,0.0014815026661381125,0.5644161105155945,0.2913360297679901,-0.019044524058699608,0.5811063647270203,0.2733556628227234,-0.0032303761690855026,0.6163210868835449,0.24398745596408844,0.026002533733844757,0.5930327773094177,0.2424454689025879,0.006716681178659201,0.5884944796562195,0.24320337176322937,0.005104441661387682,0.5808901190757751,0.32879534363746643,-0.0030384566634893417,0.6156367063522339,0.29451578855514526,0.02259286306798458,0.5752093195915222,0.3814643323421478,0.0022852267138659954,0.591016411781311,0.3710018992424011,0.014262231066823006,0.5978233218193054,0.36395180225372314,0.02130788564682007,0.5839380621910095,0.24270817637443542,0.004657937213778496,0.5795888900756836,0.2414691299200058,0.005268234293907881,0.5767391324043274,0.24080316722393036,0.006307454314082861,0.6131961345672607,0.2297743260860443,0.020768271759152412,0.5798767805099487,0.23303042352199554,0.004562270827591419,0.5843546390533447,0.2301883101463318,0.0036756398621946573,0.5890524387359619,0.2296464741230011,0.004122798331081867,0.5937666893005371,0.23109498620033264,0.005704931449145079,0.5967082977294922,0.2334357351064682,0.007712115067988634,0.622028648853302,0.22468821704387665,0.05083410441875458,0.595997154712677,0.24097466468811035,0.008667136542499065,0.5785922408103943,0.3039846122264862,-0.008678950369358063,0.5745217800140381,0.2858852744102478,-0.01466927770525217,0.5692207217216492,0.3011794984340668,-0.01390072237700224,0.5987153053283691,0.353180468082428,0.014346963725984097,0.5918923616409302,0.36130809783935547,0.008130798116326332,0.5752894878387451,0.3746114671230316,-0.00443143118172884,0.6110512614250183,0.34208470582962036,0.04150503873825073,0.5767125487327576,0.23718580603599548,0.005622992757707834,0.5694802403450012,0.25522688031196594,-0.01256941445171833,0.5837344527244568,0.3770100474357605,0.007154741324484348,0.6194729804992676,0.29988306760787964,0.040041808038949966,0.5706250071525574,0.32335251569747925,-0.008489739149808884,0.5717020630836487,0.32588595151901245,-0.009413343854248524,0.5726010799407959,0.329183429479599,-0.010547877289354801,0.573347270488739,0.3334311544895172,-0.010000457987189293,0.57609623670578,0.34126877784729004,-0.006036658771336079,0.578940212726593,0.32501885294914246,-0.0039698341861367226,0.5800756812095642,0.32444435358047485,-0.0039011226035654545,0.581088125705719,0.32367855310440063,-0.0037525026127696037,0.5874683856964111,0.31568643450737,-0.0022116240579634905,0.6087334156036377,0.297892302274704,0.010881036520004272,0.569068431854248,0.24774350225925446,-0.007467664312571287,0.5709797739982605,0.23363398015499115,0.0022562250960618258,0.574349045753479,0.23439832031726837,0.0045295534655451775,0.5777605175971985,0.32538920640945435,-0.0034135598689317703,0.6093680262565613,0.31876450777053833,0.018397236242890358,0.5662464499473572,0.2335158884525299,-0.00509917875751853,0.579646110534668,0.35056397318840027,-0.0034287632443010807,0.5658974647521973,0.250732958316803,-0.01646237075328827,0.5732988119125366,0.2680034935474396,-0.012632627971470356,0.5717169046401978,0.3549354076385498,-0.006972845643758774,0.5911639928817749,0.3356509208679199,0.0029307855293154716,0.5838866233825684,0.2902853786945343,-0.002767788013443351,0.5858119130134583,0.34427663683891296,-0.0001696765684755519,0.5967919230461121,0.28949201107025146,0.00010884502262342721,0.5892603397369385,0.29881730675697327,-0.002036918420344591,0.6016108393669128,0.30348214507102966,0.004154939670115709,0.5740817189216614,0.36560767889022827,-0.007028460502624512,0.5763973593711853,0.272877961397171,-0.008738844655454159,0.5964255332946777,0.3427559435367584,0.00823746994137764,0.5896185040473938,0.35193803906440735,0.003916589077562094,0.59539794921875,0.3253917992115021,0.0043760742992162704,0.614270806312561,0.30912116169929504,0.023900944739580154,0.6026033759117126,0.3272354304790497,0.010265977121889591,0.6168301105499268,0.3168848156929016,0.03676842898130417,0.5937251448631287,0.30999183654785156,0.00029939267551526427,0.5726988315582275,0.26105210185050964,-0.008631122298538685,0.5738075375556946,0.28283175826072693,-0.021211672574281693,0.5767693519592285,0.2852082848548889,-0.015311782248318195,0.5715456604957581,0.27721652388572693,-0.025203481316566467,0.5746816992759705,0.22638863325119019,0.0007984513067640364,0.5833572745323181,0.22096167504787445,3.845092578558251e-05,0.5912516713142395,0.21992965042591095,0.0006222667871043086,0.5978522300720215,0.2217516154050827,0.0032436158508062363,0.6024981737136841,0.22573140263557434,0.007039697840809822,0.6060837507247925,0.23987704515457153,0.01580611616373062,0.622184693813324,0.2626241445541382,0.041239187121391296,0.602344810962677,0.25091487169265747,0.011076506227254868,0.5969626307487488,0.2533448338508606,0.007417595479637384,0.5897960066795349,0.2536930739879608,0.0047916690818965435,0.5828688144683838,0.2519661486148834,0.00359465554356575,0.5774538516998291,0.2492268830537796,0.0030909148044884205,0.5736808776855469,0.2464456707239151,0.0026470355223864317,0.6225234270095825,0.2653176188468933,0.06282440572977066,0.576483964920044,0.2876347303390503,-0.012631358578801155,0.5698162913322449,0.26217058300971985,-0.01702149212360382,0.5703465938568115,0.2831701338291168,-0.02571597322821617,0.5675008893013,0.28779926896095276,-0.023808369413018227,0.5702267289161682,0.2848812937736511,-0.02307806722819805,0.574946403503418,0.29034173488616943,-0.010901058092713356,0.5666710138320923,0.28852060437202454,-0.02532365918159485,0.5659615993499756,0.29068857431411743,-0.019006995484232903,0.5733810067176819,0.24024225771427155,0.005401797126978636,0.5706329941749573,0.24191170930862427,0.0018873191438615322,0.568981945514679,0.24309557676315308,-0.0021859235130250454,0.5984017252922058,0.23531633615493774,0.009719157591462135,0.6019386053085327,0.23219510912895203,0.010108981281518936,0.5283958315849304,0.23958176374435425,0.0044365678913891315,0.534414529800415,0.23865142464637756,0.0044365678913891315,0.5277078151702881,0.23217669129371643,0.0044365678913891315,0.52229243516922,0.24045373499393463,0.0044365678913891315,0.529029130935669,0.2469303011894226,0.0044365678913891315,0.5878208875656128,0.2353018820285797,0.006679021753370762,0.5936052203178406,0.23527193069458008,0.006679021753370762,0.587734043598175,0.22773624956607819,0.006679021753370762,0.5820958018302917,0.2352668195962906,0.006679021753370762,0.5879565477371216,0.2429233193397522,0.006679021753370762
733.3333333333335,0.5603359937667847,0.3155139982700348,-0.016706744208931923,0.5629308223724365,0.28590044379234314,-0.029938573017716408,0.5624561905860901,0.29517489671707153,-0.01605169288814068,0.557266891002655,0.2587752044200897,-0.022113723680377007,0.5627740025520325,0.27702873945236206,-0.03167129307985306,0.5623140335083008,0.2659643888473511,-0.029212726280093193,0.5609572529792786,0.239985853433609,-0.013882900588214397,0.5190211534500122,0.24261154234409332,0.007199190091341734,0.5600973963737488,0.22154384851455688,-0.010159091092646122,0.5596990585327148,0.2101011723279953,-0.011109583079814911,0.5581648349761963,0.16637414693832397,-0.0036727257538586855,0.5604478716850281,0.31953856348991394,-0.01615135185420513,0.5605884790420532,0.32395219802856445,-0.01436951570212841,0.5607539415359497,0.327025830745697,-0.011663030833005905,0.5605621337890625,0.3274204730987549,-0.010884596966207027,0.5607045292854309,0.3315027952194214,-0.011618251912295818,0.5608784556388855,0.33643439412117004,-0.012840842828154564,0.5610863566398621,0.34176093339920044,-0.012002233415842056,0.5632188320159912,0.3507685661315918,-0.006594571750611067,0.5628712773323059,0.2906535863876343,-0.027190199121832848,0.5574936866760254,0.2910301387310028,-0.019764520227909088,0.4942607283592224,0.2144574224948883,0.034018468111753464,0.5358143448829651,0.2478150874376297,0.0017659342847764492,0.5301823019981384,0.24943633377552032,0.001951454789377749,0.5246274471282959,0.24987615644931793,0.003331628395244479,0.5169267058372498,0.246108740568161,0.007919046096503735,0.5405521392822266,0.24506308138370514,0.0024644650984555483,0.5259310603141785,0.22546976804733276,-0.000615652883425355,0.5326460599899292,0.22541607916355133,-0.0002684603969100863,0.519940197467804,0.22789232432842255,0.0010847134981304407,0.5161880254745483,0.2317519634962082,0.0034003271721303463,0.5126348733901978,0.25233879685401917,0.010570554062724113,0.5432015061378479,0.3670351505279541,-0.0015186183154582977,0.5167738199234009,0.24056123197078705,0.0090010492131114,0.4943868815898895,0.25209105014801025,0.035540685057640076,0.505659282207489,0.24785475432872772,0.016233187168836594,0.5344309210777283,0.28340184688568115,-0.004172859713435173,0.5534501075744629,0.3142998218536377,-0.01613772101700306,0.5545762777328491,0.3243604898452759,-0.013758503831923008,0.5465795397758484,0.3187880516052246,-0.01316603273153305,0.5422123670578003,0.32361024618148804,-0.009329516440629959,0.5493299961090088,0.32570284605026245,-0.011746419593691826,0.5451701879501343,0.3275577127933502,-0.008118472062051296,0.5379807949066162,0.3372589647769928,-0.0012745881685987115,0.5583338737487793,0.2860613167285919,-0.029546214267611504,0.5575149655342102,0.27764078974723816,-0.031139766797423363,0.5081928372383118,0.22813019156455994,0.005009377840906382,0.5448927879333496,0.2611579895019531,-0.004419621080160141,0.545171856880188,0.28540968894958496,-0.01608721911907196,0.5446640849113464,0.2810887098312378,-0.014309790916740894,0.517277717590332,0.2848084270954132,0.0023436101619154215,0.5574157238006592,0.2673504948616028,-0.02764231711626053,0.5218653082847595,0.21705380082130432,-0.004593496676534414,0.5136794447898865,0.2213454246520996,-0.0004322154854889959,0.5003132224082947,0.19751900434494019,0.023232584819197655,0.5479844212532043,0.22041556239128113,-0.008764016442000866,0.5385815501213074,0.22811859846115112,0.0016307351179420948,0.5335893034934998,0.32933464646339417,3.688878132379614e-05,0.5050725340843201,0.3342973589897156,0.04814372584223747,0.5493103861808777,0.2898978292942047,-0.013878938741981983,0.5538160800933838,0.29217854142189026,-0.014518610201776028,0.537488579750061,0.331723153591156,-0.0005098885158076882,0.5388947129249573,0.33138182759284973,-0.0019443577621132135,0.5102927684783936,0.2169712334871292,0.0025571181904524565,0.5449299216270447,0.28934115171432495,-0.01306173112243414,0.5331510305404663,0.21611839532852173,-0.007417276501655579,0.5317460298538208,0.20970001816749573,-0.008400874212384224,0.5250229835510254,0.1735725700855255,0.00242091016843915,0.5057929754257202,0.20572423934936523,0.011444922536611557,0.5294758081436157,0.18993493914604187,-0.003350310493260622,0.504538357257843,0.22518056631088257,0.009992091916501522,0.4995902180671692,0.21937528252601624,0.02132757380604744,0.5538427233695984,0.3196229338645935,-0.015607038512825966,0.5479313731193542,0.32244691252708435,-0.012758836150169373,0.5436198115348816,0.3256181478500366,-0.00922350212931633,0.5506057739257812,0.2913952171802521,-0.012766340747475624,0.5382090210914612,0.33157140016555786,-0.0012752912007272243,0.5407041311264038,0.3326650857925415,-0.004564885515719652,0.53965824842453,0.3311869204044342,-0.002110573463141918,0.5520198345184326,0.28661733865737915,-0.021579334512352943,0.5463136434555054,0.3288353383541107,-0.007106500212103128,0.5504083037376404,0.3278239965438843,-0.009403702802956104,0.555292546749115,0.32725799083709717,-0.011226032860577106,0.5560038089752197,0.35086968541145325,-0.006667843088507652,0.5540889501571655,0.3417140245437622,-0.011943694204092026,0.5541744232177734,0.33636340498924255,-0.012598317116498947,0.5545175075531006,0.3314322531223297,-0.011212201789021492,0.5550917387008667,0.32768428325653076,-0.010442360304296017,0.5461204051971436,0.32914382219314575,-0.0064989724196493626,0.5450196862220764,0.3311800956726074,-0.007379935588687658,0.543761670589447,0.333831250667572,-0.008278961293399334,0.5427915453910828,0.3368681073188782,-0.0074344202876091,0.5395835041999817,0.3133024275302887,-0.007360472343862057,0.4956204295158386,0.2923932373523712,0.05756084620952606,0.5626777410507202,0.2928452491760254,-0.01997547410428524,0.5430588126182556,0.3300771713256836,-0.003928815014660358,0.5419113039970398,0.3312948942184448,-0.004509532358497381,0.5556163191795349,0.2954678535461426,-0.014746461063623428,0.5469427704811096,0.2943858504295349,-0.008928767405450344,0.5547847151756287,0.29386472702026367,-0.014789227396249771,0.5390151739120483,0.2668507397174835,-0.0027711011935025454,0.5300381183624268,0.2734193503856659,-0.0014965725131332874,0.5437446236610413,0.2851673364639282,-0.011202728375792503,0.5102242827415466,0.18349255621433258,0.01192526239901781,0.5153588056564331,0.19548162817955017,0.0034959183540195227,0.5195652842521667,0.2111402302980423,-0.0032794098369777203,0.5426414012908936,0.342729777097702,-0.003804511157795787,0.5454716682434082,0.20961257815361023,-0.010801334865391254,0.5434427261352539,0.1879349648952484,-0.00708991102874279,0.5404133200645447,0.16836822032928467,-0.0028752493672072887,0.5198103189468384,0.2489270269870758,0.005672013387084007,0.5068482756614685,0.25914105772972107,0.01355750858783722,0.5436355471611023,0.24252261221408844,0.0032860448118299246,0.5108950138092041,0.2368890345096588,0.00829558726400137,0.5487699508666992,0.2550228536128998,-0.006316713523119688,0.5486019849777222,0.2817186713218689,-0.02142517641186714,0.5014413595199585,0.2666047215461731,0.019491450861096382,0.5113666653633118,0.26441827416419983,0.0084374463185668,0.5192078351974487,0.2665126323699951,0.003407905111089349,0.5301865339279175,0.2636454105377197,0.0010714421514421701,0.5380304455757141,0.25902414321899414,0.000108246662421152,0.5438340306282043,0.25419923663139343,-0.0012296790955588222,0.5557852983474731,0.24260090291500092,-0.011914484202861786,0.5036526918411255,0.28438523411750793,0.017573513090610504,0.5063877105712891,0.23695679008960724,0.010859429836273193,0.5600883960723877,0.29058513045310974,-0.02696043811738491,0.545715868473053,0.26893630623817444,-0.006845180410891771,0.49134108424186707,0.2530640959739685,0.05432068556547165,0.54814213514328,0.24905245006084442,-0.0018798658857122064,0.5432267785072327,0.2860701382160187,-0.005423469934612513,0.5144373774528503,0.24154599010944366,0.010001623071730137,0.5482421517372131,0.27649587392807007,-0.019196636974811554,0.4993881583213806,0.3131333291530609,0.054384272545576096,0.543495237827301,0.239586740732193,0.004727726802229881,0.5527495741844177,0.27101629972457886,-0.024471670389175415,0.5186759233474731,0.35097914934158325,0.018827471882104874,0.5189132690429688,0.3623771667480469,0.02825537882745266,0.49760013818740845,0.28886914253234863,0.03764491155743599,0.5115666389465332,0.3402978777885437,0.025881370529532433,0.4965400993824005,0.23443248867988586,0.030099021270871162,0.5420293807983398,0.3768041729927063,0.001456184429116547,0.5605146884918213,0.29265546798706055,-0.01964849792420864,0.5408758521080017,0.27587923407554626,-0.004978900775313377,0.50086909532547,0.25004804134368896,0.021846897900104523,0.524779200553894,0.24473118782043457,0.0038924396503716707,0.5297035574913025,0.24460230767726898,0.0025846390053629875,0.5396260023117065,0.33428439497947693,-0.003750368021428585,0.5057771801948547,0.301932692527771,0.018924225121736526,0.5524625778198242,0.388150691986084,0.0029293824918568134,0.5349966883659363,0.3794737458229065,0.013569842092692852,0.5274859666824341,0.37270304560661316,0.019944556057453156,0.558904230594635,0.18722259998321533,-0.007884055376052856,0.5643174648284912,0.3883880376815796,0.0017503602430224419,0.5344809889793396,0.24331915378570557,0.002458802657201886,0.5389522910118103,0.2414897382259369,0.003329579019919038,0.541976809501648,0.24046127498149872,0.004554618615657091,0.5021902322769165,0.235931858420372,0.01659742183983326,0.5378673076629639,0.23415108025074005,0.0025263826828449965,0.5327679514884949,0.23227161169052124,0.0013011323753744364,0.5277373194694519,0.23238451778888702,0.0014157091500237584,0.5227567553520203,0.23434223234653473,0.0027113338001072407,0.5197300910949707,0.23690703511238098,0.004581413697451353,0.49152809381484985,0.23185351490974426,0.04553932324051857,0.5213953852653503,0.2438366413116455,0.005619045812636614,0.5625248551368713,0.3023395538330078,-0.014827235601842403,0.5450107455253601,0.3074316084384918,-0.00994583498686552,0.5492854714393616,0.2883601486682892,-0.01592669077217579,0.5551813840866089,0.3033636510372162,-0.014614099636673927,0.5604847073554993,0.23088763654232025,-0.009787685237824917,0.5262593030929565,0.3615166246891022,0.013215815648436546,0.533781111240387,0.3694819211959839,0.00761000718921423,0.5522091388702393,0.3812013566493988,-0.0037668938748538494,0.5119273662567139,0.35064488649368286,0.03853454440832138,0.5416629910469055,0.2373301386833191,0.0038110793102532625,0.5527737736701965,0.256039559841156,-0.013819266110658646,0.564197301864624,0.3813846707344055,-0.004770706873387098,0.5430986285209656,0.3848882019519806,0.007057407405227423,0.5008715391159058,0.30792415142059326,0.03633984550833702,0.5502225756645203,0.32823145389556885,-0.008703015744686127,0.5491786003112793,0.33129599690437317,-0.00961208064109087,0.5483250617980957,0.33520957827568054,-0.01065998338162899,0.5478158593177795,0.3399302661418915,-0.010024171322584152,0.5485550761222839,0.34755921363830566,-0.00609408225864172,0.5417694449424744,0.3294954001903534,-0.0049162316136062145,0.540332019329071,0.3287985622882843,-0.004979063291102648,0.5391274094581604,0.3278673589229584,-0.004971886053681374,0.5354484915733337,0.32074153423309326,-0.0037581610959023237,0.513574481010437,0.30463314056396484,0.007628427818417549,0.5523693561553955,0.24813351035118103,-0.008710145018994808,0.5477825999259949,0.23275549709796906,0.0009549899841658771,0.5439268350601196,0.234104186296463,0.002917855279520154,0.5431944727897644,0.32996442914009094,-0.00429371977224946,0.5136882662773132,0.32644301652908325,0.015607031062245369,0.5531420707702637,0.2319425642490387,-0.006172024179250002,0.5457322001457214,0.35712581872940063,-0.003392013953998685,0.5618523955345154,0.2570321261882782,-0.023850321769714355,0.5565065741539001,0.25100526213645935,-0.017493020743131638,0.5614123344421387,0.2487056851387024,-0.018638113513588905,0.5494127869606018,0.269646555185318,-0.01401367224752903,0.5639238357543945,0.3718384802341461,-0.007549448404461145,0.5635402202606201,0.36060160398483276,-0.007069394923746586,0.5544987916946411,0.36075451970100403,-0.006271533668041229,0.5326394438743591,0.34233009815216064,0.0018788918387144804,0.5387787818908691,0.29378581047058105,-0.004398497287184,0.5386832356452942,0.35106533765792847,-0.0006024061003699899,0.5257378220558167,0.2946021556854248,-0.002417393494397402,0.533700704574585,0.3033069670200348,-0.0038761303294450045,0.5213266611099243,0.30964595079421997,0.0015856425743550062,0.5528891682624817,0.37177401781082153,-0.006373671814799309,0.5461085438728333,0.27499186992645264,-0.0102001978084445,0.5279685854911804,0.3504571318626404,0.006991276051849127,0.5355211496353149,0.3594580888748169,0.003410146338865161,0.5279393792152405,0.33179986476898193,0.0025753118097782135,0.5079798698425293,0.31686168909072876,0.02060171402990818,0.5209749341011047,0.3347082734107971,0.008117076009511948,0.5050070881843567,0.32515284419059753,0.0334569551050663,0.5293481349945068,0.3154018819332123,-0.0017326433444395661,0.5493935942649841,0.26235753297805786,-0.010046170093119144,0.5503532290458679,0.28524503111839294,-0.022667156532406807,0.5469056367874146,0.2879769206047058,-0.016715465113520622,0.5528090596199036,0.27924439311027527,-0.026630112901329994,0.5428769588470459,0.22623586654663086,-0.0008467168663628399,0.5329805016517639,0.22230960428714752,-0.002242053858935833,0.5244342684745789,0.22252556681632996,-0.0021932246163487434,0.5175392031669617,0.22540786862373352,-4.4358650484355167e-05,0.5128638744354248,0.23015348613262177,0.0035178770776838064,0.5107125639915466,0.24463671445846558,0.012180481106042862,0.4951474666595459,0.2703562080860138,0.03685135394334793,0.5160706639289856,0.25543659925460815,0.007766174152493477,0.5222710967063904,0.25709447264671326,0.004446763079613447,0.5299388766288757,0.25599315762519836,0.0022867368534207344,0.5370150804519653,0.25298044085502625,0.0015919883735477924,0.5424724221229553,0.2493802011013031,0.0014618851710110903,0.5462450981140137,0.24607737362384796,0.0012611330021172762,0.49314695596694946,0.2727436125278473,0.05789974704384804,0.5470195412635803,0.2903551459312439,-0.013966240920126438,0.553168535232544,0.2633240818977356,-0.018321072682738304,0.5543637871742249,0.2852313816547394,-0.02693720906972885,0.5572382807731628,0.2895153760910034,-0.024730514734983444,0.5543010830879211,0.28684788942337036,-0.024246709421277046,0.5485681295394897,0.29288679361343384,-0.0120311938226223,0.5583371520042419,0.2901586592197418,-0.026216130703687668,0.558763861656189,0.29224878549575806,-0.019699323922395706,0.5455557703971863,0.23958614468574524,0.003963356371968985,0.5490397214889526,0.24105194211006165,0.0006724293925799429,0.5511771440505981,0.24212411046028137,-0.003353334031999111,0.5180708169937134,0.23884417116641998,0.006478899158537388,0.5139738321304321,0.23625698685646057,0.006715363822877407,0.5663352012634277,0.2581338882446289,-0.021712636575102806,0.5983656644821167,0.2377670407295227,0.009909049607813358,0.5676197409629822,0.2903023064136505,-0.01947563700377941,0.6192204356193542,0.20579007267951965,0.03868399187922478,0.5835748314857483,0.24565885961055756,0.0035069824662059546,0.5890311598777771,0.24614420533180237,0.0040658460929989815,0.594196617603302,0.24554860591888428,0.005777953192591667,0.6007975339889526,0.24094563722610474,0.010806619189679623,0.5788626670837402,0.24369695782661438,0.0038160572294145823,0.5902908444404602,0.22133995592594147,0.0016126701375469565,0.5840801000595093,0.22226674854755402,0.0014944369904696941,0.5960350036621094,0.22291533648967743,0.003674053819850087,0.5997872352600098,0.22633498907089233,0.006167969200760126,0.605671763420105,0.24624848365783691,0.013675267808139324,0.583620011806488,0.36354169249534607,-0.00015722269017715007,0.6001770496368408,0.23551365733146667,0.01184555422514677,0.6218181848526001,0.2431032359600067,0.03972584754228592,0.6116829514503479,0.2411443293094635,0.01969614066183567,0.5883967876434326,0.27975696325302124,-0.0023372815921902657,0.5672451853752136,0.3135732114315033,-0.015651259571313858,0.5668132901191711,0.3237033486366272,-0.013309614732861519,0.5745091438293457,0.3174062967300415,-0.012176299467682838,0.5791662335395813,0.3217528462409973,-0.00791824609041214,0.5722769498825073,0.3245648145675659,-0.010892065241932869,0.5765326619148254,0.3260301947593689,-0.006914191879332066,0.5862710475921631,0.3336274027824402,0.0005951172206550837,0.5674005150794983,0.2854141294956207,-0.02930106222629547,0.5678281784057617,0.2768804728984833,-0.030846018344163895,0.6069636344909668,0.22123774886131287,0.008286175318062305,0.57695072889328,0.2589031159877777,-0.003219172591343522,0.5790786743164062,0.28301212191581726,-0.015010424889624119,0.5791078209877014,0.2786732017993927,-0.013217547908425331,0.6047161221504211,0.2787691056728363,0.005359857343137264,0.5670817494392395,0.2666277289390564,-0.027260417118668556,0.5933963060379028,0.21257176995277405,-0.0022189831361174583,0.601280689239502,0.21537739038467407,0.002495492110028863,0.6134257316589355,0.18972741067409515,0.0274442620575428,0.5699743032455444,0.22014491260051727,-0.007973860949277878,0.5788363814353943,0.22598302364349365,0.0030178609304130077,0.5901798009872437,0.3252231180667877,0.0022930146660655737,0.6162956953048706,0.32605063915252686,0.0525822676718235,0.5751733183860779,0.28806132078170776,-0.013034622184932232,0.5709002017974854,0.2910579741001129,-0.014084122143685818,0.5843552350997925,0.32926735281944275,0.0015103197656571865,0.5829447507858276,0.32909131050109863,-0.00016588361177127808,0.6039689779281616,0.21030473709106445,0.0056733619421720505,0.5791642069816589,0.2870229184627533,-0.011995721608400345,0.583065927028656,0.2135181427001953,-0.0058070095255970955,0.5837211608886719,0.20676231384277344,-0.0067615811713039875,0.5901674032211304,0.16922147572040558,0.004816695582121611,0.6095113158226013,0.19822758436203003,0.014850467443466187,0.5870434045791626,0.1858794093132019,-0.0014797309413552284,0.6100248098373413,0.21776627004146576,0.013511541299521923,0.6155809164047241,0.21108074486255646,0.025089316070079803,0.567200779914856,0.3188965618610382,-0.015138749033212662,0.5734204053878784,0.3211914300918579,-0.011841228231787682,0.5779128074645996,0.323900043964386,-0.007939138449728489,0.5738258957862854,0.2897821366786957,-0.012110216543078423,0.5836328268051147,0.32919973134994507,0.0005899074603803456,0.5811051726341248,0.3303784728050232,-0.003012740984559059,0.5821643471717834,0.3289857804775238,-0.000377790565835312,0.5728552341461182,0.28511568903923035,-0.020830057561397552,0.5754975080490112,0.3273616135120392,-0.005931241437792778,0.5713408589363098,0.32673293352127075,-0.00856708362698555,0.5663771629333496,0.3266661465167999,-0.01076438371092081,0.5702662467956543,0.34976643323898315,-0.00617562048137188,0.5682294964790344,0.3407723903656006,-0.01143078226596117,0.5676503777503967,0.3354620337486267,-0.012053610756993294,0.5669648051261902,0.3306176960468292,-0.010700251907110214,0.5662103891372681,0.32696202397346497,-0.009956901893019676,0.5754216909408569,0.3274925947189331,-0.005311666056513786,0.5766710042953491,0.3292995095252991,-0.006177347153425217,0.5780558586120605,0.3317274749279022,-0.007046321406960487,0.5792211890220642,0.33457231521606445,-0.006107834633439779,0.5843952894210815,0.3101539611816406,-0.0057488977909088135,0.6218929290771484,0.2836734652519226,0.06244282051920891,0.5786653161048889,0.32818302512168884,-0.002434676978737116,0.5798304677009583,0.3291876018047333,-0.0030130548402667046,0.5693045854568481,0.294642835855484,-0.0143259447067976,0.5771693587303162,0.2923952341079712,-0.008085450157523155,0.570068895816803,0.29292526841163635,-0.014368418604135513,0.5828160047531128,0.2638630270957947,-0.0011748267570510507,0.5919067859649658,0.26924845576286316,0.0006422625156119466,0.5799813866615295,0.28271424770355225,-0.010051121935248375,0.604133665561676,0.17710553109645844,0.015366319566965103,0.6003661155700684,0.18943199515342712,0.006223493255674839,0.594933807849884,0.20606841146945953,-0.0008235888089984655,0.5823091268539429,0.33960989117622375,-0.002259903820231557,0.5712448954582214,0.20895257592201233,-0.00996998231858015,0.5738087892532349,0.18584087491035461,-0.0061049978248775005,0.5754464864730835,0.16607466340065002,-0.001639503869228065,0.5984377861022949,0.24402469396591187,0.008407589048147202,0.6121090054512024,0.2523082494735718,0.017000123858451843,0.5757154226303101,0.2416924089193344,0.004504803102463484,0.6053857803344727,0.23067496716976166,0.011405142955482006,0.5730454921722412,0.253260999917984,-0.005364834330976009,0.5759164094924927,0.27977949380874634,-0.02054101787507534,0.6175591945648193,0.2583988606929779,0.02339230291545391,0.6084865927696228,0.25773152709007263,0.011688310652971268,0.6015312671661377,0.26070553064346313,0.006184110883623362,0.5909892320632935,0.2598159611225128,0.0031866617500782013,0.5831331610679626,0.2565983235836029,0.0017238735454156995,0.5771976113319397,0.25273966789245605,9.444773240829818e-06,0.5660215020179749,0.24185024201869965,-0.011503077112138271,0.6169719099998474,0.2763928174972534,0.02145988494157791,0.6096736788749695,0.2301366627216339,0.014296120963990688,0.5655477643013,0.29017338156700134,-0.02675081603229046,0.5768387317657471,0.2667572796344757,-0.005707751959562302,0.6232800483703613,0.24395595490932465,0.059411440044641495,0.5726924538612366,0.24823233485221863,-0.0009417902329005301,0.5802273750305176,0.28360411524772644,-0.004305821377784014,0.6025693416595459,0.23616677522659302,0.013001554645597935,0.5757412314414978,0.27452293038368225,-0.01829439401626587,0.6200123429298401,0.30455678701400757,0.059099841862916946,0.5754498243331909,0.23877030611038208,0.005988577380776405,0.571455180644989,0.26964694261550903,-0.02380225621163845,0.6059156060218811,0.3438819646835327,0.02173464372754097,0.6056435704231262,0.3550960123538971,0.031633611768484116,0.6216498017311096,0.280001163482666,0.04178590700030327,0.6119811534881592,0.33249515295028687,0.02925192192196846,0.6188860535621643,0.22580492496490479,0.034102149307727814,0.5852978825569153,0.3728943467140198,0.0028810922522097826,0.5648220777511597,0.2923727035522461,-0.019519668072462082,0.5817098021507263,0.2731214165687561,-0.003584781661629677,0.6166699528694153,0.24326859414577484,0.025638332590460777,0.5933818817138672,0.24064280092716217,0.006291844416409731,0.5888391733169556,0.24138271808624268,0.0046906061470508575,0.5823020935058594,0.3318084180355072,-0.0020630897488445044,0.6159848570823669,0.2940777540206909,0.022679589688777924,0.5758395791053772,0.38601261377334595,0.003861689241603017,0.5917190313339233,0.3741733133792877,0.01575881615281105,0.5983560681343079,0.366330623626709,0.022701255977153778,0.5842676758766174,0.24101202189922333,0.004252545069903135,0.5798779726028442,0.23999297618865967,0.004865778610110283,0.5769748687744141,0.23949897289276123,0.005918528418987989,0.6134321689605713,0.22867387533187866,0.020277293398976326,0.5801034569740295,0.23178914189338684,0.004132712725549936,0.5845773816108704,0.22884729504585266,0.0031796719413250685,0.5892816185951233,0.2281825691461563,0.003615062218159437,0.5940375328063965,0.22955124080181122,0.0051945773884654045,0.5970423221588135,0.23188865184783936,0.007224036380648613,0.6221587061882019,0.22278842329978943,0.05048225447535515,0.5963518619537354,0.23926228284835815,0.008225406520068645,0.5793530941009521,0.30504634976387024,-0.00869035441428423,0.5752741098403931,0.2865271270275116,-0.01516093872487545,0.5698279738426208,0.3023652136325836,-0.0140977893024683,0.5992770791053772,0.35533833503723145,0.015606597997248173,0.5925639867782593,0.364249050617218,0.009496008045971394,0.5758916139602661,0.37909042835235596,-0.002995413960888982,0.6112622618675232,0.3427671790122986,0.042503442615270615,0.5769209265708923,0.23595774173736572,0.005217779893428087,0.5698766112327576,0.2548087537288666,-0.013171338476240635,0.5844942331314087,0.38097378611564636,0.008697046898305416,0.6198320984840393,0.29928407073020935,0.04032139480113983,0.5712123513221741,0.3269309401512146,-0.007818484678864479,0.5724151730537415,0.32979220151901245,-0.008701389655470848,0.5735287666320801,0.33351534605026245,-0.009718919172883034,0.5744419097900391,0.3381139636039734,-0.009045842103660107,0.5770807862281799,0.3452451527118683,-0.004920271225273609,0.579993486404419,0.3275530934333801,-0.0033543382305651903,0.5813079476356506,0.32668155431747437,-0.0032781362533569336,0.5824626684188843,0.32559746503829956,-0.0031574845779687166,0.5882841348648071,0.31697019934654236,-0.0016973329475149512,0.6090535521507263,0.2978517711162567,0.010934409685432911,0.5693863034248352,0.24692796170711517,-0.008031566627323627,0.5711269378662109,0.23230046033859253,0.001791787100955844,0.574513852596283,0.23310157656669617,0.004092708695679903,0.5786851644515991,0.3281904458999634,-0.002785635646432638,0.6096615791320801,0.31923696398735046,0.018900956958532333,0.5664045214653015,0.23209424316883087,-0.005663747899234295,0.5804457664489746,0.35415974259376526,-0.0021740682423114777,0.5662444829940796,0.2502726912498474,-0.01715146191418171,0.5738577842712402,0.26793771982192993,-0.013192840851843357,0.5723596215248108,0.3592395782470703,-0.005714920349419117,0.5919554829597473,0.33770549297332764,0.0039860643446445465,0.5846501588821411,0.29067671298980713,-0.002908173017203808,0.586666464805603,0.34709858894348145,0.0010513350134715438,0.597248911857605,0.2896624207496643,5.021384367864812e-06,0.5898903012275696,0.2994329631328583,-0.0019419266609475017,0.6019877791404724,0.3039003610610962,0.0043527246452867985,0.5746893286705017,0.3699274957180023,-0.005662829149514437,0.5770602226257324,0.2728210687637329,-0.009191828779876232,0.5970923900604248,0.34479522705078125,0.009356973692774773,0.5903604626655579,0.35475218296051025,0.00520823011174798,0.5960683226585388,0.3267378807067871,0.00513328006491065,0.6145548820495605,0.30904290080070496,0.02423568069934845,0.6030839681625366,0.32836636900901794,0.010997166857123375,0.617083728313446,0.31679487228393555,0.037284642457962036,0.5942929983139038,0.31082865595817566,0.0006333400378935039,0.5731641054153442,0.26067909598350525,-0.009145407006144524,0.5744922161102295,0.2835105061531067,-0.02184360660612583,0.5775620341300964,0.2858024835586548,-0.015813637524843216,0.5721595287322998,0.2778436839580536,-0.02593490481376648,0.574846625328064,0.22490176558494568,0.0003009812207892537,0.583541750907898,0.2193186730146408,-0.0005251636612229049,0.591482937335968,0.2181851863861084,2.914360629802104e-05,0.5981385707855225,0.2200017273426056,0.0026438510976731777,0.6028319001197815,0.22409357130527496,0.0064735799096524715,0.606497585773468,0.23870013654232025,0.015363681130111217,0.6224889755249023,0.2613425850868225,0.041156105697155,0.6028069257736206,0.249735489487648,0.010680860839784145,0.5973906517028809,0.2521318197250366,0.0070198760367929935,0.5901831984519958,0.25242525339126587,0.004403912927955389,0.5831992030143738,0.2507244944572449,0.0032435122411698103,0.5777194499969482,0.24807654321193695,0.002695957664400339,0.5738967061042786,0.24529749155044556,0.002247119089588523,0.6227770447731018,0.26388072967529297,0.06299897283315659,0.5772979855537415,0.28824371099472046,-0.013066495768725872,0.5702784657478333,0.2620910704135895,-0.0176788829267025,0.5709354281425476,0.28400737047195435,-0.02640252560377121,0.5680281519889832,0.28872761130332947,-0.024416930973529816,0.5708186030387878,0.28569382429122925,-0.02370796538889408,0.5757360458374023,0.2910097539424896,-0.011270461603999138,0.5671505331993103,0.2895158529281616,-0.02595122903585434,0.5664417147636414,0.29168060421943665,-0.019488105550408363,0.5735652446746826,0.23903000354766846,0.004999376833438873,0.570807158946991,0.24070116877555847,0.0014461843529716134,0.5691763162612915,0.24180948734283447,-0.002695155330002308,0.5987735390663147,0.23379606008529663,0.009239121340215206,0.602323055267334,0.2306593954563141,0.009630153886973858,0.5284802317619324,0.23737508058547974,0.004137065261602402,0.5346981287002563,0.23643788695335388,0.004137065261602402,0.5277308821678162,0.2299012988805771,0.004137065261602402,0.5221905708312988,0.23825004696846008,0.004137065261602402,0.5291692018508911,0.24479112029075623,0.004137065261602402,0.5880343317985535,0.23370185494422913,0.006236928049474955,0.5938373804092407,0.2336006611585617,0.006236928049474955,0.5879443287849426,0.22628101706504822,0.006236928049474955,0.5822886824607849,0.23375071585178375,0.006236928049474955,0.5881770849227905,0.24119824171066284,0.006236928049474955
766.6666666666669,0.5602818727493286,0.30870679020881653,-0.01868465356528759,0.5637291669845581,0.28125184774398804,-0.03117288462817669,0.5631836652755737,0.29064226150512695,-0.017566034570336342,0.5581130385398865,0.2550339102745056,-0.022499708458781242,0.563621997833252,0.27257177233695984,-0.032587531954050064,0.5631794929504395,0.2619432806968689,-0.02973269484937191,0.5617628693580627,0.23669514060020447,-0.013315463438630104,0.5185203552246094,0.23917156457901,0.006495610345155001,0.5609534382820129,0.2178296148777008,-0.008808813989162445,0.5606235861778259,0.20638523995876312,-0.009158985689282417,0.5588939785957336,0.16235853731632233,1.0470695997355506e-05,0.5603746771812439,0.31132766604423523,-0.01842781901359558,0.5606228709220886,0.31454169750213623,-0.016900494694709778,0.5609040260314941,0.31689172983169556,-0.014310576021671295,0.5616910457611084,0.3523258566856384,-0.009416754357516766,0.5618051886558533,0.3561161756515503,-0.010032981634140015,0.5620070099830627,0.36047643423080444,-0.010895770974457264,0.5623089671134949,0.36427003145217896,-0.009073392488062382,0.5642784833908081,0.3614610731601715,-0.003102596616372466,0.5635973811149597,0.2860926687717438,-0.028604887425899506,0.5581994652748108,0.2866392433643341,-0.02136186882853508,0.4929996728897095,0.21063770353794098,0.03384355828166008,0.5357369184494019,0.2447032481431961,0.001375294174067676,0.5298418998718262,0.24620476365089417,0.001328112673945725,0.5241028070449829,0.24638625979423523,0.002480329480022192,0.5163074731826782,0.24256032705307007,0.0069132051430642605,0.5407117009162903,0.24187913537025452,0.0022611343301832676,0.5257725119590759,0.22176142036914825,-0.0004899197374470532,0.532751739025116,0.22181755304336548,0.0001243377773789689,0.5195201635360718,0.22415150701999664,0.0009051196975633502,0.5155940651893616,0.22802753746509552,0.0030253396835178137,0.5117806792259216,0.24847078323364258,0.009091256186366081,0.5434895157814026,0.37037649750709534,0.0002777754853013903,0.5162800550460815,0.23709040880203247,0.008289489895105362,0.49266865849494934,0.24827726185321808,0.03349476307630539,0.5046212673187256,0.24388304352760315,0.014769377186894417,0.5343977212905884,0.2793084383010864,-0.005860001780092716,0.5530987977981567,0.30799180269241333,-0.018132543191313744,0.554604709148407,0.31524574756622314,-0.016405755653977394,0.546751856803894,0.31306248903274536,-0.015400310978293419,0.5431787371635437,0.31934401392936707,-0.011260319501161575,0.5498406887054443,0.31786632537841797,-0.014365187846124172,0.5465736389160156,0.3219732344150543,-0.010418533347547054,0.5384548902511597,0.3394397795200348,-0.0016355251427739859,0.5591773986816406,0.2814386487007141,-0.030886158347129822,0.5584331750869751,0.2732123136520386,-0.03218187764286995,0.5071996450424194,0.22398723661899567,0.004705885425209999,0.5450736880302429,0.2572661340236664,-0.005256073549389839,0.5457906723022461,0.2810206413269043,-0.017834264785051346,0.5451381206512451,0.27686670422554016,-0.015937533229589462,0.5169102549552917,0.2807275056838989,-0.0003740904212463647,0.5582877993583679,0.26329749822616577,-0.02835588902235031,0.5213754773139954,0.21282130479812622,-0.004023429937660694,0.5128970146179199,0.21714413166046143,-0.0002976828836835921,0.49963974952697754,0.1936318576335907,0.024112820625305176,0.5483995079994202,0.21655979752540588,-0.007648207247257233,0.5389004349708557,0.22465460002422333,0.002078315708786249,0.5347860455513,0.3290620446205139,-0.0011273038107901812,0.5041941404342651,0.33197107911109924,0.04276462644338608,0.55003422498703,0.28551483154296875,-0.01558621320873499,0.5545272827148438,0.2878371477127075,-0.016231214627623558,0.5408018231391907,0.33483588695526123,-0.0018616564339026809,0.5424931049346924,0.334682822227478,-0.003202980849891901,0.5093687176704407,0.21271711587905884,0.0029054381884634495,0.5455242991447449,0.28507283329963684,-0.014933482743799686,0.5330650210380554,0.2120036482810974,-0.006487516686320305,0.5316174030303955,0.2055261731147766,-0.007196514867246151,0.52504563331604,0.16944551467895508,0.005001780577003956,0.5055817365646362,0.2017516940832138,0.012180179357528687,0.5299209952354431,0.18584713339805603,-0.001443520188331604,0.5034278035163879,0.2210189700126648,0.009820428676903248,0.49888351559638977,0.2154112458229065,0.021297214552760124,0.5535933375358582,0.31173035502433777,-0.017936503514647484,0.548158586025238,0.3155825138092041,-0.015168062411248684,0.5447182655334473,0.32071948051452637,-0.01134861446917057,0.5513362884521484,0.28705894947052,-0.014497749507427216,0.541650652885437,0.33484891057014465,-0.0025987487751990557,0.54258793592453,0.3416946530342102,-0.004718542564660311,0.5432161688804626,0.33448052406311035,-0.003282522549852729,0.5527036786079407,0.2821844220161438,-0.023148568347096443,0.5480477809906006,0.3224159777164459,-0.00950763002038002,0.5512911677360535,0.31907209753990173,-0.012156226672232151,0.555625855922699,0.3173695504665375,-0.0140099311247468,0.5559776425361633,0.3607252240180969,-0.0035534417256712914,0.5539461374282837,0.36305877566337585,-0.009348960593342781,0.554170548915863,0.3593760132789612,-0.010669478215277195,0.5547724962234497,0.3550078272819519,-0.009712772443890572,0.5555837750434875,0.35142508149147034,-0.009152132086455822,0.5478602647781372,0.3447289764881134,-0.005960623733699322,0.5463964939117432,0.34617435932159424,-0.006556898355484009,0.5446063280105591,0.34806108474731445,-0.0072286082431674,0.5432490110397339,0.3498382568359375,-0.006394125521183014,0.5401323437690735,0.3104720413684845,-0.009316893294453621,0.4934733808040619,0.28885215520858765,0.05325872823596001,0.5633755326271057,0.288362592458725,-0.02153901755809784,0.5455858111381531,0.34054121375083923,-0.004142064601182938,0.5440368056297302,0.34111684560775757,-0.004617413505911827,0.5561272501945496,0.2910362482070923,-0.01636601611971855,0.5473477244377136,0.2902016341686249,-0.01073072012513876,0.555388331413269,0.2894822955131531,-0.016500208526849747,0.5389964580535889,0.26269862055778503,-0.004066279157996178,0.529861330986023,0.269120991230011,-0.0033396424259990454,0.5441569685935974,0.2810513377189636,-0.0129725132137537,0.5099031329154968,0.17946326732635498,0.01373447198420763,0.515467643737793,0.1914687156677246,0.00483959773555398,0.5190025568008423,0.2068697214126587,-0.002417739247903228,0.5424614548683167,0.3475354313850403,-0.0030366184655576944,0.5458514094352722,0.2056710124015808,-0.009182720445096493,0.5440906882286072,0.18397748470306396,-0.004661452025175095,0.5407426357269287,0.1642613708972931,0.0003387295873835683,0.5192139148712158,0.24535666406154633,0.004667611792683601,0.5057308077812195,0.25499555468559265,0.011630157940089703,0.543972909450531,0.2392406165599823,0.003245339961722493,0.510063648223877,0.2330774962902069,0.007651782128959894,0.5491445064544678,0.2513251006603241,-0.006833542138338089,0.5492349863052368,0.27727991342544556,-0.02292662300169468,0.5000057816505432,0.26267513632774353,0.016935424879193306,0.5102629661560059,0.2602197527885437,0.006397132761776447,0.5182691812515259,0.2623257637023926,0.0016031649429351091,0.52962726354599,0.2597697675228119,-0.00035026948899030685,0.5378387570381165,0.2553965449333191,-0.0008665602072142065,0.543968141078949,0.250619500875473,-0.001850579516030848,0.5565459132194519,0.23921820521354675,-0.01161270122975111,0.5022851824760437,0.28044676780700684,0.01430449541658163,0.5053943991661072,0.23297357559204102,0.010088654235005379,0.5608243346214294,0.2860581576824188,-0.028456663712859154,0.5458735823631287,0.26494142413139343,-0.008065869100391865,0.4891919493675232,0.24950776994228363,0.05179755017161369,0.5484839677810669,0.24544993042945862,-0.0021870804484933615,0.5434540510177612,0.2820087969303131,-0.007118833251297474,0.5137770771980286,0.23799267411231995,0.009175342507660389,0.5487633943557739,0.27220097184181213,-0.020536253228783607,0.49751296639442444,0.30974605679512024,0.04944739118218422,0.5439121127128601,0.23627546429634094,0.004883456043899059,0.5534930229187012,0.2668613791465759,-0.025477519258856773,0.5193077921867371,0.35032492876052856,0.01660139113664627,0.5188493728637695,0.36222895979881287,0.024508895352482796,0.4954405426979065,0.28515732288360596,0.033872708678245544,0.512021005153656,0.33875375986099243,0.022285059094429016,0.4952854514122009,0.23057124018669128,0.029097555205225945,0.5420916676521301,0.38027191162109375,0.0026610237546265125,0.5612241625785828,0.28818610310554504,-0.021272817626595497,0.5408694744110107,0.27172064781188965,-0.006505622994154692,0.4996747374534607,0.2460087686777115,0.02013058215379715,0.5243467092514038,0.24146217107772827,0.0033118303399533033,0.5294162631034851,0.2415248602628708,0.0021417750976979733,0.5413292050361633,0.3422105014324188,-0.004131287336349487,0.5047932863235474,0.2982754111289978,0.015135501511394978,0.552116870880127,0.39396509528160095,0.0041421763598918915,0.5343102812767029,0.3818538784980774,0.012815793976187706,0.5270713567733765,0.37367528676986694,0.017851240932941437,0.5597935318946838,0.18340209126472473,-0.005046829581260681,0.5645958781242371,0.39500170946121216,0.00349735957570374,0.5344164371490479,0.2403305172920227,0.0021990316454321146,0.5390967130661011,0.23843485116958618,0.0032415841706097126,0.5422790050506592,0.23727822303771973,0.004612204153090715,0.5010521411895752,0.2319205403327942,0.015742965042591095,0.5380992889404297,0.23076890408992767,0.0027475219685584307,0.5328393578529358,0.22885525226593018,0.0014104542788118124,0.5276535749435425,0.2288997769355774,0.0014074948849156499,0.522511899471283,0.23082321882247925,0.0024909917265176773,0.5193765759468079,0.2333965003490448,0.0042098769918084145,0.48973730206489563,0.22818206250667572,0.04420756921172142,0.5208997130393982,0.2404506504535675,0.004938016179949045,0.5633184313774109,0.2976292371749878,-0.016315387561917305,0.5451125502586365,0.30382534861564636,-0.011935293674468994,0.5499920845031738,0.28393420577049255,-0.017556753009557724,0.5555309653282166,0.29888278245925903,-0.016090480610728264,0.5612540245056152,0.22742918133735657,-0.008822820149362087,0.5265337228775024,0.3619298040866852,0.012303978204727173,0.5339160561561584,0.37109071016311646,0.00780575443059206,0.5524446368217468,0.3864424228668213,-0.0016300042625516653,0.5118122696876526,0.3496600091457367,0.0333518385887146,0.5420185327529907,0.23397037386894226,0.00399223854765296,0.5534283518791199,0.2524014711380005,-0.014191528782248497,0.5647594332695007,0.3876716196537018,-0.002088642679154873,0.542405366897583,0.3890419602394104,0.00746298348531127,0.49905693531036377,0.30462905764579773,0.032082054764032364,0.5511157512664795,0.34872278571128845,-0.007784062996506691,0.5496975779533386,0.35127919912338257,-0.008320174179971218,0.5483194589614868,0.35458311438560486,-0.00900912843644619,0.5474569201469421,0.3579643666744232,-0.008097854442894459,0.5480655431747437,0.3553072214126587,-0.004177476279437542,0.5440517067909241,0.3275871276855469,-0.006791497115045786,0.5424490571022034,0.3271326422691345,-0.006780336610972881,0.5410934686660767,0.32627779245376587,-0.006710073910653591,0.5365766882896423,0.3189507722854614,-0.005386170465499163,0.5136693120002747,0.30102312564849854,0.004510713275521994,0.5529505014419556,0.24461011588573456,-0.008831685408949852,0.5482745170593262,0.22927431762218475,0.001414349302649498,0.544398844242096,0.2307041883468628,0.003271276131272316,0.5453652739524841,0.3273470401763916,-0.006232347805052996,0.5143462419509888,0.32407528162002563,0.012594485655426979,0.5537160634994507,0.22827231884002686,-0.005492104217410088,0.545714259147644,0.3617602586746216,-0.00137065548915416,0.5627021193504333,0.2533591091632843,-0.02398497238755226,0.5573465824127197,0.24749594926834106,-0.017418332397937775,0.5622462630271912,0.24529296159744263,-0.018347999081015587,0.5498067140579224,0.2656252384185791,-0.015055431984364986,0.5646225214004517,0.37821871042251587,-0.003984434530138969,0.5644206404685974,0.3686992824077606,-0.0032161795534193516,0.5548413395881653,0.3677433431148529,-0.0028465245850384235,0.5332258939743042,0.34281060099601746,0.0016474882140755653,0.5390852689743042,0.2899244427680969,-0.006122653838247061,0.5386459231376648,0.35332128405570984,0.0003086564247496426,0.526226818561554,0.2909961938858032,-0.0043283142149448395,0.534500241279602,0.30003881454467773,-0.005699047818779945,0.5225180983543396,0.3064354360103607,-0.0004372771072667092,0.5533820986747742,0.3770233392715454,-0.003390582511201501,0.5463371872901917,0.2708885371685028,-0.011547839269042015,0.5284903645515442,0.3506922423839569,0.006433556787669659,0.5357420444488525,0.36102432012557983,0.004111423157155514,0.5291648507118225,0.3306006193161011,0.0013462003553286195,0.5076341032981873,0.3137838840484619,0.016800401732325554,0.5219200849533081,0.3334004878997803,0.006355591118335724,0.5042825937271118,0.32260558009147644,0.029026970267295837,0.530927300453186,0.3127058148384094,-0.0034938787575811148,0.5497968792915344,0.2585449516773224,-0.010870778001844883,0.551047682762146,0.28077423572540283,-0.02418888360261917,0.5475993752479553,0.28353339433670044,-0.01847687177360058,0.553626537322998,0.27479779720306396,-0.02796899527311325,0.5432521104812622,0.22262336313724518,-0.00013649516040459275,0.532995343208313,0.21846120059490204,-0.001602016156539321,0.5241142511367798,0.21856611967086792,-0.0018078206339851022,0.5169497132301331,0.221454918384552,-1.6439613318652846e-05,0.5120901465415955,0.2262624204158783,0.003256166586652398,0.509876012802124,0.2408636212348938,0.011073417030274868,0.4931578040122986,0.26653265953063965,0.03385699912905693,0.5152684450149536,0.2515645921230316,0.006317178253084421,0.5215814709663391,0.2532673478126526,0.003176366677507758,0.5294991731643677,0.25244176387786865,0.0012633336009457707,0.5368988513946533,0.24963437020778656,0.0009287949651479721,0.5426422953605652,0.24601919949054718,0.00102899968624115,0.5465989708900452,0.24265071749687195,0.001061656977981329,0.49092721939086914,0.26923418045043945,0.05446726828813553,0.5477101802825928,0.285997599363327,-0.015788234770298004,0.5538473725318909,0.25947558879852295,-0.019048402085900307,0.5551587343215942,0.28071942925453186,-0.02835695445537567,0.5579409599304199,0.28505975008010864,-0.02624455839395523,0.5550186038017273,0.282388299703598,-0.025723101571202278,0.5491509437561035,0.28861165046691895,-0.01382386963814497,0.5590709447860718,0.28566884994506836,-0.0277298204600811,0.5594655871391296,0.2878299355506897,-0.021307695657014847,0.5460444688796997,0.23622536659240723,0.004114522598683834,0.5495308637619019,0.2375878244638443,0.0007873935392126441,0.5516511797904968,0.23851990699768066,-0.003312688320875168,0.5176548957824707,0.23534394800662994,0.005948368925601244,0.513287365436554,0.23259682953357697,0.006156335584819317,0.5671525001525879,0.2544536292552948,-0.021773705258965492,0.5988037586212158,0.23431921005249023,0.01150418259203434,0.5682316422462463,0.28601664304733276,-0.020827222615480423,0.6198098063468933,0.2027968466281891,0.04206237196922302,0.5837989449501038,0.24225498735904694,0.004605678375810385,0.5892699956893921,0.24274788796901703,0.005215920507907867,0.5945174694061279,0.24209149181842804,0.0069794319570064545,0.6013448238372803,0.23736858367919922,0.012220170348882675,0.5791268944740295,0.2401956021785736,0.004768091253936291,0.5907477140426636,0.2176639288663864,0.003602747805416584,0.5845785140991211,0.21853007376194,0.00335827749222517,0.5964621305465698,0.21929572522640228,0.005664038937538862,0.6002394556999207,0.222750723361969,0.008139451034367085,0.6063774824142456,0.2426835596561432,0.01478687021881342,0.5843753218650818,0.36682993173599243,0.002554300706833601,0.6007319688796997,0.2319674789905548,0.01354122068732977,0.6234132051467896,0.24020136892795563,0.041228991001844406,0.6128090023994446,0.2375665009021759,0.021162834018468857,0.5894287824630737,0.27581319212913513,-0.0026197824627161026,0.5677586197853088,0.3070725202560425,-0.017309993505477905,0.567154049873352,0.3145231604576111,-0.015660272911190987,0.5753487944602966,0.31155404448509216,-0.013698478229343891,0.5798183083534241,0.3175545036792755,-0.008903631940484047,0.5726680755615234,0.31674525141716003,-0.012925228103995323,0.5766096711158752,0.32063204050064087,-0.0084416214376688,0.5877050161361694,0.3356478810310364,0.0013865494402125478,0.5680908560752869,0.2808755040168762,-0.030424678698182106,0.5686454772949219,0.27253457903862,-0.03164327144622803,0.6077317595481873,0.2175886034965515,0.010742279700934887,0.5777215361595154,0.25516608357429504,-0.0030849152244627476,0.57976895570755,0.27884599566459656,-0.015839286148548126,0.5799086093902588,0.2746301591396332,-0.013883164152503014,0.6058781147003174,0.2750474810600281,0.004976074211299419,0.5678964853286743,0.2626423239707947,-0.027665788307785988,0.5938928723335266,0.2088806927204132,0.00020632419909816235,0.6018710732460022,0.21172334253787994,0.004976749885827303,0.6141080260276794,0.18662318587303162,0.031526364386081696,0.5704238414764404,0.2163432240486145,-0.006264867261052132,0.5793350338935852,0.22220535576343536,0.004674791358411312,0.590912401676178,0.32493340969085693,0.0025204012636095285,0.6165363192558289,0.3242870569229126,0.05053786188364029,0.5756932497024536,0.2838795781135559,-0.014069225639104843,0.5714203119277954,0.28683704137802124,-0.015474081039428711,0.5837133526802063,0.3328344225883484,0.001356623717583716,0.5819715261459351,0.3328329622745514,-0.00038101556128822267,0.6048319339752197,0.20664063096046448,0.008531535044312477,0.5798202753067017,0.2829156517982483,-0.0129795977845788,0.5835161209106445,0.20974969863891602,-0.003617731388658285,0.5842633843421936,0.20306465029716492,-0.004225071519613266,0.5912259817123413,0.16554276645183563,0.009268014691770077,0.6102228760719299,0.19525499641895294,0.018370945006608963,0.5881027579307556,0.18244272470474243,0.0019752297084778547,0.6111527681350708,0.21411344408988953,0.01626494713127613,0.616292417049408,0.2080741822719574,0.028236521407961845,0.5676254034042358,0.31083399057388306,-0.017132459208369255,0.5740533471107483,0.3142761290073395,-0.013606087304651737,0.5783317685127258,0.3191233277320862,-0.009217862971127033,0.574347734451294,0.28559866547584534,-0.01329942885786295,0.5828366279602051,0.33292391896247864,0.00037054280983284116,0.5818435549736023,0.33946436643600464,-0.002208107616752386,0.5811775922775269,0.33266499638557434,-0.0005313605652190745,0.5734854340553284,0.28091520071029663,-0.021766824647784233,0.5753469467163086,0.3211703896522522,-0.0075910757295787334,0.5715395212173462,0.3180474638938904,-0.010762386955320835,0.5666588544845581,0.3167424201965332,-0.01323393452912569,0.5722802877426147,0.35946059226989746,-0.002795539563521743,0.5710577368736267,0.36190953850746155,-0.0085205789655447,0.5701910257339478,0.35826247930526733,-0.00977608934044838,0.5691649913787842,0.35394877195358276,-0.008849994279444218,0.5681504607200623,0.3504669666290283,-0.0083377780392766,0.5763763189315796,0.3430204391479492,-0.0040273601189255714,0.5779593586921692,0.3440914750099182,-0.004591116216033697,0.5798991918563843,0.34558984637260437,-0.005215434357523918,0.5814878344535828,0.3470941483974457,-0.004238446243107319,0.5855927467346191,0.3073274791240692,-0.006578730419278145,0.622979462146759,0.2807977795600891,0.06187710538506508,0.5787659883499146,0.33880650997161865,-0.001725267036817968,0.5803214907646179,0.3390994966030121,-0.002180258510634303,0.5701000690460205,0.2902389466762543,-0.01563248597085476,0.5779796242713928,0.2882680296897888,-0.009194670245051384,0.5707240700721741,0.28862348198890686,-0.015769774094223976,0.5836597084999084,0.2598927915096283,-0.0012055598199367523,0.5929222702980042,0.2651784420013428,0.00046033665421418846,0.5807866454124451,0.278739869594574,-0.01084111351519823,0.6050635576248169,0.17375418543815613,0.019828327000141144,0.6012894511222839,0.18631532788276672,0.009816125966608524,0.5956292152404785,0.20239248871803284,0.002015515463426709,0.5843766927719116,0.3442046046257019,-0.0005272334674373269,0.5717805027961731,0.20525996387004852,-0.00770547753199935,0.5748781561851501,0.18219569325447083,-0.0028675964567810297,0.576455295085907,0.16219936311244965,0.0025014637503772974,0.5988689661026001,0.24051949381828308,0.009684369899332523,0.6130433082580566,0.24880684912204742,0.017939643934369087,0.5760368704795837,0.23814281821250916,0.005504784174263477,0.6060723662376404,0.22707191109657288,0.013437592424452305,0.5737776160240173,0.24970833957195282,-0.005110383033752441,0.5766788125038147,0.27555936574935913,-0.021288219839334488,0.6193519234657288,0.2551542818546295,0.024076759815216064,0.6090506315231323,0.25419196486473083,0.012342098169028759,0.6017959713935852,0.25708580017089844,0.006642244290560484,0.591150164604187,0.2560950219631195,0.003489531809464097,0.5833410024642944,0.25282183289527893,0.0020723456982523203,0.5774708986282349,0.24894069135189056,0.0003956504224333912,0.5667928457260132,0.2385597825050354,-0.010874674655497074,0.6187195777893066,0.27306315302848816,0.021391430869698524,0.6106712222099304,0.22653180360794067,0.016456363722682,0.566261887550354,0.28569352626800537,-0.028076641261577606,0.5777068138122559,0.262881338596344,-0.005980559159070253,0.6243143677711487,0.24116796255111694,0.060694340616464615,0.5730035305023193,0.24446752667427063,-0.0004618983657564968,0.581043004989624,0.27964484691619873,-0.005040445830672979,0.6032131314277649,0.23254142701625824,0.014679868705570698,0.5765536427497864,0.2703965902328491,-0.01886274293065071,0.6209986209869385,0.30174267292022705,0.05774917080998421,0.5758483409881592,0.2352820485830307,0.007227226160466671,0.5722689628601074,0.2656131386756897,-0.024245433509349823,0.6058441996574402,0.3437519073486328,0.021753255277872086,0.6056862473487854,0.3553123474121094,0.03030921332538128,0.6236656904220581,0.27705705165863037,0.041541703045368195,0.611969530582428,0.3317096531391144,0.02838158793747425,0.6200058460235596,0.22287124395370483,0.036481183022260666,0.5859516859054565,0.3762766122817993,0.005107847508043051,0.5654833316802979,0.2879382073879242,-0.02103668637573719,0.5826281309127808,0.2690865397453308,-0.0039742873050272465,0.6182241439819336,0.23973706364631653,0.027124598622322083,0.593612015247345,0.23737503588199615,0.007728409953415394,0.5890014171600342,0.2381857931613922,0.006029035430401564,0.5832546353340149,0.3397451341152191,-0.0014100443804636598,0.6174089908599854,0.29105257987976074,0.021964941173791885,0.5766131281852722,0.39174312353134155,0.005614269059151411,0.5924966931343079,0.37644270062446594,0.016493627801537514,0.5988616943359375,0.3674046993255615,0.02249833010137081,0.5844498872756958,0.23779216408729553,0.0055107418447732925,0.5801164507865906,0.23665489256381989,0.006069215014576912,0.5773009061813354,0.23604896664619446,0.007129604462534189,0.6148658990859985,0.22504013776779175,0.022561516612768173,0.5804912447929382,0.22803732752799988,0.005693245213478804,0.584981381893158,0.2250145673751831,0.004859371576458216,0.5896816849708557,0.2243855744600296,0.005412530153989792,0.5944581627845764,0.22581511735916138,0.007040342781692743,0.5974886417388916,0.22821666300296783,0.0090761948376894,0.622955858707428,0.21991902589797974,0.05286704748868942,0.5966805815696716,0.2359079271554947,0.009721694514155388,0.580833911895752,0.30142471194267273,-0.009810860268771648,0.5758344531059265,0.2823275923728943,-0.016140436753630638,0.5710847973823547,0.29788079857826233,-0.015227529220283031,0.5995212197303772,0.35598665475845337,0.01648077741265297,0.5930120944976807,0.3658904731273651,0.01108108926564455,0.576616644859314,0.3842776417732239,-0.0003259443328715861,0.6110919117927551,0.34227362275123596,0.04026494175195694,0.577311098575592,0.2323903888463974,0.006602884735912085,0.5706365704536438,0.2512907385826111,-0.013002248480916023,0.5854272246360779,0.3849330544471741,0.010177661664783955,0.6216488480567932,0.2967480719089508,0.03943118825554848,0.5729163289070129,0.34711137413978577,-0.006331145763397217,0.5744962692260742,0.34937387704849243,-0.006803268566727638,0.5761935710906982,0.35242709517478943,-0.007441950496286154,0.5775609612464905,0.3555653393268585,-0.006484190467745066,0.5795125365257263,0.35274234414100647,-0.002322225598618388,0.5797408223152161,0.32589757442474365,-0.004288055934011936,0.5812806487083435,0.32528722286224365,-0.004055343102663755,0.582690954208374,0.3242981433868408,-0.003794986056163907,0.5890434384346008,0.3152061402797699,-0.0019846658688038588,0.6098179817199707,0.29476216435432434,0.01030102837830782,0.5701248645782471,0.24352863430976868,-0.0076066539622843266,0.5716033577919006,0.2286127805709839,0.0029812457505613565,0.574967622756958,0.229458749294281,0.005477455444633961,0.5785173177719116,0.3257668614387512,-0.0038123037666082382,0.6097790002822876,0.31750962138175964,0.01839105784893036,0.5668569803237915,0.22835960984230042,-0.004546816926449537,0.581928014755249,0.35868555307388306,0.0006447516498155892,0.5670142769813538,0.24685071408748627,-0.016787847504019737,0.5747129917144775,0.26404011249542236,-0.013525661081075668,0.5736369490623474,0.36614668369293213,-0.0019219247624278069,0.5927999019622803,0.33824706077575684,0.005095066502690315,0.585418701171875,0.2869093716144562,-0.003480461658909917,0.5880919098854065,0.34928053617477417,0.003041523974388838,0.5979058146476746,0.2863340973854065,-0.00018271504086442292,0.5904034376144409,0.2963027060031891,-0.002391738584265113,0.6019056439399719,0.30109691619873047,0.004270351957529783,0.5754500031471252,0.375154972076416,-0.002185114426538348,0.5779038667678833,0.26885271072387695,-0.009647599421441555,0.5975114107131958,0.34521493315696716,0.0104143675416708,0.5911675691604614,0.3563396632671356,0.007138043642044067,0.596339225769043,0.3257518410682678,0.005542651750147343,0.6154125928878784,0.30665430426597595,0.023337043821811676,0.6032034158706665,0.3274906873703003,0.011235587298870087,0.6179616451263428,0.3150617778301239,0.03604043647646904,0.5942155718803406,0.30834752321243286,0.0004239999398123473,0.573967456817627,0.25699153542518616,-0.009203741326928139,0.5751485824584961,0.2792891263961792,-0.022684959694743156,0.5781769752502441,0.28158658742904663,-0.016799196600914,0.5728831887245178,0.27357205748558044,-0.026730677112936974,0.5753124356269836,0.22111690044403076,0.0020005356054753065,0.583998441696167,0.21557939052581787,0.0014918489614501595,0.591902494430542,0.21452456712722778,0.0022201458923518658,0.5985935926437378,0.21638941764831543,0.004883777815848589,0.6033675670623779,0.22051137685775757,0.00872533768415451,0.6073219776153564,0.2350672483444214,0.01694156602025032,0.6243196725845337,0.258367657661438,0.04177436605095863,0.603308379650116,0.2461564838886261,0.011670652776956558,0.5977382063865662,0.24855485558509827,0.00786693673580885,0.5904360413551331,0.24884124100208282,0.0051102484576404095,0.5834498405456543,0.2471110224723816,0.003975886385887861,0.5780304670333862,0.24440094828605652,0.0033189067617058754,0.5742526054382324,0.24161143600940704,0.0029174869414418936,0.6238373517990112,0.26109975576400757,0.06334036588668823,0.5778720378875732,0.28407689929008484,-0.01413086336106062,0.5710752606391907,0.258344441652298,-0.017845394089818,0.5715966820716858,0.279676616191864,-0.027385003864765167,0.5687078833580017,0.2843853831291199,-0.02567428909242153,0.5714624524116516,0.2814413011074066,-0.02473512664437294,0.576400637626648,0.286847323179245,-0.01243581809103489,0.5678510069847107,0.2851139008998871,-0.027267077937722206,0.5670802593231201,0.2873324751853943,-0.020919138565659523,0.5739574432373047,0.2354716658592224,0.006067234091460705,0.5712196230888367,0.2370203733444214,0.0022551699075847864,0.5695462822914124,0.23807990550994873,-0.0020988276228308678,0.599263072013855,0.23019032180309296,0.011010420508682728,0.6028691530227661,0.2270655333995819,0.011543498374521732,0.5285970568656921,0.23396924138069153,0.003894996363669634,0.5349714756011963,0.23319660127162933,0.003894996363669634,0.5279659032821655,0.2265172004699707,0.003894996363669634,0.52214515209198,0.23467588424682617,0.003894996363669634,0.5291628241539001,0.24136611819267273,0.003894996363669634,0.588468611240387,0.23025670647621155,0.0077597699128091335,0.5942062735557556,0.23018749058246613,0.0077597699128091335,0.5884207487106323,0.22264531254768372,0.0077597699128091335,0.582824170589447,0.23024405539035797,0.0077597699128091335,0.5885854363441467,0.23792283236980438,0.0077597699128091335
800.0000000000002,0.5602648854255676,0.31061163544654846,-0.019150102511048317,0.5626906156539917,0.28075727820396423,-0.03200885280966759,0.56242436170578,0.29022616147994995,-0.018072064965963364,0.5571620464324951,0.25463277101516724,-0.023155048489570618,0.5625799298286438,0.2720475494861603,-0.03345382958650589,0.5621973276138306,0.2614327669143677,-0.030558854341506958,0.5609672665596008,0.23628568649291992,-0.013863220810890198,0.5177076458930969,0.2385977804660797,0.006555373314768076,0.5601620078086853,0.21766811609268188,-0.009335717186331749,0.5598047375679016,0.2061755359172821,-0.00972792785614729,0.5581051707267761,0.16132354736328125,-0.0005592837696895003,0.5603427886962891,0.3129664659500122,-0.01891574077308178,0.5605846047401428,0.3158913552761078,-0.01738569885492325,0.5608659386634827,0.31808650493621826,-0.01473572850227356,0.5618211627006531,0.3548547923564911,-0.008914308622479439,0.5619368553161621,0.3589044511318207,-0.009472564794123173,0.5621343851089478,0.36344093084335327,-0.010239852592349052,0.5623782873153687,0.3670855760574341,-0.00814048945903778,0.5636994242668152,0.36395010352134705,-0.0018267319537699223,0.5626210570335388,0.2856004238128662,-0.029390107840299606,0.557328999042511,0.2861299514770508,-0.021973421797156334,0.4922323226928711,0.2107362002134323,0.03449814021587372,0.5348878502845764,0.24418747425079346,0.001260619144886732,0.5288956761360168,0.2456805408000946,0.001247698673978448,0.5231110453605652,0.24587053060531616,0.0024430372286587954,0.515455961227417,0.24219465255737305,0.007012024521827698,0.5399709939956665,0.24129553139209747,0.0021145157516002655,0.5250373482704163,0.2210438996553421,-0.0006144542712718248,0.5321058034896851,0.22112448513507843,-3.59763071173802e-05,0.5186957716941833,0.22341659665107727,0.0008508528699167073,0.5147261619567871,0.2273256778717041,0.003050594823434949,0.5107481479644775,0.2482890784740448,0.00924904178828001,0.5425853133201599,0.37145286798477173,0.0016643698327243328,0.5155543684959412,0.23661617934703827,0.008417731150984764,0.49197661876678467,0.2485857456922531,0.034204818308353424,0.503648579120636,0.24384042620658875,0.01507795974612236,0.533514678478241,0.27941396832466125,-0.0059456732124090195,0.5526830554008484,0.3099786639213562,-0.018490703776478767,0.5542486310005188,0.3166744112968445,-0.01680363342165947,0.5459809303283691,0.31467774510383606,-0.015603386797010899,0.5421470403671265,0.3206705152988434,-0.011189386248588562,0.5491711497306824,0.3191632628440857,-0.014601793140172958,0.5456421375274658,0.3231028914451599,-0.010408465750515461,0.5377171039581299,0.3405156433582306,-0.0007604234851896763,0.558107316493988,0.2809435725212097,-0.03168969973921776,0.5573627352714539,0.2727265954017639,-0.03301510959863663,0.506134569644928,0.22340281307697296,0.004829412326216698,0.544224202632904,0.2572232186794281,-0.005501531530171633,0.544738233089447,0.28078654408454895,-0.01833178475499153,0.5440990328788757,0.2766890823841095,-0.01639709807932377,0.5160061120986938,0.2810126543045044,-0.0002950222115032375,0.5572679042816162,0.26283761858940125,-0.02912019193172455,0.5203919410705566,0.21206560730934143,-0.004199656657874584,0.5118180513381958,0.21642835438251495,-0.00032204348826780915,0.4986145496368408,0.1935187727212906,0.0245272945612669,0.5477814078330994,0.2161303460597992,-0.008081319741904736,0.5383321046829224,0.22397589683532715,0.0019145666155964136,0.534177839756012,0.3296515941619873,-0.0004255661915522069,0.5038173198699951,0.3326167166233063,0.04395661875605583,0.5490905046463013,0.28519758582115173,-0.016032913699746132,0.5536738038063049,0.2874952256679535,-0.016714878380298615,0.5392513871192932,0.335977166891098,-0.0012366295559331775,0.5410088896751404,0.3358110785484314,-0.002618830418214202,0.5083230137825012,0.2120930552482605,0.0029504867270588875,0.544510006904602,0.28492456674575806,-0.015360577963292599,0.5322597622871399,0.211395263671875,-0.006798949092626572,0.530808687210083,0.2049161046743393,-0.007546901702880859,0.5239312052726746,0.16881725192070007,0.004798437934368849,0.5044394731521606,0.20164260268211365,0.012412224896252155,0.528813362121582,0.1854362189769745,-0.001728364615701139,0.5024674534797668,0.2206910401582718,0.010056543163955212,0.4979138970375061,0.21545562148094177,0.021733678877353668,0.5531997084617615,0.313411146402359,-0.01832563988864422,0.5474234223365784,0.3170165419578552,-0.015384077094495296,0.5437241792678833,0.3219539225101471,-0.011315195821225643,0.5504355430603027,0.28675317764282227,-0.014940721914172173,0.5401288270950317,0.33600279688835144,-0.002005674410611391,0.5412297248840332,0.3433079719543457,-0.0039640250615775585,0.5417733192443848,0.33557799458503723,-0.0026925941929221153,0.5516970753669739,0.2816971242427826,-0.02377297170460224,0.5471732020378113,0.3234735429286957,-0.009488696232438087,0.5506783127784729,0.32029977440834045,-0.012361772358417511,0.5552937388420105,0.3186546862125397,-0.014356316067278385,0.5551296472549438,0.36317768692970276,-0.002256885403767228,0.5534374713897705,0.366016685962677,-0.00838420633226633,0.5537587404251099,0.36246538162231445,-0.009899266995489597,0.5544675588607788,0.3578340709209442,-0.009054264053702354,0.5553551316261292,0.35398608446121216,-0.008564342744648457,0.547055184841156,0.3465120792388916,-0.005257288459688425,0.5454563498497009,0.34820908308029175,-0.005788864102214575,0.5434730648994446,0.35026291012763977,-0.006384118460118771,0.5419384241104126,0.35201019048690796,-0.005495891440659761,0.5394271612167358,0.31069445610046387,-0.009230812080204487,0.49310868978500366,0.28939875960350037,0.05445512756705284,0.5624830722808838,0.2878657579421997,-0.02217791974544525,0.5445219278335571,0.3418894410133362,-0.0034335360396653414,0.5428282022476196,0.34264737367630005,-0.0038782060146331787,0.5552826523780823,0.2907107472419739,-0.016788018867373466,0.5464402437210083,0.29007425904273987,-0.011030726134777069,0.5545374155044556,0.2891429364681244,-0.016971802338957787,0.5380879640579224,0.2627376914024353,-0.004243751522153616,0.528938353061676,0.2692440450191498,-0.003435933031141758,0.543133556842804,0.2809578776359558,-0.013358098454773426,0.508759617805481,0.17910969257354736,0.01385544054210186,0.5142688751220703,0.19120748341083527,0.004819459281861782,0.5180486440658569,0.2061430662870407,-0.002566599752753973,0.5415996313095093,0.34907016158103943,-0.0019969665445387363,0.5451812744140625,0.2052426040172577,-0.00966145284473896,0.5430935621261597,0.18339037895202637,-0.0051130326464772224,0.5397491455078125,0.16339588165283203,-9.44015191635117e-05,0.5182796716690063,0.2449096143245697,0.004704727325588465,0.504648745059967,0.2550267279148102,0.011885564774274826,0.5432950258255005,0.23857814073562622,0.0030836232472211123,0.5090756416320801,0.23255008459091187,0.007825428619980812,0.5483223795890808,0.2511909604072571,-0.0071419416926801205,0.5481608510017395,0.27688050270080566,-0.023541634902358055,0.4992036521434784,0.2629934251308441,0.017350004985928535,0.5090805888175964,0.26026371121406555,0.0065559581853449345,0.5170775055885315,0.2623032331466675,0.001644396805204451,0.5285601615905762,0.25962015986442566,-0.00041625709854997694,0.536898672580719,0.2551122009754181,-0.0009949079249054193,0.5431527495384216,0.2501890957355499,-0.0020409359131008387,0.5557005405426025,0.23890694975852966,-0.012096155434846878,0.501502275466919,0.2808436155319214,0.014709827490150928,0.5043876767158508,0.23267266154289246,0.010344626381993294,0.5598459243774414,0.28556135296821594,-0.02922092378139496,0.544994592666626,0.26483777165412903,-0.008372959680855274,0.4887501001358032,0.24991156160831451,0.0528935007750988,0.547738254070282,0.24486050009727478,-0.0024428258184343576,0.5424858927726746,0.2819693982601166,-0.0073604886420071125,0.5129595994949341,0.2376125007867813,0.009337454102933407,0.5477145314216614,0.2718822956085205,-0.02110968716442585,0.4971078038215637,0.3103066682815552,0.050659067928791046,0.543322741985321,0.23557843267917633,0.00475729675963521,0.552462100982666,0.26646995544433594,-0.02616257406771183,0.5188759565353394,0.3509453237056732,0.017786609008908272,0.5183534026145935,0.36288461089134216,0.02574382722377777,0.4948571026325226,0.2856162190437317,0.03466567024588585,0.511634349822998,0.33939850330352783,0.023329805582761765,0.49447622895240784,0.2307417392730713,0.02970612421631813,0.5411925315856934,0.3811243176460266,0.004089555703103542,0.5603395700454712,0.2876971662044525,-0.02189350314438343,0.5399499535560608,0.27170777320861816,-0.006728582549840212,0.49875983595848083,0.24615547060966492,0.020571304485201836,0.5234053730964661,0.2407761514186859,0.0032745504286140203,0.528480589389801,0.24086728692054749,0.0020536277443170547,0.5398197174072266,0.34377962350845337,-0.003370166290551424,0.5040571689605713,0.2987386882305145,0.015644285827875137,0.5510513186454773,0.3947172164916992,0.005573950242251158,0.5333927869796753,0.38255658745765686,0.014229959808290005,0.5263402462005615,0.37433865666389465,0.019195107743144035,0.5589783191680908,0.18266484141349792,-0.005633701104670763,0.5635624527931213,0.39569947123527527,0.004870639648288488,0.5335698127746582,0.23971159756183624,0.0020813345909118652,0.5383486747741699,0.2378147840499878,0.0031114500015974045,0.5416095852851868,0.2366289645433426,0.004494424909353256,0.5001569390296936,0.23193933069705963,0.016111955046653748,0.5375620126724243,0.23012275993824005,0.002613486023619771,0.5322940945625305,0.22826845943927765,0.0012790766777470708,0.5270313620567322,0.22831469774246216,0.0013098363997414708,0.5218051075935364,0.2302587628364563,0.0024580357130616903,0.5186524391174316,0.23285695910453796,0.004232000559568405,0.48917242884635925,0.22842007875442505,0.04511052370071411,0.5200115442276001,0.23980441689491272,0.004957019817084074,0.5626680850982666,0.2973984181880951,-0.016728796064853668,0.5442810654640198,0.30388349294662476,-0.012049729935824871,0.5490267872810364,0.2835651636123657,-0.018069064244627953,0.5547419190406799,0.2987425923347473,-0.01639077067375183,0.5604954957962036,0.22714456915855408,-0.00933211762458086,0.5259142518043518,0.36260703206062317,0.01363343559205532,0.533162534236908,0.3717995285987854,0.009201469831168652,0.5515076518058777,0.38744932413101196,-0.00018141315376851708,0.5114446878433228,0.3503552973270416,0.034503024071455,0.5414415001869202,0.23325201869010925,0.0038643653970211744,0.5525407791137695,0.25211378931999207,-0.014670447446405888,0.5638677477836609,0.38863804936408997,-0.0006870104698464274,0.5413746237754822,0.3897961676120758,0.008908341638743877,0.4984866678714752,0.3051765561103821,0.03293544799089432,0.5505906343460083,0.3509911298751831,-0.007146419491618872,0.5490593910217285,0.35383525490760803,-0.007579301483929157,0.5475119352340698,0.3573783040046692,-0.008171615190804005,0.5464752912521362,0.36069825291633606,-0.007133107166737318,0.5471198558807373,0.357363224029541,-0.0030001713894307613,0.5428643822669983,0.3285926878452301,-0.006496323738247156,0.541174054145813,0.3281826972961426,-0.006451705936342478,0.5397711992263794,0.3273410499095917,-0.006373521406203508,0.5359899997711182,0.31932616233825684,-0.005001630634069443,0.5129613280296326,0.30143845081329346,0.004857616499066353,0.552116870880127,0.2443704903125763,-0.00922772753983736,0.5477614402770996,0.2286105453968048,0.001169838709756732,0.5438772439956665,0.2300015091896057,0.0030907071195542812,0.5442550182342529,0.32830810546875,-0.005934694781899452,0.5138112902641296,0.3246414065361023,0.013362627476453781,0.5530948638916016,0.227619469165802,-0.0058843581937253475,0.5448135137557983,0.3631897568702698,-3.444894537096843e-05,0.5617867112159729,0.2528948187828064,-0.02470574900507927,0.5564544796943665,0.24712654948234558,-0.017984924837946892,0.5613918304443359,0.24485796689987183,-0.01896117627620697,0.5488592386245728,0.26538363099098206,-0.015533730387687683,0.563805103302002,0.3794785737991333,-0.0025425157509744167,0.5637195706367493,0.37050363421440125,-0.0018204242223873734,0.5539643168449402,0.3695204555988312,-0.0014146558241918683,0.532538890838623,0.3436095714569092,0.002665342763066292,0.538242757320404,0.2899959981441498,-0.0061986856162548065,0.5378115177154541,0.35437947511672974,0.0015167410019785166,0.5254680514335632,0.29126644134521484,-0.004194191657006741,0.5338214039802551,0.3002602458000183,-0.005567932967096567,0.5219423770904541,0.30680009722709656,-4.638460814021528e-05,0.552466630935669,0.3783235251903534,-0.0019273682264611125,0.5453875660896301,0.27073898911476135,-0.011931219138205051,0.5278195142745972,0.3514057993888855,0.00760156475007534,0.5349424481391907,0.3618469834327698,0.005431166850030422,0.5286088585853577,0.331144779920578,0.002135760150849819,0.5069897174835205,0.3143175542354584,0.017478354275226593,0.5213881731033325,0.33397650718688965,0.00721898814663291,0.5037996768951416,0.323233962059021,0.02998455986380577,0.5304160118103027,0.313021183013916,-0.0031192833557724953,0.5489214658737183,0.2583475410938263,-0.011255002580583096,0.5500004887580872,0.2803111672401428,-0.02482990361750126,0.5465799570083618,0.2832382023334503,-0.01899157278239727,0.5525510311126709,0.2743128836154938,-0.02869800291955471,0.542721152305603,0.22198358178138733,-0.0003686397394631058,0.532268226146698,0.21773163974285126,-0.0017978084506466985,0.5232164859771729,0.21779051423072815,-0.0019426144426688552,0.5159491896629333,0.22067981958389282,-5.060690818936564e-05,0.5110669136047363,0.22556248307228088,0.00333209615200758,0.5089477896690369,0.24062670767307281,0.01129315048456192,0.49255433678627014,0.266922265291214,0.034616123884916306,0.514187216758728,0.2513631582260132,0.006415383890271187,0.5204699039459229,0.25300341844558716,0.003200674429535866,0.528484046459198,0.25211894512176514,0.0012066265335306525,0.5360159873962402,0.24924218654632568,0.0008244059281423688,0.5418999195098877,0.24553993344306946,0.0008611119701527059,0.545943558216095,0.24207168817520142,0.0008582427399232984,0.49052709341049194,0.2697436511516571,0.055661946535110474,0.5467243790626526,0.2857603430747986,-0.016246113926172256,0.5528867244720459,0.25914469361305237,-0.019617317244410515,0.5541071891784668,0.28018760681152344,-0.029099775478243828,0.5570036172866821,0.2845308482646942,-0.026961637660861015,0.5540152788162231,0.28185364603996277,-0.02641659788787365,0.5482191443443298,0.2883974611759186,-0.014228813350200653,0.5581055879592896,0.285162091255188,-0.028473328799009323,0.5585868954658508,0.2873399555683136,-0.021921716630458832,0.5454704761505127,0.23550643026828766,0.003935697954148054,0.548958957195282,0.2369358390569687,0.000535102910362184,0.5509819984436035,0.23783385753631592,-0.0036443318240344524,0.5169326663017273,0.2348276674747467,0.006019272841513157,0.5123990178108215,0.232026606798172,0.006266086362302303,0.5663125514984131,0.2539866268634796,-0.02249763160943985,0.5989431142807007,0.23392337560653687,0.011138816364109516,0.5673648715019226,0.2854999899864197,-0.021488595753908157,0.6204410791397095,0.202114537358284,0.042054712772369385,0.5840651988983154,0.2416190654039383,0.004223433323204517,0.5895671248435974,0.24204519391059875,0.0048058852553367615,0.5948265790939331,0.24143949151039124,0.006554914638400078,0.6015998721122742,0.23714742064476013,0.011854746378958225,0.5793063044548035,0.23972190916538239,0.004419904202222824,0.5907431840896606,0.21733930706977844,0.003113569924607873,0.5845727324485779,0.21825426816940308,0.0029089818708598614,0.5965075492858887,0.21895422041416168,0.005188041366636753,0.6003387570381165,0.2224641740322113,0.007701903581619263,0.6068164110183716,0.24245890974998474,0.014449959620833397,0.5838204026222229,0.36751365661621094,0.0036592339165508747,0.6008602976799011,0.2317875325679779,0.013203869573771954,0.624121904373169,0.2398422658443451,0.041220422834157944,0.6131935715675354,0.23757609724998474,0.020891644060611725,0.5892465114593506,0.2754960358142853,-0.003043918404728174,0.5680822730064392,0.30857545137405396,-0.017787788063287735,0.5673425197601318,0.3155352771282196,-0.016177931800484657,0.575865626335144,0.31224027276039124,-0.01413196511566639,0.580497145652771,0.31768348813056946,-0.009143495932221413,0.5730586051940918,0.31724491715431213,-0.013379824347794056,0.5771724581718445,0.32070666551589966,-0.008717142976820469,0.5878155827522278,0.33624258637428284,0.0018376035150140524,0.5671254396438599,0.2803444266319275,-0.03127216547727585,0.5676959753036499,0.2719931900501251,-0.03252582252025604,0.6078962087631226,0.2175440788269043,0.010295371524989605,0.5773550868034363,0.254865437746048,-0.003534110262989998,0.579330563545227,0.2783736288547516,-0.016528716310858727,0.5795336961746216,0.27417588233947754,-0.014543638564646244,0.6059609055519104,0.27472344040870667,0.004522068426012993,0.5669938921928406,0.26211535930633545,-0.02849694900214672,0.5938829183578491,0.20842814445495605,-0.00035858232877217233,0.6019420623779297,0.21145503222942352,0.004441799595952034,0.6145350337028503,0.18574431538581848,0.0313449390232563,0.5700816512107849,0.21581730246543884,-0.0068100830540061,0.5792984366416931,0.2220013588666916,0.004282742273062468,0.5909724235534668,0.3249887526035309,0.0027200018521398306,0.6166781783103943,0.3241458237171173,0.05111648887395859,0.5751279592514038,0.28339675068855286,-0.014679737389087677,0.5707435011863708,0.28637632727622986,-0.016042130067944527,0.5846701264381409,0.33259478211402893,0.0015411119675263762,0.5828609466552734,0.33267855644226074,-0.0001946073753060773,0.6048498749732971,0.20663535594940186,0.008021311834454536,0.5794484615325928,0.2824784219264984,-0.013599005527794361,0.5833877921104431,0.20915545523166656,-0.004202085081487894,0.5840710401535034,0.20262005925178528,-0.004851154517382383,0.5911174416542053,0.1644502878189087,0.008748553693294525,0.6105726361274719,0.1945618987083435,0.017992818728089333,0.5878671407699585,0.18165546655654907,0.0013621485559269786,0.6112692952156067,0.21434375643730164,0.015888310968875885,0.616814911365509,0.20753812789916992,0.027994630858302116,0.5678694248199463,0.31207266449928284,-0.017638277262449265,0.574508786201477,0.31486326456069946,-0.01404761616140604,0.5789526700973511,0.31924691796302795,-0.00948664266616106,0.5737653374671936,0.2851327657699585,-0.01386511605232954,0.5837612748146057,0.3327389657497406,0.0005480045219883323,0.582840085029602,0.33982032537460327,-0.0017948703607544303,0.582059919834137,0.3325303792953491,-0.0003271478053648025,0.5727408528327942,0.2803516685962677,-0.022528665140271187,0.5758472681045532,0.32124319672584534,-0.00784581620246172,0.5718656778335571,0.31852710247039795,-0.011166856624186039,0.5668298006057739,0.31763848662376404,-0.01369454339146614,0.5720490217208862,0.3618040680885315,-0.0016155305784195662,0.5716221332550049,0.36431485414505005,-0.007681568618863821,0.5707527995109558,0.36079925298690796,-0.009141474962234497,0.5696393251419067,0.3562529981136322,-0.00832219235599041,0.5685336589813232,0.3525788187980652,-0.007868831045925617,0.5770292282104492,0.34384745359420776,-0.0035903588868677616,0.5787556767463684,0.34509024024009705,-0.004082741215825081,0.5808658003807068,0.3466515839099884,-0.004646766930818558,0.5825643539428711,0.34809115529060364,-0.0036196543369442225,0.5855095386505127,0.30714839696884155,-0.006825227756053209,0.6237003803253174,0.2805143892765045,0.06242169439792633,0.5795142650604248,0.3391427993774414,-0.0013522098306566477,0.5811966061592102,0.33946889638900757,-0.001779787940904498,0.5694540143013,0.28980448842048645,-0.016136018559336662,0.5775684118270874,0.28786343336105347,-0.009652342647314072,0.5700506567955017,0.2881695330142975,-0.016323568299412727,0.5834437012672424,0.2595713436603546,-0.0016491696005687118,0.5928343534469604,0.2648390531539917,5.060215244157007e-06,0.5804921388626099,0.2783174514770508,-0.011431356891989708,0.6052643656730652,0.17273053526878357,0.019467370584607124,0.6013960838317871,0.18552163243293762,0.009298507124185562,0.595548689365387,0.20217521488666534,0.0014305966906249523,0.584428608417511,0.34535008668899536,0.0001825712388381362,0.5713655352592468,0.20481106638908386,-0.008300377056002617,0.574364423751831,0.1814107894897461,-0.0034867937210947275,0.5760248303413391,0.16107797622680664,0.0019092947477474809,0.5991498827934265,0.24003386497497559,0.00928290281444788,0.6136207580566406,0.24851444363594055,0.01762288063764572,0.5761200189590454,0.23777341842651367,0.005170455202460289,0.6062781810760498,0.22699761390686035,0.013087868690490723,0.573302149772644,0.24939219653606415,-0.005575409159064293,0.5760471820831299,0.27500128746032715,-0.022061767056584358,0.6198084354400635,0.25477874279022217,0.023834403604269028,0.6097038984298706,0.2537105679512024,0.011961287818849087,0.6024196743965149,0.25648263096809387,0.006224890239536762,0.5915927290916443,0.2555055618286133,0.003084932453930378,0.5836224555969238,0.252315491437912,0.0016898929607123137,0.577566385269165,0.24851202964782715,7.6389170544644e-07,0.566112220287323,0.23816673457622528,-0.01141917984932661,0.6190789937973022,0.27271851897239685,0.02113116718828678,0.6109289526939392,0.22654123604297638,0.016110699623823166,0.5653215050697327,0.28518712520599365,-0.028870871290564537,0.5773094296455383,0.26252612471580505,-0.006486731115728617,0.6251956820487976,0.240780770778656,0.061073947697877884,0.5729432106018066,0.24403102695941925,-0.0008664409397169948,0.5807803869247437,0.27925458550453186,-0.005480074789375067,0.6034043431282043,0.2324761599302292,0.014359715394675732,0.5759837627410889,0.2698817253112793,-0.019600313156843185,0.6215264201164246,0.3014775514602661,0.05831467732787132,0.5758224725723267,0.23496423661708832,0.006920652464032173,0.5715106129646301,0.2650992274284363,-0.025043927133083344,0.6053420305252075,0.3436836898326874,0.022350646555423737,0.6051624417304993,0.3552393615245819,0.03100254014134407,0.6242265105247498,0.27679160237312317,0.04160615801811218,0.6116794347763062,0.3316563665866852,0.028760910034179688,0.620640754699707,0.2224319875240326,0.036370545625686646,0.5851922631263733,0.3766922354698181,0.006240582559257746,0.5645917654037476,0.28743961453437805,-0.02167680859565735,0.5823728442192078,0.2687269449234009,-0.004452936816960573,0.6186008453369141,0.23992009460926056,0.02691105753183365,0.5938454866409302,0.23661240935325623,0.007318948861211538,0.5892916917800903,0.23737452924251556,0.005619549658149481,0.5843484401702881,0.3400004506111145,-0.0010152874747291207,0.6176297068595886,0.2907905876636505,0.021789275109767914,0.5756556987762451,0.3922520875930786,0.006875113118439913,0.591711699962616,0.3765120804309845,0.017505833879113197,0.5981864929199219,0.367358922958374,0.023356053978204727,0.5846975445747375,0.23708195984363556,0.0051277573220431805,0.580301821231842,0.2361416220664978,0.005726192146539688,0.5773879885673523,0.23567858338356018,0.006808266509324312,0.6150850057601929,0.22533996403217316,0.022287243977189064,0.5805243849754333,0.22783246636390686,0.00530793284997344,0.5850043296813965,0.22477972507476807,0.004428472835570574,0.5896995067596436,0.22405008971691132,0.004957364872097969,0.5945018529891968,0.2254417985677719,0.006601966917514801,0.5975711345672607,0.2278805375099182,0.008669833652675152,0.6237397789955139,0.2193884551525116,0.05306575447320938,0.5968490242958069,0.2353147268295288,0.009329721331596375,0.5806306004524231,0.3011663258075714,-0.010177502408623695,0.575232744216919,0.2818201780319214,-0.01679028384387493,0.5706325769424438,0.2976282835006714,-0.015637466683983803,0.5989487767219543,0.3559993505477905,0.017310548573732376,0.5923055410385132,0.3660045862197876,0.012079753912985325,0.5758232474327087,0.3850710988044739,0.0009413035586476326,0.6108263731002808,0.342217355966568,0.040798719972372055,0.5773109793663025,0.23211543262004852,0.006266320589929819,0.5699795484542847,0.25088396668434143,-0.013587907887995243,0.584531843662262,0.38521304726600647,0.011318178847432137,0.6220320463180542,0.296560138463974,0.03956283628940582,0.5734575390815735,0.34860581159591675,-0.005893818102777004,0.5751705169677734,0.35104677081108093,-0.006272022146731615,0.5770192742347717,0.35427528619766235,-0.00681640487164259,0.5784690380096436,0.35737887024879456,-0.005743658170104027,0.5795006155967712,0.35452505946159363,-0.0013954674359411001,0.5804316401481628,0.3257424831390381,-0.004360422492027283,0.5820430517196655,0.3250872790813446,-0.004114480223506689,0.5834954380989075,0.32404935359954834,-0.00385464308783412,0.5890312790870667,0.3151112496852875,-0.002039866056293249,0.609817385673523,0.29452234506607056,0.010025380179286003,0.5695308446884155,0.2431620955467224,-0.008112573064863682,0.5713896155357361,0.22834771871566772,0.0025897654704749584,0.5748857855796814,0.22922316193580627,0.005124218296259642,0.57917320728302,0.3256560266017914,-0.0038591092452406883,0.6095819473266602,0.3173966109752655,0.018516017124056816,0.5664820671081543,0.22800883650779724,-0.00502829160541296,0.5816245675086975,0.35976648330688477,0.0017188010970130563,0.5662422776222229,0.24641147255897522,-0.017414014786481857,0.5741633772850037,0.26361510157585144,-0.014151855371892452,0.5731881856918335,0.3677661716938019,-0.0006129262619651854,0.5926657915115356,0.3385234475135803,0.00565235735848546,0.5851907134056091,0.286580890417099,-0.0038382194470614195,0.5878958106040955,0.3498739004135132,0.003892261767759919,0.5977457165718079,0.28610512614250183,-0.0005131103098392487,0.5902111530303955,0.2960888147354126,-0.002651542890816927,0.6016893982887268,0.3009149730205536,0.004107799381017685,0.574804425239563,0.3762669265270233,-0.0008851253660395741,0.5775017142295837,0.2684389650821686,-0.010212712921202183,0.5971412658691406,0.34533318877220154,0.011087434366345406,0.5906930565834045,0.35662490129470825,0.008074508048593998,0.5961824059486389,0.32575660943984985,0.005781779531389475,0.6154624223709106,0.30646276473999023,0.0233309306204319,0.6029103398323059,0.32745376229286194,0.011515426449477673,0.6180405616760254,0.31495144963264465,0.036257751286029816,0.5940275192260742,0.3081832826137543,0.00029825104866176844,0.5734291672706604,0.2566177546977997,-0.009748113341629505,0.574441134929657,0.2787175178527832,-0.023473680019378662,0.577663242816925,0.28109776973724365,-0.01748051308095455,0.5720488429069519,0.27298590540885925,-0.027585405856370926,0.5751757621765137,0.22078174352645874,0.001557730371132493,0.5839546322822571,0.21515658497810364,0.0010183029808104038,0.5919211506843567,0.21409058570861816,0.0017281543696299195,0.5986566543579102,0.21602363884449005,0.004410926718264818,0.6034964919090271,0.22029411792755127,0.008313127793371677,0.6076310873031616,0.23505616188049316,0.01663900725543499,0.6249675750732422,0.2580623924732208,0.04178738594055176,0.6037692427635193,0.24576707184314728,0.011303511448204517,0.5981917977333069,0.24799302220344543,0.007487825118005276,0.5908180475234985,0.24823564291000366,0.0047196513041853905,0.583705484867096,0.2465892881155014,0.0036098931450396776,0.5781441926956177,0.24400898814201355,0.002955707488581538,0.5742344856262207,0.24127094447612762,0.002566084498539567,0.6246943473815918,0.2608084976673126,0.06381897628307343,0.5774052143096924,0.28361278772354126,-0.014752737246453762,0.5703555941581726,0.2578994631767273,-0.018528958782553673,0.5707221627235413,0.2790897488594055,-0.028214916586875916,0.5678107142448425,0.28385457396507263,-0.026436369866132736,0.5706284642219543,0.2808631360530853,-0.025518950074911118,0.5759178400039673,0.2864050269126892,-0.012985236011445522,0.5669384002685547,0.28458666801452637,-0.028052259236574173,0.5662041902542114,0.2868340015411377,-0.02157185971736908,0.5739268064498901,0.2351461499929428,0.0057479445822536945,0.5710653066635132,0.23670423030853271,0.0018838299438357353,0.5693363547325134,0.23766744136810303,-0.002532685175538063,0.5993797183036804,0.2299279421567917,0.010643310844898224,0.6030178070068359,0.22690434753894806,0.011163536459207535,0.5280569791793823,0.23321551084518433,0.0038424301892518997,0.5345940589904785,0.23245298862457275,0.0038424301892518997,0.5273789167404175,0.22576561570167542,0.0038424301892518997,0.5214607119560242,0.23392829298973083,0.0038424301892518997,0.5286833643913269,0.24061016738414764,0.0038424301892518997,0.5886930227279663,0.22949214279651642,0.007379311136901379,0.5941890478134155,0.2294391691684723,0.007379311136901379,0.5886822938919067,0.2223382443189621,0.007379311136901379,0.5833083391189575,0.229475200176239,0.007379311136901379,0.5887836813926697,0.2367175668478012,0.007379311136901379
833.3333333333336,0.5600131154060364,0.31052178144454956,-0.019163167104125023,0.5629324316978455,0.2804419696331024,-0.031840622425079346,0.562639057636261,0.29006099700927734,-0.017991483211517334,0.55736243724823,0.25445616245269775,-0.02297591231763363,0.5628129243850708,0.27175721526145935,-0.03326970711350441,0.5624071359634399,0.26119571924209595,-0.03036811575293541,0.5611053109169006,0.23609402775764465,-0.01369131077080965,0.5175120830535889,0.2390284538269043,0.006659804843366146,0.5602295398712158,0.21733570098876953,-0.009174562059342861,0.5598489046096802,0.205810084939003,-0.009546501561999321,0.5581137537956238,0.1612909883260727,-0.0003631988656707108,0.5601152777671814,0.3130169212818146,-0.018940746784210205,0.56039959192276,0.3161419630050659,-0.017414838075637817,0.5607287287712097,0.31850287318229675,-0.014791500754654408,0.5620329976081848,0.35448288917541504,-0.00896445382386446,0.5621758103370667,0.3586927354335785,-0.009529952891170979,0.5624085068702698,0.3634485900402069,-0.010267702862620354,0.5626999139785767,0.3672380745410919,-0.00813748873770237,0.564031720161438,0.36398038268089294,-0.0017929377499967813,0.5628644227981567,0.28530773520469666,-0.0292388703674078,0.557647705078125,0.2859126329421997,-0.021855590865015984,0.49214968085289,0.21105188131332397,0.03465786576271057,0.5348002314567566,0.24445751309394836,0.0013444229261949658,0.5288264751434326,0.24600860476493835,0.0013512111036106944,0.5230309367179871,0.24623402953147888,0.0025568713899701834,0.5152620077133179,0.24262964725494385,0.007123131770640612,0.5398373603820801,0.241519495844841,0.002189816441386938,0.5248286128044128,0.22109389305114746,-0.0004934279713779688,0.5319079756736755,0.22115905582904816,6.270753510762006e-05,0.5184568762779236,0.2235403060913086,0.0009857657132670283,0.5144623517990112,0.2275453358888626,0.003182712011039257,0.5106468200683594,0.24871297180652618,0.009361696429550648,0.5429785847663879,0.3714399039745331,0.0016407493967562914,0.5153207778930664,0.23703287541866302,0.008523252792656422,0.4918881058692932,0.24884869158267975,0.034284986555576324,0.5034933686256409,0.24429026246070862,0.01519303023815155,0.5338149070739746,0.27953803539276123,-0.005867923144251108,0.5525288581848145,0.3098527789115906,-0.01848527416586876,0.5541864633560181,0.3169955909252167,-0.01682797446846962,0.5459580421447754,0.31474897265434265,-0.015602164901793003,0.5422493815422058,0.3209603428840637,-0.011221135035157204,0.549243152141571,0.3195814788341522,-0.014633295126259327,0.5458393096923828,0.32362836599349976,-0.010463462211191654,0.5380996465682983,0.34070098400115967,-0.0008341433713212609,0.5583769679069519,0.280656635761261,-0.03151385858654976,0.557611346244812,0.27248048782348633,-0.03282284364104271,0.5058972239494324,0.2236265242099762,0.00501636229455471,0.5444585680961609,0.2572478950023651,-0.005399433430284262,0.5451099872589111,0.2807316482067108,-0.01820889674127102,0.544455349445343,0.27666324377059937,-0.0162789486348629,0.5162537693977356,0.28126800060272217,-0.00020484415290411562,0.5574991703033447,0.2626318335533142,-0.028926869854331017,0.5202187895774841,0.2120765745639801,-0.003996316343545914,0.511603593826294,0.21653364598751068,-0.00011269860260654241,0.49860745668411255,0.1937732994556427,0.024717282503843307,0.5477157235145569,0.21591374278068542,-0.007916596718132496,0.5381482839584351,0.22404137253761292,0.001988306874409318,0.5345647931098938,0.32989272475242615,-0.0004931854200549424,0.5041220784187317,0.33295172452926636,0.04388737678527832,0.5494656562805176,0.2851131558418274,-0.0159378033131361,0.5540179014205933,0.28740057349205017,-0.016623254865407944,0.5396069288253784,0.33662149310112,-0.0013370796805247664,0.5413861870765686,0.3363988697528839,-0.002726865466684103,0.5080664157867432,0.2122230976819992,0.003151838667690754,0.5449026823043823,0.28491705656051636,-0.01525928732007742,0.5321277976036072,0.21127849817276,-0.006609098054468632,0.5306583046913147,0.20479609072208405,-0.007337824907153845,0.523987352848053,0.16893069446086884,0.005032275337725878,0.5044558644294739,0.20176026225090027,0.012588439509272575,0.528861403465271,0.1853960156440735,-0.0015202289214357734,0.5021945238113403,0.2209530919790268,0.010234059765934944,0.49788764119148254,0.21564483642578125,0.021885452792048454,0.5530827641487122,0.31350407004356384,-0.018336337059736252,0.5474492907524109,0.3172721564769745,-0.015405687503516674,0.5438713431358337,0.3223685920238495,-0.011358572170138359,0.5508095622062683,0.2866855263710022,-0.014844974502921104,0.5404979586601257,0.3366210460662842,-0.002109024440869689,0.5416461229324341,0.3437216877937317,-0.004054923076182604,0.5421574711799622,0.3361412286758423,-0.002797538647428155,0.5520418882369995,0.2815016210079193,-0.023626131936907768,0.5474032163619995,0.32404085993766785,-0.009561565704643726,0.5507805347442627,0.3208145797252655,-0.012422891333699226,0.5552725195884705,0.31911683082580566,-0.014411057345569134,0.555475115776062,0.36321932077407837,-0.0022311462089419365,0.5538395643234253,0.36618977785110474,-0.008380986750125885,0.5541267395019531,0.3624856472015381,-0.009921886958181858,0.5548098683357239,0.3576180338859558,-0.009107150137424469,0.5556841492652893,0.3536370098590851,-0.008613867685198784,0.5475000143051147,0.34645789861679077,-0.005327820312231779,0.5458847880363464,0.34829315543174744,-0.005858271382749081,0.5438956618309021,0.350520521402359,-0.0064431726932525635,0.5423574447631836,0.3524112105369568,-0.005552319809794426,0.5398001074790955,0.31084683537483215,-0.00923349242657423,0.49312281608581543,0.2898094654083252,0.054434970021247864,0.5627173185348511,0.28761181235313416,-0.02207173779606819,0.5449770092964172,0.342075377702713,-0.0035224752500653267,0.543262779712677,0.3429500460624695,-0.003967859782278538,0.555596113204956,0.2906295359134674,-0.0167024414986372,0.546841025352478,0.29010191559791565,-0.010961975902318954,0.5548704266548157,0.28905320167541504,-0.016879109665751457,0.5383334159851074,0.262828528881073,-0.004143916070461273,0.5291764140129089,0.2694040834903717,-0.0033267727121710777,0.5435065031051636,0.28097397089004517,-0.01326046884059906,0.5087973475456238,0.17929643392562866,0.014066683128476143,0.5143061876296997,0.19124871492385864,0.005008933134377003,0.5178400874137878,0.2061699479818344,-0.002363053150475025,0.541969895362854,0.34917932748794556,-0.002048332476988435,0.5450746417045593,0.20498844981193542,-0.009459895081818104,0.5431370735168457,0.1833023726940155,-0.004914405290037394,0.5397905111312866,0.16344229876995087,0.0001297261769650504,0.5181478261947632,0.24531951546669006,0.004822302609682083,0.504605770111084,0.25548055768013,0.0119879599660635,0.5431321859359741,0.23876918852329254,0.0031485504005104303,0.5088379979133606,0.23289762437343597,0.00796458963304758,0.5485343933105469,0.2511587142944336,-0.007026580162346363,0.5484976768493652,0.27674564719200134,-0.02338504046201706,0.49926117062568665,0.263266921043396,0.01744263246655464,0.509104311466217,0.2606476843357086,0.006658949423581362,0.5171754360198975,0.26257967948913574,0.0017481078393757343,0.5286809206008911,0.2598194479942322,-0.0003050793311558664,0.5370023846626282,0.25526851415634155,-0.0008965602610260248,0.5432366132736206,0.2502979040145874,-0.0019457360031083226,0.5558639168739319,0.2387474775314331,-0.01192963495850563,0.5016610622406006,0.2811514437198639,0.014784339815378189,0.5041764974594116,0.23302611708641052,0.010491132736206055,0.5601189136505127,0.28528720140457153,-0.029065391048789024,0.5452741384506226,0.26484349370002747,-0.008278143592178822,0.48857587575912476,0.2502891719341278,0.052945081144571304,0.5478024482727051,0.24491062760353088,-0.002348019042983651,0.5428586006164551,0.2820214331150055,-0.007296995725482702,0.512701153755188,0.2380456030368805,0.009449562057852745,0.5480446815490723,0.27178770303726196,-0.020962582901120186,0.49726229906082153,0.3107132315635681,0.050610750913619995,0.5431194305419922,0.23576673865318298,0.004810902290046215,0.552730917930603,0.2663138508796692,-0.025984011590480804,0.5193017721176147,0.3510528802871704,0.01770329289138317,0.5188521146774292,0.36293476819992065,0.025675475597381592,0.4949512481689453,0.28593042492866516,0.034686438739299774,0.5120198726654053,0.33959224820137024,0.023257698863744736,0.49440351128578186,0.23097412288188934,0.029822150245308876,0.541638195514679,0.38106927275657654,0.0040544974617660046,0.5606080889701843,0.28744935989379883,-0.021787147969007492,0.5402517914772034,0.27177566289901733,-0.0066475775092840195,0.49861156940460205,0.24664968252182007,0.02067943476140499,0.5232781767845154,0.24117116630077362,0.0033764203544706106,0.5283732414245605,0.2412126064300537,0.0021498550195246935,0.5402118563652039,0.34428489208221436,-0.0034616095945239067,0.5043138265609741,0.29903653264045715,0.01567111723124981,0.5515589714050293,0.39468276500701904,0.005537011660635471,0.533928394317627,0.38246047496795654,0.014180566184222698,0.5268688201904297,0.37427660822868347,0.0191335566341877,0.5590065121650696,0.18253180384635925,-0.005452880635857582,0.5640562176704407,0.39567697048187256,0.004808458499610424,0.5334433317184448,0.24000535905361176,0.0021688812412321568,0.5381703972816467,0.23806628584861755,0.003183651017025113,0.5414112210273743,0.23684746026992798,0.004554564133286476,0.4999215304851532,0.23231996595859528,0.01625325158238411,0.5373706221580505,0.23022153973579407,0.002683576662093401,0.5321176648139954,0.22832278907299042,0.0013733628438785672,0.5268520712852478,0.22837577760219574,0.0014144227607175708,0.5216127634048462,0.230386883020401,0.0025722384452819824,0.5184400677680969,0.23308883607387543,0.004343301057815552,0.4890156686306,0.22877304255962372,0.045222193002700806,0.5198492407798767,0.24022692441940308,0.0050625246949493885,0.5628879070281982,0.29733067750930786,-0.01667553000152111,0.5446410775184631,0.303973525762558,-0.01201141718775034,0.5493942499160767,0.2834473252296448,-0.017954301089048386,0.5550360679626465,0.2987486720085144,-0.01632910780608654,0.5606033802032471,0.2269093245267868,-0.009174368344247341,0.526350200176239,0.3626334071159363,0.013550854288041592,0.5336155295372009,0.37174752354621887,0.00914180651307106,0.5519344806671143,0.3874216675758362,-0.00019912690913770348,0.511870801448822,0.350553423166275,0.03443699702620506,0.541239857673645,0.2334117740392685,0.003927024081349373,0.5527457594871521,0.25200435519218445,-0.014521492645144463,0.5643083453178406,0.38861802220344543,-0.0007203859859146178,0.5418973565101624,0.3897167444229126,0.008873998187482357,0.498687744140625,0.30548787117004395,0.03292091190814972,0.5509900450706482,0.3507390022277832,-0.0072012776508927345,0.5494635105133057,0.3537096381187439,-0.0076369368471205235,0.5479263663291931,0.3574729859828949,-0.008211841806769371,0.5469124913215637,0.36097097396850586,-0.007160591892898083,0.5474810600280762,0.3574179708957672,-0.003015130991116166,0.5431777238845825,0.3291916847229004,-0.0065744733437895775,0.5414380431175232,0.32875245809555054,-0.006527133285999298,0.5399879813194275,0.32784515619277954,-0.0064415112137794495,0.5363781452178955,0.3195323944091797,-0.005042857024818659,0.5132637619972229,0.30170419812202454,0.004890922456979752,0.5523061752319336,0.24427121877670288,-0.00909196212887764,0.5476326942443848,0.2286670207977295,0.0012399295810610056,0.5436933636665344,0.23011958599090576,0.003156414022669196,0.5445994138717651,0.32890772819519043,-0.006024795118719339,0.5141886472702026,0.32487261295318604,0.013329277746379375,0.5531051158905029,0.22753500938415527,-0.00575956329703331,0.5451792478561401,0.3632065951824188,-4.7307501517934725e-05,0.5619708299636841,0.2526897192001343,-0.024526886641979218,0.556632936000824,0.24696123600006104,-0.017808852717280388,0.5615536570549011,0.24466580152511597,-0.01878625713288784,0.5491442680358887,0.26531732082366943,-0.01540223415941,0.5642045736312866,0.37946027517318726,-0.0025545605458319187,0.5640765428543091,0.37049779295921326,-0.001814737101085484,0.5543169379234314,0.3695226311683655,-0.0014042973052710295,0.5328959226608276,0.3437635600566864,0.0025998272467404604,0.5386133193969727,0.2901095151901245,-0.006141263525933027,0.5381796956062317,0.3544524908065796,0.0014724499778822064,0.5257748961448669,0.2914576828479767,-0.004130830522626638,0.5341699719429016,0.30042344331741333,-0.005530023016035557,0.5222817063331604,0.3070276379585266,-3.144443326164037e-05,0.5528414845466614,0.37831422686576843,-0.0019262743880972266,0.545713484287262,0.27072811126708984,-0.011829134076833725,0.5282083749771118,0.35150641202926636,0.007530227769166231,0.5353403091430664,0.3618554472923279,0.0053777084685862064,0.5289667248725891,0.3313656151294708,0.0020845977123826742,0.5073114037513733,0.3145917057991028,0.017462261021137238,0.5217690467834473,0.3341636657714844,0.007165818475186825,0.5040920376777649,0.32350918650627136,0.029931355267763138,0.5307710766792297,0.3132491409778595,-0.0031159110367298126,0.5491666793823242,0.2582958936691284,-0.011136986315250397,0.550341784954071,0.2801312506198883,-0.02467215806245804,0.5469540953636169,0.2831527590751648,-0.018871290609240532,0.5528470277786255,0.27410170435905457,-0.028512684628367424,0.5425648093223572,0.22198037803173065,-0.0002828623401001096,0.5320932269096375,0.2177242934703827,-0.0016726600006222725,0.5230266451835632,0.21782520413398743,-0.00178658333607018,0.5157378315925598,0.22079646587371826,0.00011792951409006491,0.5108267664909363,0.22578752040863037,0.0034951800480484962,0.5087450742721558,0.2410707175731659,0.011412444524466991,0.4925364851951599,0.26721659302711487,0.03466681018471718,0.51412034034729,0.25174620747566223,0.006524129770696163,0.5204740762710571,0.25331729650497437,0.00331265851855278,0.5284984707832336,0.2523845434188843,0.0013160972157493234,0.5360105037689209,0.24946226179599762,0.0009110449464060366,0.5418576598167419,0.24571242928504944,0.0009447582997381687,0.5458845496177673,0.2421947568655014,0.0009312905021943152,0.49042731523513794,0.2701398432254791,0.05567232519388199,0.5471107959747314,0.2857120931148529,-0.016143834218382835,0.5531193614006042,0.259017676115036,-0.019459201022982597,0.5544180274009705,0.2799355387687683,-0.02892751805484295,0.5573239326477051,0.2842865288257599,-0.026811785995960236,0.5543491244316101,0.28162235021591187,-0.026260139420628548,0.5486081838607788,0.28837817907333374,-0.01414171140640974,0.5584046244621277,0.2849016487598419,-0.028319306671619415,0.558885395526886,0.2871123254299164,-0.021810954436659813,0.5452938079833984,0.23566044867038727,0.003988068550825119,0.5488804578781128,0.2370128035545349,0.0006094811833463609,0.5510110855102539,0.23783527314662933,-0.003535174299031496,0.5167104601860046,0.23514945805072784,0.006130484864115715,0.5121354460716248,0.23236073553562164,0.006388059817254543,0.5664714574813843,0.2537723481655121,-0.022344296798110008,0.5986522436141968,0.23388387262821198,0.011020869016647339,0.5675221681594849,0.285234272480011,-0.021389855071902275,0.6209583282470703,0.20200414955615997,0.04175088182091713,0.5835835933685303,0.241448312997818,0.004161217249929905,0.5892152786254883,0.24192480742931366,0.004733103793114424,0.5945706367492676,0.2413451075553894,0.006469330284744501,0.6013647317886353,0.2370743751525879,0.011731233447790146,0.5786577463150024,0.2395174503326416,0.004378705285489559,0.5905762314796448,0.21740500628948212,0.003067890414968133,0.5842331647872925,0.21818916499614716,0.0028802461456507444,0.5964276790618896,0.21909168362617493,0.005125867668539286,0.6002475023269653,0.22259651124477386,0.007616009563207626,0.6067626476287842,0.242270827293396,0.014300869777798653,0.5841249823570251,0.36744898557662964,0.0035549774765968323,0.6005643606185913,0.2318117469549179,0.013080737553536892,0.6246020197868347,0.23967008292675018,0.04094746336340904,0.6132653951644897,0.23727670311927795,0.020716527476906776,0.5893027782440186,0.27540141344070435,-0.0030981614254415035,0.567760705947876,0.30837446451187134,-0.01780509017407894,0.5671042799949646,0.31578072905540466,-0.01622096076607704,0.5755959153175354,0.3122202157974243,-0.014177667908370495,0.5802987813949585,0.31783223152160645,-0.009233459830284119,0.5728235840797424,0.3175467550754547,-0.013449921272695065,0.5769748091697693,0.3210882544517517,-0.008818203583359718,0.5879122614860535,0.33629941940307617,0.0016902531497180462,0.5673376321792603,0.28001388907432556,-0.03111357055604458,0.5678908228874207,0.27170026302337646,-0.03235286474227905,0.6080012917518616,0.21724893152713776,0.010227433405816555,0.5774417519569397,0.25474295020103455,-0.003524108324199915,0.5793658494949341,0.27817386388778687,-0.0164783988147974,0.5795623064041138,0.27400386333465576,-0.014502610079944134,0.6060382723808289,0.27462637424468994,0.004374001640826464,0.5671707391738892,0.2618680000305176,-0.02833116240799427,0.5939763188362122,0.2083093225955963,-0.00031994684832170606,0.6020420789718628,0.21126098930835724,0.004435779061168432,0.6148577928543091,0.1856180727481842,0.03112989291548729,0.5699835419654846,0.2156478464603424,-0.006693889386951923,0.5787938833236694,0.22180460393428802,0.004251476377248764,0.5910032391548157,0.32503384351730347,0.0025542411021888256,0.616995096206665,0.32411572337150574,0.050602447241544724,0.5751945376396179,0.2831927239894867,-0.014635175466537476,0.57085782289505,0.28620603680610657,-0.01597517728805542,0.5846412181854248,0.33300548791885376,0.0013687958708032966,0.5828215479850769,0.3330729901790619,-0.0003601064963731915,0.6050033569335938,0.20618316531181335,0.007994703017175198,0.5794739127159119,0.2823331356048584,-0.013567565008997917,0.58338463306427,0.2090722918510437,-0.004121461417526007,0.5841400623321533,0.20234012603759766,-0.0047517744824290276,0.5911523699760437,0.16431176662445068,0.008752563036978245,0.6107719540596008,0.19436337053775787,0.01791706494987011,0.5878843069076538,0.1814064234495163,0.0014375319005921483,0.6114230751991272,0.21376413106918335,0.015795931220054626,0.6171557307243347,0.20736894011497498,0.027847643941640854,0.5675850510597229,0.31207871437072754,-0.017669811844825745,0.574252724647522,0.3149961829185486,-0.014109271578490734,0.5787534117698669,0.3195118308067322,-0.009581532329320908,0.5738377571105957,0.2849598228931427,-0.013814246281981468,0.5837256908416748,0.3331422209739685,0.0003802735300268978,0.5828824043273926,0.3401319682598114,-0.0019359678262844682,0.5820128321647644,0.3329194188117981,-0.0004875318845734,0.5728559494018555,0.2800522744655609,-0.022431423887610435,0.5756582021713257,0.3216876983642578,-0.00795938353985548,0.571647584438324,0.3189362585544586,-0.011258513666689396,0.5666329860687256,0.31802648305892944,-0.013764657080173492,0.5723305940628052,0.36182448267936707,-0.0015995441935956478,0.5718569159507751,0.3645095229148865,-0.007691210135817528,0.5709518790245056,0.36085379123687744,-0.009175545535981655,0.5697873830795288,0.3560909628868103,-0.008390041068196297,0.5686445236206055,0.3523016571998596,-0.007929708808660507,0.5770625472068787,0.3439041078090668,-0.003696379018947482,0.578822672367096,0.3452317416667938,-0.004188171122223139,0.580973744392395,0.3469226658344269,-0.0047439453192055225,0.5827142596244812,0.34847885370254517,-0.0037185088731348515,0.5855439305305481,0.307131290435791,-0.006900493986904621,0.624234676361084,0.2804687023162842,0.061915650963783264,0.5795093178749084,0.33932945132255554,-0.0014884521951898932,0.5812105536460876,0.33971771597862244,-0.0019176440546289086,0.569588303565979,0.2896730303764343,-0.01607619971036911,0.5776104927062988,0.2877700626850128,-0.009637575596570969,0.5701754689216614,0.288019597530365,-0.016257986426353455,0.583523690700531,0.2594715356826782,-0.001679551089182496,0.5929130911827087,0.2647431492805481,-6.139009929029271e-05,0.5805121660232544,0.2781830132007599,-0.011412457562983036,0.6054182052612305,0.17258183658123016,0.019353019073605537,0.6014909148216248,0.18529072403907776,0.00929408147931099,0.595691442489624,0.2018083930015564,0.001461209962144494,0.5845844745635986,0.3453829288482666,7.538156205555424e-05,0.5713604688644409,0.20450465381145477,-0.008154395036399364,0.574371337890625,0.18121114373207092,-0.0033529698848724365,0.5760245323181152,0.16097822785377502,0.0020166593603789806,0.5989208817481995,0.23995648324489594,0.009178662672638893,0.6137336492538452,0.24827736616134644,0.017434924840927124,0.5753651261329651,0.23752975463867188,0.0051326993852853775,0.6062461733818054,0.22691461443901062,0.012967998161911964,0.5733968615531921,0.24924428761005402,-0.005532305687665939,0.5761289000511169,0.27473315596580505,-0.021965978667140007,0.6200677156448364,0.2546214461326599,0.02359527349472046,0.6097663640975952,0.25350770354270935,0.011793275363743305,0.6024747490882874,0.2563570737838745,0.006096342112869024,0.5915148854255676,0.2554289400577545,0.0030139300506561995,0.5833842158317566,0.252253919839859,0.0016518610063940287,0.5772497057914734,0.24847516417503357,-1.5540088043053402e-06,0.5662233233451843,0.23796285688877106,-0.011281687766313553,0.6192656755447388,0.27259576320648193,0.020876357331871986,0.6110051274299622,0.2262638658285141,0.01598094217479229,0.5655288100242615,0.28488561511039734,-0.028727591037750244,0.5773794651031494,0.2623966634273529,-0.006478617899119854,0.6258713603019714,0.24067655205726624,0.060641098767519,0.5726005434989929,0.24400992691516876,-0.0008457396761514246,0.580804705619812,0.2791573405265808,-0.005498518235981464,0.6031686663627625,0.2324298620223999,0.014225995168089867,0.5760504007339478,0.2696588933467865,-0.019514910876750946,0.6219609379768372,0.30146095156669617,0.05779046565294266,0.5750167965888977,0.2346634566783905,0.006869311444461346,0.5716354250907898,0.2648581266403198,-0.024910425767302513,0.6054723262786865,0.343591570854187,0.022043215110898018,0.6053627133369446,0.355153888463974,0.0305973831564188,0.6245666146278381,0.2766770124435425,0.041263647377491,0.6118117570877075,0.33154475688934326,0.028413672000169754,0.621087908744812,0.2222583293914795,0.03615488111972809,0.5855363011360168,0.37661564350128174,0.006116926204413176,0.5647919774055481,0.287176251411438,-0.021578984335064888,0.5824257731437683,0.2686261534690857,-0.004477982874959707,0.618813693523407,0.23947781324386597,0.026700474321842194,0.5935366153717041,0.23650357127189636,0.007225099951028824,0.588922917842865,0.23722957074642181,0.00554101774469018,0.5844217538833618,0.3403703570365906,-0.0011630378430709243,0.6177598834037781,0.2906716465950012,0.021503562107682228,0.5761228799819946,0.3922097086906433,0.0067695858888328075,0.5920541286468506,0.3764514923095703,0.017259055748581886,0.5984504818916321,0.36728912591934204,0.023035451769828796,0.5842071175575256,0.23687708377838135,0.005063686054199934,0.5796154141426086,0.23588056862354279,0.00566887715831399,0.5765881538391113,0.23538930714130402,0.006754952948540449,0.6152379512786865,0.22480939328670502,0.02213446982204914,0.5800043344497681,0.2278406023979187,0.005256527103483677,0.5847090482711792,0.22503536939620972,0.004379719961434603,0.58949875831604,0.22449970245361328,0.004895871039479971,0.594277560710907,0.22592288255691528,0.006524352822452784,0.5973232388496399,0.22824367880821228,0.008574269711971283,0.6243846416473389,0.21926943957805634,0.05268775671720505,0.5965543389320374,0.2352485954761505,0.009222558699548244,0.5806992053985596,0.3011274039745331,-0.010194347240030766,0.5753057599067688,0.28158125281333923,-0.01672743260860443,0.570777952671051,0.2975667715072632,-0.015596531331539154,0.5991502404212952,0.35592687129974365,0.01705782487988472,0.5925655364990234,0.36592766642570496,0.011891597881913185,0.5762307047843933,0.38501739501953125,0.0008758871699683368,0.6110498905181885,0.34215277433395386,0.040331192314624786,0.5765915513038635,0.2319176346063614,0.006217559799551964,0.5700958371162415,0.25069624185562134,-0.013487651944160461,0.5849413275718689,0.385154128074646,0.01114588975906372,0.622305691242218,0.2964530289173126,0.039202310144901276,0.5735200047492981,0.3484905958175659,-0.005976575426757336,0.5752673745155334,0.35102900862693787,-0.006356735713779926,0.577163815498352,0.35444095730781555,-0.006883848924189806,0.5786532163619995,0.3577009439468384,-0.005801116116344929,0.5797163248062134,0.3545447885990143,-0.001441032043658197,0.5802987813949585,0.3261614441871643,-0.0044897315092384815,0.5819230079650879,0.32545602321624756,-0.0042469860054552555,0.5833920240402222,0.32435160875320435,-0.003989032469689846,0.5890464186668396,0.31511950492858887,-0.0021689971908926964,0.6098716259002686,0.2944137156009674,0.009815323166549206,0.5696354508399963,0.24298538267612457,-0.00802652072161436,0.5709102749824524,0.22807639837265015,0.0026066687423735857,0.5742174386978149,0.22894206643104553,0.005102246999740601,0.5790361166000366,0.3261035084724426,-0.003993785008788109,0.6096383333206177,0.31728172302246094,0.018233435228466988,0.5662628412246704,0.22783012688159943,-0.0049344743601977825,0.5818705558776855,0.35974109172821045,0.0016521610086783767,0.5663813352584839,0.24620622396469116,-0.01726309210062027,0.5742483139038086,0.2634388208389282,-0.014084232971072197,0.573502779006958,0.3677416741847992,-0.0006303643458522856,0.5927921533584595,0.33852964639663696,0.005485936533659697,0.585227906703949,0.286520779132843,-0.0038720467127859592,0.58808434009552,0.349866658449173,0.0037712310440838337,0.597783625125885,0.2860105037689209,-0.0006113147246651351,0.590248167514801,0.29603850841522217,-0.002722503850236535,0.6017200350761414,0.3008299171924591,0.003945266827940941,0.575171172618866,0.3762192726135254,-0.0009264883119612932,0.5775572657585144,0.2682913839817047,-0.010186386294662952,0.5973044633865356,0.34528860449790955,0.010873900726437569,0.5909144878387451,0.3565642237663269,0.00791243277490139,0.5962414145469666,0.3257499933242798,0.00560010364279151,0.6155668497085571,0.30634188652038574,0.023023240268230438,0.6029751300811768,0.3273801803588867,0.011281333863735199,0.618249773979187,0.3148414194583893,0.03589147329330444,0.5940527319908142,0.30816906690597534,0.00018248507694806904,0.5735223889350891,0.25645706057548523,-0.00969699490815401,0.5745452642440796,0.27841782569885254,-0.023368967697024345,0.5777172446250916,0.2808743119239807,-0.01741916313767433,0.5721895098686218,0.27268263697624207,-0.02744327299296856,0.5747934579849243,0.22057904303073883,0.0015682223020121455,0.5837557315826416,0.2151172161102295,0.001026664744131267,0.591854989528656,0.2141483575105667,0.0017177090048789978,0.5986391305923462,0.2161061316728592,0.004371786955744028,0.6034753322601318,0.2202882021665573,0.00823925156146288,0.6075392365455627,0.2348700612783432,0.01649126037955284,0.6253889203071594,0.25791746377944946,0.04147464781999588,0.6036549210548401,0.24564199149608612,0.011168687604367733,0.5980599522590637,0.24787339568138123,0.007390220183879137,0.5905745029449463,0.24812857806682587,0.0046521942131221294,0.5833225250244141,0.24646234512329102,0.003557071089744568,0.5776412487030029,0.2438596487045288,0.002935066819190979,0.5736957788467407,0.2411089539527893,0.0025565389078110456,0.6253158450126648,0.26073452830314636,0.06335234642028809,0.577450156211853,0.2834380567073822,-0.014709163457155228,0.5704823732376099,0.2576969265937805,-0.018419906497001648,0.5708799362182617,0.2787521779537201,-0.02807554602622986,0.5679705739021301,0.283558189868927,-0.026307953521609306,0.5707665681838989,0.28054895997047424,-0.025397516787052155,0.5759692192077637,0.2862728238105774,-0.01294796448200941,0.567118763923645,0.2842847406864166,-0.02791617065668106,0.5663789510726929,0.28657281398773193,-0.021474290639162064,0.5731667280197144,0.23487265408039093,0.005718172527849674,0.570540726184845,0.236503466963768,0.0018979234155267477,0.5689980387687683,0.2376054972410202,-0.0024744272232055664,0.5991151332855225,0.23012900352478027,0.010535003617405891,0.6028952598571777,0.22693279385566711,0.011051427572965622,0.5278559923171997,0.23347623646259308,0.003933391999453306,0.5344668626785278,0.23266629874706268,0.003933391999453306,0.5271281003952026,0.2258746176958084,0.003933391999453306,0.5211859345436096,0.23422594368457794,0.003933391999453306,0.5285269021987915,0.2410113364458084,0.003933391999453306,0.5885658264160156,0.22950950264930725,0.007301901001483202,0.5943309664726257,0.22945278882980347,0.007301901001483202,0.588555634021759,0.22215282917022705,0.007301901001483202,0.5828876495361328,0.22948382794857025,0.007301901001483202,0.5886441469192505,0.23692980408668518,0.007301901001483202
866.666666666667,0.5602719783782959,0.3109733760356903,-0.019345689564943314,0.5631744861602783,0.280934602022171,-0.03194039687514305,0.5627128481864929,0.2906692624092102,-0.01813517138361931,0.5576208829879761,0.25487208366394043,-0.022928468883037567,0.5631123781204224,0.2722502052783966,-0.03333311527967453,0.5627369284629822,0.26167696714401245,-0.03036324493587017,0.5614334940910339,0.23652435839176178,-0.013475632295012474,0.5172393918037415,0.23934753239154816,0.006669565569609404,0.5606276392936707,0.2179538756608963,-0.00882312934845686,0.5602964758872986,0.2064390480518341,-0.009104832075536251,0.5586891770362854,0.1617060899734497,0.0005380992079153657,0.5603558421134949,0.31377390027046204,-0.019119132310152054,0.5605961680412292,0.3172627091407776,-0.01759420521557331,0.5608362555503845,0.3197910189628601,-0.014941612258553505,0.5611855387687683,0.3580460548400879,-0.009399627335369587,0.5613118410110474,0.3622981309890747,-0.009974433109164238,0.5615276098251343,0.36696428060531616,-0.010814864188432693,0.5617720484733582,0.37064507603645325,-0.008825990371406078,0.5636880397796631,0.365192174911499,-0.0026884363032877445,0.5630488991737366,0.2858419418334961,-0.02935175411403179,0.5576447248458862,0.2864226996898651,-0.021983107551932335,0.49171748757362366,0.21087662875652313,0.034797728061676025,0.5347087383270264,0.24465683102607727,0.001469512702897191,0.5286623239517212,0.24622459709644318,0.0014079981483519077,0.5227982997894287,0.24648331105709076,0.002556875580921769,0.5149579644203186,0.2429521083831787,0.007073863875120878,0.5398171544075012,0.24172940850257874,0.0023512311745435,0.5246894955635071,0.2214895635843277,-0.00039382182876579463,0.5318405032157898,0.22150570154190063,0.0002532641519792378,0.5182644724845886,0.22396419942378998,0.0010064285015687346,0.514229416847229,0.2279723435640335,0.003174496116116643,0.5102781057357788,0.24901974201202393,0.009257463738322258,0.542145311832428,0.3734402656555176,0.0006525296485051513,0.5150173306465149,0.23738716542720795,0.008508416824042797,0.49127522110939026,0.2488899528980255,0.03413103520870209,0.5030936002731323,0.24466587603092194,0.015073507092893124,0.5335642099380493,0.2798877954483032,-0.006054239347577095,0.5526097416877747,0.3102419674396515,-0.018743323162198067,0.5542592406272888,0.31807181239128113,-0.017063088715076447,0.5457025170326233,0.31546953320503235,-0.015932131558656693,0.5418015122413635,0.32182618975639343,-0.011619769036769867,0.5490775108337402,0.3206825852394104,-0.014924495480954647,0.5454742908477783,0.3246927857398987,-0.010821574367582798,0.5373433232307434,0.3417339026927948,-0.0015401492128148675,0.558559000492096,0.2811165750026703,-0.03164267912507057,0.5578314065933228,0.272950679063797,-0.03291596099734306,0.5056613087654114,0.224112406373024,0.004928071517497301,0.5444284677505493,0.257547527551651,-0.0053647407330572605,0.5449213981628418,0.28108590841293335,-0.01835237629711628,0.5442783832550049,0.2770153284072876,-0.016385283321142197,0.5158386826515198,0.28151312470436096,-0.0005184141336940229,0.5577514171600342,0.2630792260169983,-0.028959251940250397,0.5201483964920044,0.21257346868515015,-0.003931826446205378,0.5114433169364929,0.21703654527664185,-0.00015065792831592262,0.49839872121810913,0.19363528490066528,0.024982020258903503,0.5478813648223877,0.21628078818321228,-0.007633984088897705,0.538145124912262,0.22433048486709595,0.0022424310445785522,0.5337715148925781,0.33089596033096313,-0.0010733825620263815,0.5028322339057922,0.33375343680381775,0.04314360395073891,0.5492618083953857,0.28548139333724976,-0.01606368087232113,0.5538707375526428,0.2878696024417877,-0.01677585579454899,0.5386947393417358,0.33755162358283997,-0.0018741859821602702,0.5404947400093079,0.33754515647888184,-0.0032488687429577112,0.5079272985458374,0.2127276360988617,0.0031562806107103825,0.5446451306343079,0.285288542509079,-0.015418983064591885,0.5321638584136963,0.21172145009040833,-0.0064316256903111935,0.5307177901268005,0.20524422824382782,-0.007115943357348442,0.5242273211479187,0.16904118657112122,0.005621825810521841,0.5043766498565674,0.20186182856559753,0.012706435285508633,0.5291216373443604,0.18565353751182556,-0.001130938995629549,0.5019631385803223,0.22143171727657318,0.01017011795192957,0.49761083722114563,0.21570095419883728,0.02193509042263031,0.5531691312789917,0.3142889738082886,-0.018583213910460472,0.5472243428230286,0.31814494729042053,-0.015714362263679504,0.5434455871582031,0.3232905864715576,-0.011737516149878502,0.5506002902984619,0.28709566593170166,-0.014987599104642868,0.5395929217338562,0.33765488862991333,-0.0026381078641861677,0.5404021739959717,0.345007061958313,-0.004675203002989292,0.5412807464599609,0.337384968996048,-0.003327948274090886,0.5519942045211792,0.28186699748039246,-0.023756470531225204,0.5470564961433411,0.3252742290496826,-0.009900493547320366,0.550645112991333,0.32203757762908936,-0.012684918940067291,0.5553255081176758,0.3203245997428894,-0.01461951993405819,0.5550627112388611,0.3643229007720947,-0.0031729794573038816,0.552424430847168,0.36922672390937805,-0.009125423617661,0.5527904033660889,0.3657688498497009,-0.010553199797868729,0.5535826086997986,0.3609951436519623,-0.009621324017643929,0.5545437932014465,0.3569889962673187,-0.009111862629652023,0.5462267398834229,0.3488229811191559,-0.005888198036700487,0.5445437431335449,0.35045087337493896,-0.006448901724070311,0.5424454212188721,0.35232076048851013,-0.00709231523796916,0.5408279895782471,0.3537963926792145,-0.006248184014111757,0.5393103957176208,0.3115810453891754,-0.009645048528909683,0.49207305908203125,0.2900705635547638,0.05401850864291191,0.5628445148468018,0.2882005274295807,-0.0221843384206295,0.5438076853752136,0.34388497471809387,-0.004102872218936682,0.5420652031898499,0.34453701972961426,-0.004566818010061979,0.5554834008216858,0.29117509722709656,-0.016904570162296295,0.5465490818023682,0.2905574440956116,-0.011139032430946827,0.5547394156455994,0.289562463760376,-0.017052726820111275,0.5382336974143982,0.26310819387435913,-0.004189221654087305,0.5289788246154785,0.26966729760169983,-0.003498342353850603,0.5432764291763306,0.28133806586265564,-0.013389301486313343,0.5088027119636536,0.17925545573234558,0.014474406838417053,0.5144035220146179,0.19142910838127136,0.005254377610981464,0.5177969336509705,0.2066630721092224,-0.002226159442216158,0.5413144826889038,0.35026171803474426,-0.0028612646274268627,0.5452701449394226,0.20537027716636658,-0.009125939570367336,0.5435301661491394,0.1836395263671875,-0.004389144945889711,0.5402211546897888,0.16370075941085815,0.0008878035587258637,0.5178651213645935,0.24560430645942688,0.004781668074429035,0.5041536092758179,0.255785197019577,0.011818628758192062,0.5431639552116394,0.23899105191230774,0.003348822705447674,0.5085586309432983,0.23332050442695618,0.007897741161286831,0.5485916137695312,0.25148487091064453,-0.0069472226314246655,0.5484541058540344,0.27712148427963257,-0.023502841591835022,0.4986969530582428,0.2633771598339081,0.017178785055875778,0.5086427927017212,0.2608920633792877,0.00646787416189909,0.5167645812034607,0.262787789106369,0.0015979429008439183,0.5284061431884766,0.2600180506706238,-0.000388011074392125,0.5368455648422241,0.25546884536743164,-0.0008815419278107584,0.5431700944900513,0.2505097985267639,-0.001868533669039607,0.5561200976371765,0.23914051055908203,-0.011753855273127556,0.5010106563568115,0.28135618567466736,0.014414236880838871,0.5038602352142334,0.23345932364463806,0.010390969924628735,0.5602535605430603,0.2858055531978607,-0.029201479628682137,0.5451838374137878,0.2651846408843994,-0.008277936838567257,0.48778659105300903,0.250271201133728,0.05281593278050423,0.5478119850158691,0.2451414167881012,-0.0021997757721692324,0.542597770690918,0.2823876142501831,-0.007395837921649218,0.5124087333679199,0.23841451108455658,0.00940549187362194,0.5480065941810608,0.2721657156944275,-0.021036649122834206,0.4961060881614685,0.3111937642097473,0.050030749291181564,0.54314124584198,0.23600375652313232,0.005042906850576401,0.5528616309165955,0.26673322916030884,-0.026043493300676346,0.5179422497749329,0.35249069333076477,0.016901202499866486,0.5173324346542358,0.36468505859375,0.024718960747122765,0.4940876364707947,0.2861778736114502,0.034291822463274,0.5107384920120239,0.34061750769615173,0.022514870390295982,0.4939628839492798,0.2309904247522354,0.029778949916362762,0.5406104922294617,0.38360974192619324,0.0030176080763339996,0.5606845617294312,0.28801509737968445,-0.02191239967942238,0.540083110332489,0.27211979031562805,-0.006717807613313198,0.49819105863571167,0.24703405797481537,0.020536502823233604,0.5230711698532104,0.24141594767570496,0.003435692051425576,0.528228759765625,0.2414172887802124,0.002241258742287755,0.538944661617279,0.3452691435813904,-0.004095618147403002,0.5035143494606018,0.29940104484558105,0.015196466818451881,0.550690233707428,0.397857666015625,0.0043274411000311375,0.5325616002082825,0.38514068722724915,0.013076347298920155,0.5253682136535645,0.376575767993927,0.018105076625943184,0.5595214366912842,0.18298712372779846,-0.0047994800843298435,0.5635219812393188,0.3988901674747467,0.003659251844510436,0.5333580374717712,0.24019339680671692,0.0022988037671893835,0.5381444096565247,0.2382640838623047,0.0033552732784301043,0.5414206385612488,0.23706400394439697,0.004757208283990622,0.49958565831184387,0.23274751007556915,0.016155606135725975,0.5373067855834961,0.23048491775989532,0.0029030737932771444,0.5319947600364685,0.22860181331634521,0.0015332117909565568,0.5266726613044739,0.22867539525032043,0.0015233586309477687,0.5213785171508789,0.2307116687297821,0.0026271732058376074,0.5181658267974854,0.23343521356582642,0.0043783183209598064,0.48839282989501953,0.22863373160362244,0.04523584246635437,0.5196042060852051,0.2405114322900772,0.005087877623736858,0.5629051923751831,0.29800334572792053,-0.016871944069862366,0.5442782640457153,0.30462023615837097,-0.012371714226901531,0.5492189526557922,0.28379324078559875,-0.018066368997097015,0.554897665977478,0.2993771731853485,-0.01660793088376522,0.5609524846076965,0.2274218201637268,-0.00886867381632328,0.5250071287155151,0.3644762635231018,0.012651799246668816,0.532363772392273,0.3740108907222748,0.008165951818227768,0.5511766672134399,0.39005279541015625,-0.001267033163458109,0.5104389190673828,0.3517833948135376,0.03356374800205231,0.541232705116272,0.23366302251815796,0.004151429049670696,0.5528943538665771,0.2523825764656067,-0.014432504773139954,0.5638269186019897,0.3913941979408264,-0.0017075290670618415,0.5407542586326599,0.39270293712615967,0.007697556633502245,0.49769094586372375,0.3059222102165222,0.03240285813808441,0.5497136116027832,0.3536931276321411,-0.007732077967375517,0.5480798482894897,0.3565499782562256,-0.008198554627597332,0.5463985204696655,0.3599933981895447,-0.008859433233737946,0.5452730059623718,0.3631662130355835,-0.007892395369708538,0.5469458103179932,0.35851210355758667,-0.003919013310223818,0.5425260066986084,0.33027952909469604,-0.007032790221273899,0.5407714247703552,0.3296986520290375,-0.006999427452683449,0.5393148064613342,0.32875391840934753,-0.006910319440066814,0.5357279777526855,0.32039156556129456,-0.005514949560165405,0.51256263256073,0.30213066935539246,0.004424551501870155,0.5524685978889465,0.2446323186159134,-0.008953846991062164,0.5477384328842163,0.2289336621761322,0.0015507683856412768,0.543743908405304,0.23036745190620422,0.0034202386159449816,0.5439810156822205,0.33014115691185,-0.006467822473496199,0.5131444931030273,0.32565218210220337,0.012705713510513306,0.5532572865486145,0.22782695293426514,-0.005467251408845186,0.5444898009300232,0.36474713683128357,-0.0010251135099679232,0.5623008608818054,0.25313547253608704,-0.024441583082079887,0.556885838508606,0.24735607206821442,-0.01768636517226696,0.5618821382522583,0.24509036540985107,-0.018625210970640182,0.5491524934768677,0.26569312810897827,-0.015395460650324821,0.5637680292129517,0.38174620270729065,-0.0035268256906419992,0.5636849403381348,0.37223389744758606,-0.002742159180343151,0.5538099408149719,0.3711256980895996,-0.002390489215031266,0.531974196434021,0.34498655796051025,0.0018517206190153956,0.5382585525512695,0.2905387282371521,-0.006371564231812954,0.5373375415802002,0.35587945580482483,0.0005834026960656047,0.5253313183784485,0.29184895753860474,-0.004470402374863625,0.5337090492248535,0.30096369981765747,-0.005901725497096777,0.5215860605239868,0.3075980842113495,-0.0004659903352148831,0.552226722240448,0.3804112374782562,-0.0029612856451421976,0.5455880165100098,0.2710842192173004,-0.011862209998071194,0.5270857214927673,0.35300910472869873,0.0067100077867507935,0.5343125462532043,0.3637145161628723,0.004460987169295549,0.5280579328536987,0.3323873281478882,0.0014608335914090276,0.5063490271568298,0.3151671588420868,0.016895223408937454,0.5206973552703857,0.3352309465408325,0.006506592500954866,0.5029499530792236,0.32417985796928406,0.029279200360178947,0.5301046371459961,0.31397977471351624,-0.0035847085528075695,0.5491938591003418,0.25865134596824646,-0.011090016923844814,0.5502965450286865,0.28049176931381226,-0.024804597720503807,0.5467666387557983,0.283509224653244,-0.019015571102499962,0.5529500842094421,0.2745228707790375,-0.028652101755142212,0.5426461696624756,0.2223014235496521,1.3169858902983833e-05,0.5320758819580078,0.218120276927948,-0.0014871279709041119,0.522925078868866,0.21826307475566864,-0.0017075678333640099,0.5155606865882874,0.22124554216861725,0.0001023508666548878,0.5105915665626526,0.22623279690742493,0.0034340310376137495,0.5084155201911926,0.24143636226654053,0.011327452957630157,0.4917897582054138,0.2673412263393402,0.03438269719481468,0.5137633085250854,0.252022922039032,0.006428094115108252,0.5201697945594788,0.25355538725852966,0.003233881900086999,0.5282799005508423,0.2525976896286011,0.0012925490736961365,0.5358920693397522,0.24966631829738617,0.0009933324763551354,0.5418224930763245,0.24592453241348267,0.0010704455198720098,0.5459075570106506,0.24242118000984192,0.0011210960801690817,0.489502876996994,0.2702499032020569,0.05540147051215172,0.5468807220458984,0.2860929071903229,-0.016293592751026154,0.5532744526863098,0.25941571593284607,-0.01943306252360344,0.5545039176940918,0.2803492546081543,-0.029061641544103622,0.557374894618988,0.28477299213409424,-0.02694416046142578,0.5543828010559082,0.28203335404396057,-0.026387659832835197,0.548366129398346,0.28880706429481506,-0.014295696280896664,0.5584995746612549,0.2854026257991791,-0.02845805510878563,0.5589115023612976,0.2876502275466919,-0.021939020603895187,0.5453522801399231,0.23589684069156647,0.00423926068469882,0.5489605069160461,0.2372504323720932,0.0008715317235328257,0.5510904788970947,0.23808272182941437,-0.0033246884122490883,0.5164145827293396,0.23550951480865479,0.0061354972422122955,0.5118709802627563,0.2327709197998047,0.0063604689203202724,0.566823422908783,0.2542523145675659,-0.022201186046004295,0.5986970663070679,0.234269380569458,0.011750792153179646,0.5677492022514343,0.28582102060317993,-0.02144109643995762,0.6212836503982544,0.2026379555463791,0.042957767844200134,0.5835301280021667,0.24156856536865234,0.004746368154883385,0.5891579389572144,0.24213118851184845,0.005339655559509993,0.5945278406143188,0.24166490137577057,0.007111367769539356,0.6013669967651367,0.2375113070011139,0.012449242174625397,0.5786323547363281,0.23958854377269745,0.004901045002043247,0.590804934501648,0.21773245930671692,0.003755715908482671,0.5844318866729736,0.21843045949935913,0.00353792542591691,0.5966501832008362,0.21950244903564453,0.005830314476042986,0.6004306674003601,0.22306756675243378,0.008345294743776321,0.6067149639129639,0.24282629787921906,0.015013931319117546,0.5839299559593201,0.36951425671577454,0.002916021039709449,0.6006385087966919,0.23224107921123505,0.013821220025420189,0.6246600151062012,0.24044856429100037,0.04192333668470383,0.6131941676139832,0.23794323205947876,0.02151665650308132,0.5894231200218201,0.27614182233810425,-0.002817756263539195,0.5681024193763733,0.3092392683029175,-0.017924601212143898,0.5672853589057922,0.3172730803489685,-0.016330810263752937,0.5758593678474426,0.3137558698654175,-0.014236507005989552,0.5802342295646667,0.3198000490665436,-0.009265519678592682,0.5728359222412109,0.3193645775318146,-0.013500720262527466,0.5767050385475159,0.3230796158313751,-0.008859891444444656,0.5878686308860779,0.3376769423484802,0.001453323638997972,0.5676179528236389,0.2805366516113281,-0.031179357320070267,0.5682364702224731,0.27223876118659973,-0.032373033463954926,0.6081072092056274,0.21800756454467773,0.011018716730177402,0.5776340365409851,0.255265474319458,-0.0031789480708539486,0.5797114372253418,0.2787662446498871,-0.0163336880505085,0.579901933670044,0.2746003568172455,-0.01431378722190857,0.6060846447944641,0.27547645568847656,0.00483908224850893,0.5675345063209534,0.26238158345222473,-0.02826809138059616,0.5942513942718506,0.208777517080307,0.0003445147885940969,0.6022427082061768,0.21189221739768982,0.005157179664820433,0.615298330783844,0.18624871969223022,0.032356251031160355,0.5702487230300903,0.21578362584114075,-0.006220639683306217,0.578942060470581,0.2219701111316681,0.0048873028717935085,0.5910502672195435,0.3264569044113159,0.0025262003764510155,0.616776168346405,0.32535678148269653,0.050852708518505096,0.5754990577697754,0.28375446796417236,-0.014534950256347656,0.5711022615432739,0.286813884973526,-0.01601179875433445,0.583818256855011,0.33521586656570435,0.0013164617121219635,0.5819450616836548,0.33535027503967285,-0.0004484871751628816,0.6051976680755615,0.20693367719650269,0.008820022456347942,0.57976895570755,0.28296777606010437,-0.01344140525907278,0.583684504032135,0.20937231183052063,-0.003528521629050374,0.5845193266868591,0.20269230008125305,-0.0041023138910532,0.5917213559150696,0.16490772366523743,0.009887498803436756,0.6111827492713928,0.19513297080993652,0.018936166539788246,0.5884016752243042,0.18207380175590515,0.0023141230922192335,0.6115059852600098,0.21461714804172516,0.01667972281575203,0.6174655556678772,0.20813429355621338,0.028917618095874786,0.5678884983062744,0.3132968246936798,-0.01778324507176876,0.5744193196296692,0.31665468215942383,-0.014159218408167362,0.5786259174346924,0.3214409351348877,-0.009620969183743,0.5741082429885864,0.2855488061904907,-0.01377932634204626,0.5828765630722046,0.3353894352912903,0.0003037689020857215,0.5820593237876892,0.34212687611579895,-0.0021702765952795744,0.5811033844947815,0.33519572019577026,-0.0006002508453093469,0.573156476020813,0.2805618941783905,-0.022368298843503,0.5752667188644409,0.3237249255180359,-0.007995089516043663,0.571533739566803,0.32080647349357605,-0.011295540258288383,0.5666664242744446,0.31963664293289185,-0.013843640685081482,0.5719972252845764,0.36299821734428406,-0.002414785325527191,0.5713697075843811,0.36758366227149963,-0.00829809345304966,0.570417582988739,0.36416175961494446,-0.009658423252403736,0.5692242383956909,0.35947149991989136,-0.00876805279403925,0.5680677890777588,0.3555918037891388,-0.008293477818369865,0.5762966871261597,0.3462723195552826,-0.003963209223002195,0.5780826807022095,0.34751346707344055,-0.00448406720533967,0.5802996158599854,0.3489672839641571,-0.005084151402115822,0.5821113586425781,0.3501979112625122,-0.004089880734682083,0.5856396555900574,0.30819305777549744,-0.006898805964738131,0.6240494251251221,0.28143662214279175,0.06261362135410309,0.5786357522010803,0.34149953722953796,-0.0017005896661430597,0.5803585052490234,0.3418501913547516,-0.0021448980551213026,0.5697754621505737,0.29033011198043823,-0.0161662008613348,0.5778291821479797,0.2884676158428192,-0.009588861837983131,0.5703933835029602,0.2886543571949005,-0.016317429021000862,0.5836644172668457,0.260062575340271,-0.0013187045697122812,0.5930064916610718,0.2654512822628021,0.0003152068820782006,0.5807963609695435,0.27881771326065063,-0.011234498582780361,0.6059318780899048,0.17320069670677185,0.020546812564134598,0.6019683480262756,0.18604497611522675,0.010261327028274536,0.5960152745246887,0.2023644745349884,0.0022378817666321993,0.5844219326972961,0.3466997742652893,-0.0003553841379471123,0.5717574954032898,0.20471125841140747,-0.007610790431499481,0.5748956799507141,0.18177691102027893,-0.0025793614331632853,0.576622486114502,0.16151496767997742,0.003051305888220668,0.5989000797271729,0.24035212397575378,0.00986079778522253,0.6136106252670288,0.24891510605812073,0.0181785486638546,0.5753650665283203,0.23756073415279388,0.0056605557911098,0.6063274145126343,0.22751176357269287,0.013731672428548336,0.5736159682273865,0.2497366964817047,-0.005203947890549898,0.5764728784561157,0.2753050625324249,-0.021856917068362236,0.6201251149177551,0.25544852018356323,0.02436714433133602,0.6096586585044861,0.2541106939315796,0.012457957491278648,0.6023662686347961,0.2568754553794861,0.006672718096524477,0.5914022922515869,0.25577011704444885,0.003482669359073043,0.5832945704460144,0.25246307253837585,0.0020902184769511223,0.5772100687026978,0.24861501157283783,0.00039879753603599966,0.566545844078064,0.23842260241508484,-0.011000356636941433,0.6192653179168701,0.27351295948028564,0.02153576910495758,0.6110449433326721,0.22696951031684875,0.016798758879303932,0.5657438635826111,0.2854425609111786,-0.028814267367124557,0.5776214003562927,0.2629530131816864,-0.006186077371239662,0.6258882284164429,0.2414371818304062,0.06165308132767677,0.572609007358551,0.24410809576511383,-0.00045196973951533437,0.581038236618042,0.27981093525886536,-0.005298790521919727,0.6032214164733887,0.23290681838989258,0.014972764998674393,0.5764050483703613,0.2702326476573944,-0.01935749687254429,0.6217268109321594,0.3025582730770111,0.05827809497714043,0.5750566720962524,0.23469501733779907,0.007440576795488596,0.5719938278198242,0.26541250944137573,-0.024802781641483307,0.6054937243461609,0.34522074460983276,0.022010445594787598,0.6053184270858765,0.3569220006465912,0.030391674488782883,0.6244606375694275,0.277638703584671,0.04200264811515808,0.6117480397224426,0.33293166756629944,0.028583122417330742,0.6212775707244873,0.22300086915493011,0.03720048442482948,0.5854200124740601,0.37913137674331665,0.005454340483993292,0.5649649500846863,0.2877771854400635,-0.021672531962394714,0.5826089382171631,0.26926833391189575,-0.004184213001281023,0.6186312437057495,0.24019061028957367,0.027568910270929337,0.5935341119766235,0.23678180575370789,0.007906182669103146,0.5889021754264832,0.237415611743927,0.006183233577758074,0.5836309194564819,0.3421586751937866,-0.0013844254426658154,0.6177219748497009,0.29169762134552,0.022033287212252617,0.575836181640625,0.39531081914901733,0.005767202470451593,0.5920057892799377,0.3789435625076294,0.0166492722928524,0.5984422564506531,0.36943960189819336,0.022622672840952873,0.584197998046875,0.23699399828910828,0.005670629907399416,0.5796195864677429,0.2359512895345688,0.00624571368098259,0.5766057968139648,0.2354278862476349,0.0073248762637376785,0.6152151226997375,0.22558629512786865,0.023030811920762062,0.5801043510437012,0.22802941501140594,0.005902009550482035,0.5848543643951416,0.22530007362365723,0.005038024391978979,0.5896657705307007,0.22482901811599731,0.005587243475019932,0.5944427847862244,0.2263059914112091,0.007234572898596525,0.5974636077880859,0.2286548614501953,0.009304397739470005,0.6245768070220947,0.21993400156497955,0.05381716042757034,0.5965735912322998,0.23559050261974335,0.009931362234055996,0.5808195471763611,0.3020244240760803,-0.010236479341983795,0.57562655210495,0.28211748600006104,-0.016634924337267876,0.5708723068237305,0.2983013987541199,-0.01573934219777584,0.5991827845573425,0.3578399121761322,0.016786716878414154,0.5925576090812683,0.3681579828262329,0.011418718844652176,0.5759563446044922,0.38765600323677063,1.9674591385410167e-05,0.6109151244163513,0.3436039686203003,0.04035245627164841,0.5766592621803284,0.23200809955596924,0.006820796523243189,0.5703971982002258,0.25118890404701233,-0.013234572485089302,0.5848077535629272,0.3879881203174591,0.010340994223952293,0.6221517324447632,0.29752588272094727,0.03977280110120773,0.5729002356529236,0.3513297140598297,-0.006281042471528053,0.5746925473213196,0.3538361191749573,-0.006687484215945005,0.5766753554344177,0.35701990127563477,-0.007285802625119686,0.5782491564750671,0.3599497675895691,-0.006282709538936615,0.5794537663459778,0.3557945489883423,-0.0020603355951607227,0.5796924829483032,0.3283160924911499,-0.004554026760160923,0.5814249515533447,0.3275924324989319,-0.004294153768569231,0.5829573273658752,0.32654252648353577,-0.00401108805090189,0.5891204476356506,0.31637445092201233,-0.002131502842530608,0.6098840832710266,0.2954421937465668,0.010201837867498398,0.5699055790901184,0.24345961213111877,-0.007709566969424486,0.5710006356239319,0.22812269628047943,0.0031445324420928955,0.5742951035499573,0.22899891436100006,0.005681334529072046,0.5783281922340393,0.32823750376701355,-0.004066328518092632,0.6096407771110535,0.31853586435317993,0.018473932519555092,0.5664107203483582,0.22786913812160492,-0.004518463276326656,0.5816282033920288,0.36138221621513367,0.000981692224740982,0.5667215585708618,0.24666456878185272,-0.017052823677659035,0.5745438933372498,0.2639918029308319,-0.013863557018339634,0.5731597542762756,0.369402676820755,-0.0014667114010080695,0.592792272567749,0.3400252163410187,0.0052640680223703384,0.5854016542434692,0.28728556632995605,-0.00371359009295702,0.5879620313644409,0.351460725069046,0.0033025103621184826,0.5978735685348511,0.28689461946487427,-0.00034995024907402694,0.5903539061546326,0.296969473361969,-0.002609140705317259,0.6017993688583374,0.30190515518188477,0.004201667383313179,0.5748540163040161,0.37836575508117676,-0.0017649397486820817,0.57784503698349,0.2688690423965454,-0.009952517226338387,0.5973240733146667,0.3469763994216919,0.010651156306266785,0.5908424258232117,0.3585030436515808,0.007462101057171822,0.5963204503059387,0.3271561563014984,0.005609867163002491,0.6155161261558533,0.3074912428855896,0.02341584302484989,0.6030381917953491,0.32879894971847534,0.011347266845405102,0.618112325668335,0.3160369396209717,0.03627437353134155,0.5941460728645325,0.3093334436416626,0.0002975437673740089,0.5737935304641724,0.2569772005081177,-0.009419319219887257,0.5748698711395264,0.2789442837238312,-0.02329205721616745,0.5780491232872009,0.281446248292923,-0.017321499064564705,0.572546660900116,0.27323171496391296,-0.027405116707086563,0.5749635100364685,0.2206990271806717,0.0021705266553908587,0.5839952826499939,0.21537615358829498,0.001656696549616754,0.5921100974082947,0.21453040838241577,0.00236682640388608,0.5988683700561523,0.2165992259979248,0.005055253393948078,0.6036355495452881,0.2208690494298935,0.008960003033280373,0.6075387001037598,0.23544266819953918,0.0172493364661932,0.6253578662872314,0.25878262519836426,0.04235610365867615,0.6035987734794617,0.24613577127456665,0.011844619177281857,0.597985029220581,0.2482941746711731,0.007978823967278004,0.5904869437217712,0.24840761721134186,0.005178648512810469,0.5832439661026001,0.24662084877490997,0.004072756040841341,0.5775930881500244,0.24395343661308289,0.0033879100810736418,0.5736813545227051,0.24117158353328705,0.0030115400440990925,0.625206470489502,0.261588454246521,0.06422926485538483,0.5777481198310852,0.28404563665390015,-0.01461731642484665,0.5708135366439819,0.2582143247127533,-0.018227655440568924,0.571186363697052,0.279278963804245,-0.0280781127512455,0.5682101249694824,0.2841202914714813,-0.026363404467701912,0.5710399746894836,0.28107360005378723,-0.02538846991956234,0.5762160420417786,0.28691601753234863,-0.012897680513560772,0.567348062992096,0.2848513424396515,-0.027990328148007393,0.5665833950042725,0.2871696949005127,-0.02154378965497017,0.5731950998306274,0.2348872572183609,0.006254508625715971,0.5705700516700745,0.23654264211654663,0.0023650508373975754,0.5690563917160034,0.23766878247261047,-0.0020900405943393707,0.5992257595062256,0.230553537607193,0.011264776811003685,0.6030160784721375,0.22744160890579224,0.011799215339124203,0.5278044939041138,0.23372983932495117,0.004040566738694906,0.5344812273979187,0.23290187120437622,0.004040566738694906,0.5270423889160156,0.22621040046215057,0.004040566738694906,0.5210713148117065,0.23449589312076569,0.004040566738694906,0.5285123586654663,0.2411867082118988,0.004040566738694906,0.5887061357498169,0.22990678250789642,0.007964150048792362,0.5944818258285522,0.22991782426834106,0.007964150048792362,0.5887494087219238,0.2225813865661621,0.007964150048792362,0.5830163955688477,0.2298121452331543,0.007964150048792362,0.588735044002533,0.2372976839542389,0.007964150048792362
900.0000000000003,0.5598303079605103,0.31216931343078613,-0.01998724602162838,0.5622325539588928,0.28151392936706543,-0.03243507072329521,0.5619893670082092,0.291241854429245,-0.018551304936408997,0.5566890835762024,0.2552565932273865,-0.023119574412703514,0.5621296763420105,0.27276328206062317,-0.03378177806735039,0.5617677569389343,0.26211655139923096,-0.030705343931913376,0.5605996251106262,0.23667249083518982,-0.013428235426545143,0.5167862176895142,0.2395269125699997,0.007088784594088793,0.5598241686820984,0.2177705317735672,-0.008547545410692692,0.5594890713691711,0.20620012283325195,-0.008715643547475338,0.5578561425209045,0.16123047471046448,0.0013601160608232021,0.5599496364593506,0.3153544068336487,-0.01980525813996792,0.5602386593818665,0.3190917670726776,-0.018282830715179443,0.5605055689811707,0.3217463195323944,-0.015598000027239323,0.5611202120780945,0.3646996319293976,-0.009373719803988934,0.5612993240356445,0.36953628063201904,-0.009915326721966267,0.5615795850753784,0.37466201186180115,-0.01067767757922411,0.5618801712989807,0.378722220659256,-0.008481069467961788,0.5632964372634888,0.3680651783943176,-0.002114230301231146,0.5621696710586548,0.28644001483917236,-0.0298541821539402,0.5568610429763794,0.2870814800262451,-0.022401900961995125,0.49131038784980774,0.2108590304851532,0.03584303706884384,0.5343353748321533,0.24485906958580017,0.0017283158376812935,0.5282142758369446,0.24646897614002228,0.0016706520691514015,0.5223265886306763,0.24673114717006683,0.0028489886317402124,0.5145516991615295,0.24316222965717316,0.007462700828909874,0.5395416617393494,0.24186711013317108,0.0025917834136635065,0.5241582989692688,0.22149673104286194,4.582419205689803e-05,0.5314014554023743,0.22148138284683228,0.0006709442823193967,0.5177043676376343,0.2240249514579773,0.0014613326638936996,0.5136884450912476,0.22808316349983215,0.003642172086983919,0.5098395943641663,0.24926142394542694,0.009596273303031921,0.5417888164520264,0.37469902634620667,0.0010203738929703832,0.5145972371101379,0.2375452071428299,0.008969909511506557,0.49088695645332336,0.2490144520998001,0.03477330878376961,0.5026736855506897,0.24482524394989014,0.015544540248811245,0.5329068899154663,0.2804999351501465,-0.00613767746835947,0.5521243810653687,0.3111487627029419,-0.01929054968059063,0.5539686679840088,0.3198924958705902,-0.017704669386148453,0.5453603863716125,0.31705424189567566,-0.016444670036435127,0.5416340827941895,0.32405349612236023,-0.012081640772521496,0.5488343834877014,0.32276347279548645,-0.015524657443165779,0.545296847820282,0.32697638869285583,-0.011367183178663254,0.5371907353401184,0.34387218952178955,-0.0016837161965668201,0.5576198101043701,0.2817239463329315,-0.03211403265595436,0.5568487048149109,0.27349719405174255,-0.03334163874387741,0.5050577521324158,0.22419314086437225,0.005566339939832687,0.5436525940895081,0.25790566205978394,-0.005371098406612873,0.5441939234733582,0.2818499803543091,-0.018630975857377052,0.5435310006141663,0.2777344286441803,-0.01662270911037922,0.515301525592804,0.28215792775154114,-0.0005765224923379719,0.5567744374275208,0.26354867219924927,-0.029268525540828705,0.5193987488746643,0.21255414187908173,-0.0033934656530618668,0.510748565196991,0.2170618176460266,0.0004476768372114748,0.49782058596611023,0.19357874989509583,0.026070229709148407,0.5472038984298706,0.2163744568824768,-0.007279573008418083,0.5378018021583557,0.22431474924087524,0.002633864525705576,0.5338104963302612,0.3327064514160156,-0.0013032712740823627,0.5029852390289307,0.3339340388774872,0.04313533380627632,0.5486236810684204,0.2862870991230011,-0.016345297917723656,0.5532068014144897,0.2886020839214325,-0.017138751223683357,0.5387195348739624,0.3403955399990082,-0.0022265238221734762,0.5404802560806274,0.3404620289802551,-0.0036261300556361675,0.5072379112243652,0.21274352073669434,0.0038755068089812994,0.5440012216567993,0.2861175537109375,-0.01569613814353943,0.5314202904701233,0.21173878014087677,-0.005965042393654585,0.5299208760261536,0.20522554218769073,-0.006577691994607449,0.5233743190765381,0.16876685619354248,0.00658857636153698,0.5037304162979126,0.20190981030464172,0.013638408854603767,0.5282940864562988,0.18555325269699097,-0.0003434657119214535,0.5013853311538696,0.22149069607257843,0.01093244832009077,0.49706950783729553,0.21572819352149963,0.022860558703541756,0.5527932047843933,0.31582027673721313,-0.019196001812815666,0.5469104051589966,0.32000720500946045,-0.01628429815173149,0.5432676672935486,0.32555103302001953,-0.012256253510713577,0.5499854683876038,0.2878899574279785,-0.015306016430258751,0.539594829082489,0.3405490219593048,-0.003010418498888612,0.5402508974075317,0.3484136462211609,-0.004884317051619291,0.5412628650665283,0.34029969573020935,-0.0036930623464286327,0.5511974096298218,0.28260794281959534,-0.024110134690999985,0.546875536441803,0.32759445905685425,-0.010448908433318138,0.5504253506660461,0.32411086559295654,-0.013287077657878399,0.5550985932350159,0.3222627341747284,-0.015241519547998905,0.5545763969421387,0.3671686053276062,-0.0026267534121870995,0.5522006750106812,0.3768512010574341,-0.008789912797510624,0.5525398254394531,0.3731194734573364,-0.01035525742918253,0.5533181428909302,0.36782029271125793,-0.00951641146093607,0.5542494058609009,0.3631359338760376,-0.009052125737071037,0.5459296107292175,0.35307201743125916,-0.0059507680125534534,0.5442388653755188,0.3548392057418823,-0.006462947465479374,0.542149007320404,0.35667237639427185,-0.0070740533992648125,0.5405608415603638,0.3580734133720398,-0.0062304288148880005,0.5390177369117737,0.3127162754535675,-0.010035750456154346,0.4920840263366699,0.29011374711990356,0.05441301316022873,0.5620380640029907,0.2887817621231079,-0.022642897441983223,0.5435757040977478,0.3473653793334961,-0.004305881913751364,0.5418797135353088,0.34802553057670593,-0.004760430660098791,0.5547919273376465,0.2918548285961151,-0.017266210168600082,0.5459651947021484,0.2913896143436432,-0.011414839886128902,0.5540562868118286,0.2902671992778778,-0.017421653494238853,0.5374821424484253,0.2635193169116974,-0.004213604610413313,0.5282759666442871,0.2701626420021057,-0.0035278459545224905,0.5425871014595032,0.28211987018585205,-0.013620688579976559,0.5080652236938477,0.1791096031665802,0.015521890483796597,0.51365065574646,0.19145452976226807,0.006134182680398226,0.5170215368270874,0.20661741495132446,-0.0015786762814968824,0.5409867763519287,0.3525862991809845,-0.0028091068379580975,0.5445032715797424,0.20542427897453308,-0.00867682509124279,0.542678713798523,0.18342608213424683,-0.0036774601321667433,0.5393295884132385,0.1633119434118271,0.001779187354259193,0.5174216032028198,0.24584434926509857,0.005121741909533739,0.5037134885787964,0.2560548186302185,0.012140232138335705,0.5429537296295166,0.23908203840255737,0.0036190578248351812,0.5080612897872925,0.23344922065734863,0.008416572585701942,0.5477899312973022,0.2517775297164917,-0.006942434702068567,0.5475987195968628,0.2778056263923645,-0.023820895701646805,0.4981144070625305,0.2636833190917969,0.017487894743680954,0.5081664323806763,0.26126986742019653,0.006667281035333872,0.5162490606307983,0.26322412490844727,0.0017055614152923226,0.527894914150238,0.26042693853378296,-0.00033139775041490793,0.5363673567771912,0.2558201849460602,-0.0008170321234501898,0.5427168011665344,0.2508014440536499,-0.001793757895939052,0.5552726984024048,0.2393174022436142,-0.011689916253089905,0.5005399584770203,0.28181159496307373,0.014526079408824444,0.5033566355705261,0.23357704281806946,0.010984991677105427,0.5593768954277039,0.2864208221435547,-0.029687989503145218,0.5444362759590149,0.2656583786010742,-0.008382542990148067,0.48765963315963745,0.2503248453140259,0.05360443517565727,0.5473596453666687,0.2453918308019638,-0.002107932697981596,0.541944682598114,0.2831662893295288,-0.007589057087898254,0.5120062232017517,0.2385834902524948,0.009871689602732658,0.5471493601799011,0.27278152108192444,-0.02129961922764778,0.4961409866809845,0.31123098731040955,0.0502316951751709,0.5429868102073669,0.2360488772392273,0.005383284296840429,0.5519223213195801,0.26725268363952637,-0.02633311040699482,0.518134593963623,0.3531726896762848,0.016910871490836143,0.5174993872642517,0.36508503556251526,0.0246450025588274,0.493775337934494,0.2863907217979431,0.034575942903757095,0.5109506249427795,0.3411952257156372,0.022484488785266876,0.493486225605011,0.23105423152446747,0.030601846054196358,0.5403013229370117,0.3844870924949646,0.0033305916003882885,0.5598801374435425,0.288617342710495,-0.02235732041299343,0.5393640995025635,0.27266523241996765,-0.006827384699136019,0.4977805018424988,0.24715964496135712,0.021063346415758133,0.522590160369873,0.24163497984409332,0.003783061634749174,0.5277705192565918,0.24163374304771423,0.00256169936619699,0.5388302206993103,0.3485826849937439,-0.004327075555920601,0.5032552480697632,0.2999041974544525,0.01518990658223629,0.5502270460128784,0.39868947863578796,0.004727891180664301,0.5323585271835327,0.3856561779975891,0.013293846510350704,0.5253564715385437,0.3769989013671875,0.018175140023231506,0.5587096214294434,0.18268850445747375,-0.004149135667830706,0.5630525946617126,0.3998076617717743,0.0040556383319199085,0.5329806804656982,0.2403649389743805,0.00261486042290926,0.5378862619400024,0.23837225139141083,0.0036700768396258354,0.5412367582321167,0.23713624477386475,0.005091081373393536,0.4991183876991272,0.23285090923309326,0.016834624111652374,0.5370028018951416,0.23053230345249176,0.0032912776805460453,0.5315845608711243,0.22868254780769348,0.0019342639716342092,0.5261979103088379,0.22879905998706818,0.001953376457095146,0.5208824276924133,0.23088374733924866,0.003071851097047329,0.517694354057312,0.23361799120903015,0.004829143639653921,0.48812517523765564,0.22865742444992065,0.0461912639439106,0.5191301107406616,0.2407134473323822,0.005472392775118351,0.5622469782829285,0.2985451817512512,-0.01730479672551155,0.5437562465667725,0.30555465817451477,-0.012743125669658184,0.54853755235672,0.284587025642395,-0.01837378926575184,0.5542358756065369,0.30004650354385376,-0.016975125297904015,0.5601484179496765,0.22737586498260498,-0.00868140533566475,0.5250069499015808,0.3652258813381195,0.012748337350785732,0.5322233438491821,0.37474268674850464,0.00837382860481739,0.5507557392120361,0.3912048041820526,-0.0008806444238871336,0.510658323764801,0.352151095867157,0.03344488516449928,0.5410308241844177,0.23369675874710083,0.004512203391641378,0.552039623260498,0.2527250051498413,-0.014515050686895847,0.5633900165557861,0.3926144540309906,-0.00133545754943043,0.5403856635093689,0.39336955547332764,0.008030719123780727,0.4975086748600006,0.30619898438453674,0.032539401203393936,0.5493672490119934,0.3589514493942261,-0.007722354959696531,0.5477321147918701,0.3622322082519531,-0.00812007486820221,0.5460227727890015,0.36588549613952637,-0.008717340417206287,0.5448928475379944,0.36920806765556335,-0.007703294046223164,0.546484112739563,0.36114275455474854,-0.0036366998683661222,0.5424435138702393,0.3328065872192383,-0.007500835694372654,0.540734052658081,0.33222585916519165,-0.007458128500729799,0.5393083691596985,0.33128175139427185,-0.007348982151597738,0.5356972813606262,0.3218497335910797,-0.005856052972376347,0.5124038457870483,0.3028029799461365,0.004343641456216574,0.5516353249549866,0.2448599487543106,-0.008915693499147892,0.5473747253417969,0.2289857119321823,0.0018625103402882814,0.543497622013092,0.23038405179977417,0.00376712204888463,0.5438838005065918,0.3326641023159027,-0.006948190741240978,0.5132726430892944,0.326376736164093,0.01266047079116106,0.5526838898658752,0.22795137763023376,-0.00522729754447937,0.544091522693634,0.36656948924064636,-0.0006434915703721344,0.5613746643066406,0.2534968852996826,-0.02465524524450302,0.5559986233711243,0.24765007197856903,-0.017744071781635284,0.5609996914863586,0.2453567236661911,-0.01869894564151764,0.5483120083808899,0.26619526743888855,-0.015574582852423191,0.5633354187011719,0.38331252336502075,-0.0030135447159409523,0.5632706880569458,0.3744109869003296,-0.0021309286821633577,0.5533584356307983,0.37323519587516785,-0.0017958235694095492,0.5318215489387512,0.34652552008628845,0.0018186416709795594,0.5376970767974854,0.29135024547576904,-0.006539407651871443,0.5370111465454102,0.35750192403793335,0.0007473047589883208,0.5249661803245544,0.29260462522506714,-0.004535626620054245,0.533381462097168,0.3018815219402313,-0.0061086020432412624,0.5215495824813843,0.30844059586524963,-0.0005509777693077922,0.5517945885658264,0.38193243741989136,-0.002453610533848405,0.5448296666145325,0.27166861295700073,-0.01203102432191372,0.5269846320152283,0.3541218042373657,0.00675521045923233,0.5340587496757507,0.3648184835910797,0.004675998818129301,0.5280674695968628,0.3337569832801819,0.0013356506824493408,0.5062960982322693,0.31571629643440247,0.01684672385454178,0.5207797884941101,0.3362383246421814,0.006448817905038595,0.5029639005661011,0.32457390427589417,0.029294347390532494,0.5301178693771362,0.31512147188186646,-0.0037843065802007914,0.5483816862106323,0.25905805826187134,-0.011187804862856865,0.5494734644889832,0.2812207043170929,-0.025150809437036514,0.5460705757141113,0.2842930555343628,-0.019329708069562912,0.5520113110542297,0.275128036737442,-0.0290133785456419,0.5422065258026123,0.22230708599090576,0.0004080694925505668,0.5315119028091431,0.2181115597486496,-0.0010423633502796292,0.5222879648208618,0.21829132735729218,-0.0012399479746818542,0.514921247959137,0.22132107615470886,0.0005957969697192311,0.5100078582763672,0.22634297609329224,0.00395470205694437,0.5079988837242126,0.24158602952957153,0.011789015494287014,0.4914325177669525,0.26749804615974426,0.03484068065881729,0.5133103728294373,0.2523171305656433,0.006707197520881891,0.5196784734725952,0.25387629866600037,0.0034430837258696556,0.5278151631355286,0.2529078722000122,0.001448678900487721,0.5354814529418945,0.24992777407169342,0.0011527829337865114,0.5414769649505615,0.24612537026405334,0.0012184173101559281,0.5455871224403381,0.2425941824913025,0.0012830777559429407,0.4894647002220154,0.27031126618385315,0.05602944642305374,0.5462406873703003,0.2869158089160919,-0.016595447435975075,0.552363932132721,0.25984513759613037,-0.019616756588220596,0.553595244884491,0.281011700630188,-0.02948099374771118,0.5565273761749268,0.28542330861091614,-0.02739577367901802,0.5535286664962769,0.2827266752719879,-0.0267889816313982,0.5477596521377563,0.28962501883506775,-0.014602153562009335,0.5576324462890625,0.28604021668434143,-0.02893259935081005,0.5581169128417969,0.2882874310016632,-0.02236839197576046,0.5451666712760925,0.23595398664474487,0.0045370496809482574,0.5486346483230591,0.2373865246772766,0.0010760443983599544,0.5506231784820557,0.2382798194885254,-0.003194335848093033,0.5159699320793152,0.23568084836006165,0.0065885926596820354,0.5113807916641235,0.23290884494781494,0.006844513583928347,0.5659654140472412,0.2545977234840393,-0.022433504462242126,0.5984825491905212,0.2344702035188675,0.011870652437210083,0.5669809579849243,0.2864277958869934,-0.02189778722822666,0.6215282678604126,0.20225131511688232,0.043549370020627975,0.5832791924476624,0.2419699877500534,0.004814218729734421,0.5889315605163574,0.2425304800271988,0.00537238409742713,0.5943375825881958,0.2419969141483307,0.007125273812562227,0.6012290120124817,0.23766888678073883,0.012505369260907173,0.5783532857894897,0.23994342982769012,0.00499944481998682,0.5904698371887207,0.21791841089725494,0.003938985988497734,0.5841041803359985,0.21862921118736267,0.0037541179917752743,0.596333384513855,0.21965092420578003,0.005979808047413826,0.600152850151062,0.22316916286945343,0.008488651365041733,0.6067089438438416,0.2429666519165039,0.014993764460086823,0.5836503505706787,0.37064069509506226,0.0031302471179515123,0.6004365086555481,0.2323562353849411,0.01396430004388094,0.6251575350761414,0.24021023511886597,0.04208706319332123,0.6134008765220642,0.23796381056308746,0.02158578857779503,0.5891047120094299,0.27648743987083435,-0.003120196284726262,0.5675655603408813,0.3101312220096588,-0.01855863630771637,0.5668115615844727,0.3190702199935913,-0.01706033945083618,0.575181782245636,0.31524717807769775,-0.014911871403455734,0.579430878162384,0.3218420147895813,-0.00992041826248169,0.5722582340240479,0.3213263750076294,-0.014254565350711346,0.57603520154953,0.32519102096557617,-0.009583593346178532,0.5876320004463196,0.3394359350204468,0.0011006954591721296,0.56670743227005,0.28110653162002563,-0.03168217092752457,0.5673264265060425,0.27274712920188904,-0.03283069282770157,0.6080193519592285,0.2178640365600586,0.011247032321989536,0.5772091746330261,0.25546693801879883,-0.0033448473550379276,0.5790752172470093,0.2793559730052948,-0.016759686172008514,0.5793192386627197,0.27513331174850464,-0.014697966165840626,0.6059530973434448,0.27576252818107605,0.004428274929523468,0.5666314363479614,0.2628123164176941,-0.028619205579161644,0.593870222568512,0.2088051438331604,0.0006312379264272749,0.6019840836524963,0.21181835234165192,0.005408355034887791,0.6153580546379089,0.18580502271652222,0.03304322063922882,0.5696985125541687,0.21598613262176514,-0.005935594905167818,0.5786232352256775,0.22217822074890137,0.005114565137773752,0.5906544327735901,0.32786139845848083,0.0020621076691895723,0.616891086101532,0.32525965571403503,0.05044788122177124,0.5747848749160767,0.28441643714904785,-0.014961828477680683,0.570382297039032,0.28743812441825867,-0.01645430363714695,0.5830142498016357,0.3378656804561615,0.0007560953381471336,0.5811938643455505,0.338056743144989,-0.0010161962127313018,0.6050727963447571,0.2067401111125946,0.009149710647761822,0.5791624188423157,0.2835923135280609,-0.013868125155568123,0.5832128524780273,0.20949766039848328,-0.003243241459131241,0.5840261578559875,0.20275461673736572,-0.0037545841187238693,0.5914151072502136,0.1643655002117157,0.010668010450899601,0.6111674904823303,0.19481602311134338,0.01944608800113201,0.5880422592163086,0.1816839724779129,0.0028888932429254055,0.6116074323654175,0.2143906056880951,0.01699933223426342,0.6176312565803528,0.20782797038555145,0.02938477322459221,0.5673978328704834,0.3147806227207184,-0.0184842050075531,0.5738087892532349,0.31841719150543213,-0.014890899881720543,0.5778968930244446,0.32349783182144165,-0.01032598502933979,0.5733980536460876,0.2862086892127991,-0.014192062430083752,0.5821003913879395,0.33808523416519165,-0.000265193113591522,0.5815600156784058,0.3451795279979706,-0.0025531495921313763,0.5803609490394592,0.33788084983825684,-0.0011504346039146185,0.5723941922187805,0.28120410442352295,-0.022821495309472084,0.5746262073516846,0.3258845806121826,-0.008710232563316822,0.5709711909294128,0.3228026330471039,-0.012032631784677505,0.5661852359771729,0.321572870016098,-0.014551679603755474,0.5717916488647461,0.3657602369785309,-0.0019489903934299946,0.5717331767082214,0.37500184774398804,-0.008058187551796436,0.570674479007721,0.3712834119796753,-0.009568782523274422,0.569378674030304,0.36609816551208496,-0.008761227130889893,0.5681664943695068,0.3615562319755554,-0.00833369605243206,0.5760838389396667,0.35005974769592285,-0.004184376448392868,0.5778781175613403,0.35144034028053284,-0.0046546743251383305,0.5801193118095398,0.35291895270347595,-0.005222750827670097,0.5819658041000366,0.35413432121276855,-0.004218589048832655,0.5852115750312805,0.3090400993824005,-0.007484290283173323,0.6245773434638977,0.2810952067375183,0.0625806376338005,0.5781964659690857,0.34459108114242554,-0.0020774577278643847,0.5798923969268799,0.34495460987091064,-0.0025095497258007526,0.5691133141517639,0.290909081697464,-0.0165928453207016,0.5772584080696106,0.28910234570503235,-0.009977600537240505,0.569699764251709,0.289257675409317,-0.016761675477027893,0.5833287239074707,0.26025378704071045,-0.00153726851567626,0.5927720069885254,0.2656615972518921,3.306618964415975e-05,0.580260157585144,0.2793877422809601,-0.011620920151472092,0.6058455109596252,0.17270690202713013,0.02128490060567856,0.6018080711364746,0.1856945902109146,0.010807950049638748,0.5956873893737793,0.2022922784090042,0.0025985168758779764,0.5842697620391846,0.3487440347671509,-0.0004667500325012952,0.5711527466773987,0.2048596739768982,-0.007239580154418945,0.5743281245231628,0.18140633404254913,-0.001970527460798621,0.5760666131973267,0.1609741598367691,0.0038487729616463184,0.5987422466278076,0.24060383439064026,0.009878193028271198,0.6137593388557434,0.24905772507190704,0.018097642809152603,0.5750659704208374,0.2378963828086853,0.0058028679341077805,0.6062288880348206,0.2275271862745285,0.013893846422433853,0.5731173753738403,0.2499154508113861,-0.005325214937329292,0.5757827162742615,0.27585455775260925,-0.02228761650621891,0.6205100417137146,0.25537872314453125,0.02422681264579296,0.6096292734146118,0.25431180000305176,0.012277529574930668,0.6021684408187866,0.25712472200393677,0.006449785549193621,0.5910991430282593,0.256041556596756,0.0032960374373942614,0.5829538702964783,0.25273415446281433,0.001965518807992339,0.5768244862556458,0.2488795816898346,0.0003155629674438387,0.5658168196678162,0.2385517954826355,-0.010982139967381954,0.6194894313812256,0.2735770642757416,0.02120290882885456,0.6111195683479309,0.2269073873758316,0.016967974603176117,0.5648985505104065,0.2860357165336609,-0.02932523749768734,0.5771288275718689,0.2632647454738617,-0.006436905823647976,0.6264456510543823,0.24109336733818054,0.06197619438171387,0.572168231010437,0.24437570571899414,-0.0004663824220187962,0.5805448889732361,0.2803591787815094,-0.00562052708119154,0.6030780673027039,0.23298503458499908,0.015104012563824654,0.5757472515106201,0.2707081735134125,-0.019737137481570244,0.6221198439598083,0.3022553324699402,0.05805397033691406,0.5747619867324829,0.23503044247627258,0.007653618231415749,0.5712223052978516,0.26584312319755554,-0.025170383974909782,0.60508131980896,0.34566187858581543,0.021701699122786522,0.6049925684928894,0.3571088910102844,0.030022630468010902,0.6249191761016846,0.27747660875320435,0.041801147162914276,0.6114523410797119,0.33322280645370483,0.028162896633148193,0.6216269731521606,0.2227332890033722,0.0375368557870388,0.5850803852081299,0.37991654872894287,0.005597891751676798,0.5641720294952393,0.28835582733154297,-0.02213275246322155,0.5822017192840576,0.26959267258644104,-0.004467898514121771,0.6190561056137085,0.24017776548862457,0.027648521587252617,0.5932908058166504,0.23716633021831512,0.008001147769391537,0.5886473655700684,0.2378648817539215,0.006280722562223673,0.5830968022346497,0.3451484441757202,-0.0017987684113904834,0.6177530288696289,0.2918250858783722,0.021580200642347336,0.5754483938217163,0.39611488580703735,0.006059177685528994,0.5916872620582581,0.379334032535553,0.01664721965789795,0.5980941653251648,0.36970606446266174,0.022434692829847336,0.5839298367500305,0.2374335676431656,0.005792383570224047,0.5793383717536926,0.23633743822574615,0.006403003353625536,0.5763193368911743,0.23578131198883057,0.0075141931883990765,0.6155236959457397,0.22544820606708527,0.02325710467994213,0.5798236131668091,0.22824056446552277,0.006106397602707148,0.5845797657966614,0.22548560798168182,0.005225404165685177,0.5893864035606384,0.22501912713050842,0.005760306492447853,0.594161331653595,0.22648406028747559,0.007391299121081829,0.5971941947937012,0.22880397737026215,0.009459874592721462,0.6249982118606567,0.21958965063095093,0.054300278425216675,0.596345841884613,0.23588193953037262,0.010028951801359653,0.580403745174408,0.3027312755584717,-0.010767732746899128,0.5748994946479797,0.2827709913253784,-0.01704934611916542,0.5703337788581848,0.29887455701828003,-0.016186149790883064,0.5988262295722961,0.35839390754699707,0.01661473698914051,0.5922090411186218,0.3687516152858734,0.011401420459151268,0.5756023526191711,0.38876307010650635,0.00029565414297394454,0.610749363899231,0.34372127056121826,0.03984379768371582,0.5763604044914246,0.23229534924030304,0.007025966886430979,0.5697149038314819,0.2514582574367523,-0.013396338559687138,0.5844733715057373,0.3885723352432251,0.010510743595659733,0.6224457621574402,0.29744774103164673,0.03943626582622528,0.5729014873504639,0.3561966121196747,-0.006412716582417488,0.5747674107551575,0.35912200808525085,-0.006751828361302614,0.5768412947654724,0.36252719163894653,-0.00728696770966053,0.5785267353057861,0.36562782526016235,-0.006222686730325222,0.5793365240097046,0.3582284450531006,-0.0019173433538526297,0.5789249539375305,0.33063119649887085,-0.005230150185525417,0.5806095600128174,0.32989123463630676,-0.004961877129971981,0.5820597410202026,0.32886308431625366,-0.004660196136683226,0.5886447429656982,0.31748509407043457,-0.0026917520444840193,0.6096183061599731,0.29575783014297485,0.009726209565997124,0.569292426109314,0.2436070740222931,-0.007764775771647692,0.5706412196159363,0.22839713096618652,0.0033444263972342014,0.5739871263504028,0.2292797565460205,0.0059067122638225555,0.5775796175003052,0.33057737350463867,-0.004723899532109499,0.6092550158500671,0.3189362585544586,0.018052278086543083,0.5658952593803406,0.2281332165002823,-0.004326632246375084,0.5814375281333923,0.3630412817001343,0.0012280571972951293,0.5659250020980835,0.24692068994045258,-0.01715148612856865,0.573931872844696,0.26436683535575867,-0.014149829745292664,0.5728939771652222,0.37143614888191223,-0.0009454561513848603,0.5925480127334595,0.34127169847488403,0.005008741747587919,0.5849857926368713,0.28783875703811646,-0.004068942740559578,0.5878108739852905,0.35283905267715454,0.0032906888518482447,0.5974821448326111,0.2873448431491852,-0.00069092633202672,0.5899136066436768,0.2976112365722656,-0.0030366266146302223,0.6012904047966003,0.3024328947067261,0.0038174765650182962,0.5745242834091187,0.3798238933086395,-0.0013546323170885444,0.5773000121116638,0.2692798674106598,-0.010252710431814194,0.5970284342765808,0.3478471636772156,0.01044404972344637,0.5905951261520386,0.3594161868095398,0.007477839943021536,0.5959276556968689,0.3281935155391693,0.005210316739976406,0.6153790950775146,0.307685524225235,0.022943636402487755,0.6026168465614319,0.3295156955718994,0.010973328724503517,0.6181336045265198,0.3161052465438843,0.0358269102871418,0.5935906767845154,0.31016141176223755,-0.00017505546566098928,0.5732161402702332,0.25726771354675293,-0.009632598608732224,0.5741199254989624,0.2795669436454773,-0.02374345064163208,0.5773681402206421,0.2820761501789093,-0.017760738730430603,0.5717330574989319,0.27375924587249756,-0.02787831239402294,0.574571430683136,0.22092843055725098,0.0024153494741767645,0.583590030670166,0.21556785702705383,0.0019101860234513879,0.5917088985443115,0.21467092633247375,0.0026041455566883087,0.5985262989997864,0.21666771173477173,0.005253227427601814,0.6033970713615417,0.2208794206380844,0.009149123914539814,0.6075480580329895,0.23548409342765808,0.017344975844025612,0.6258890628814697,0.2585655450820923,0.04231582581996918,0.6034923791885376,0.24634036421775818,0.011780625209212303,0.5978072881698608,0.24856144189834595,0.007892522029578686,0.5902443528175354,0.24872785806655884,0.005095362197607756,0.5829658508300781,0.2469535768032074,0.0040520476177334785,0.5772873759269714,0.2442585974931717,0.003402463160455227,0.5733420848846436,0.24146492779254913,0.0030710906721651554,0.625797688961029,0.2612539231777191,0.06437674164772034,0.5770877599716187,0.28469398617744446,-0.015046869404613972,0.5700689554214478,0.258567750453949,-0.018490012735128403,0.5703590512275696,0.2798801064491272,-0.028556853532791138,0.5674285292625427,0.28472381830215454,-0.02684994414448738,0.5702558159828186,0.2816982865333557,-0.02585785835981369,0.5755726099014282,0.28756287693977356,-0.013314194045960903,0.5665373206138611,0.2854507565498352,-0.028496060520410538,0.5658074617385864,0.2877698838710785,-0.022004812955856323,0.5728858709335327,0.23521217703819275,0.006446833722293377,0.570202112197876,0.23682928085327148,0.0024923563469201326,0.5685858130455017,0.23794034123420715,-0.0020345645025372505,0.5989804267883301,0.23067718744277954,0.01141579169780016,0.6028082370758057,0.2275007665157318,0.011942543089389801,0.5274727940559387,0.23394176363945007,0.004425991326570511,0.5341386795043945,0.23312504589557648,0.004425991326570511,0.5267467498779297,0.22631493210792542,0.004425991326570511,0.5207505822181702,0.23469875752925873,0.004425991326570511,0.5281493663787842,0.24151210486888885,0.004425991326570511,0.5885522365570068,0.230098694562912,0.00811837613582611,0.5943477153778076,0.2300957292318344,0.00811837613582611,0.5886111855506897,0.22271209955215454,0.00811837613582611,0.5828611254692078,0.23002716898918152,0.00811837613582611,0.5885705351829529,0.23756159842014313,0.00811837613582611
933.3333333333337,0.5598233342170715,0.31271323561668396,-0.01977267675101757,0.5619609355926514,0.28204602003097534,-0.03232360631227493,0.5617672204971313,0.2916928231716156,-0.018472230061888695,0.5564354062080383,0.25557979941368103,-0.023063482716679573,0.5618563890457153,0.27328020334243774,-0.033678021281957626,0.5615034103393555,0.2625509798526764,-0.030623726546764374,0.5603684782981873,0.23682701587677002,-0.013427621684968472,0.5167807936668396,0.23971162736415863,0.007061048876494169,0.5595949292182922,0.21761557459831238,-0.008558977395296097,0.5592623949050903,0.20597320795059204,-0.008736412040889263,0.5576672554016113,0.16119565069675446,0.0012034233659505844,0.5599648356437683,0.31584781408309937,-0.01956317573785782,0.5602508187294006,0.3195039927959442,-0.01804269291460514,0.5604963898658752,0.32208535075187683,-0.015344493091106415,0.5614616274833679,0.3650139570236206,-0.009275020100176334,0.5616621375083923,0.3697052597999573,-0.009801075793802738,0.5619524717330933,0.3746678829193115,-0.010610784403979778,0.5622448921203613,0.37852802872657776,-0.008510292507708073,0.5630228519439697,0.367725133895874,-0.0023060026578605175,0.5619109272956848,0.28694936633110046,-0.029741834849119186,0.5565885305404663,0.2875320017337799,-0.022307904437184334,0.4912296235561371,0.21053992211818695,0.03571076691150665,0.5343321561813354,0.24511589109897614,0.0016975442413240671,0.5281953811645508,0.24668128788471222,0.0016530489083379507,0.5223056077957153,0.24689950048923492,0.002838271437212825,0.514541745185852,0.2433318942785263,0.007450981065630913,0.5395584106445312,0.24216467142105103,0.0025614709593355656,0.5241447687149048,0.2215532660484314,1.00033594208071e-06,0.5313920974731445,0.2215641885995865,0.0006206022226251662,0.5176862478256226,0.22408631443977356,0.0014273228589445353,0.5136750936508179,0.2281610667705536,0.0036145460326224566,0.5098143815994263,0.24936801195144653,0.009609752334654331,0.5415476560592651,0.37456634640693665,0.0009595465962775052,0.5145920515060425,0.23772266507148743,0.008943496271967888,0.49078330397605896,0.24873150885105133,0.03474918007850647,0.5026661157608032,0.24487338960170746,0.015549397096037865,0.5326847434043884,0.28064051270484924,-0.006100278347730637,0.5520782470703125,0.3117073178291321,-0.019083408638834953,0.5539637207984924,0.32027867436408997,-0.017455052584409714,0.545305609703064,0.3175584673881531,-0.016228562220931053,0.5416200160980225,0.32436513900756836,-0.011865037493407726,0.5488471984863281,0.32310372591018677,-0.015269547700881958,0.5453547239303589,0.3272063434123993,-0.011127899400889874,0.5369168519973755,0.34369152784347534,-0.0015655491733923554,0.5573411583900452,0.2822425663471222,-0.03199844807386398,0.5565680265426636,0.27399298548698425,-0.03323335945606232,0.5050023794174194,0.22414766252040863,0.005567129701375961,0.5434640645980835,0.2580570876598358,-0.005351006053388119,0.5438980460166931,0.28219786286354065,-0.01854150928556919,0.5432521104812622,0.2780381143093109,-0.016545457765460014,0.5151000022888184,0.2821314334869385,-0.0004873282159678638,0.5565046072006226,0.263963907957077,-0.029185980558395386,0.5193043947219849,0.212529718875885,-0.003381833666935563,0.5106781721115112,0.217006117105484,0.00047302833991125226,0.4976710081100464,0.1932809203863144,0.025930561125278473,0.5470312833786011,0.21641409397125244,-0.00728027056902647,0.537806510925293,0.22445061802864075,0.00257480819709599,0.5335031747817993,0.3326370120048523,-0.0011364637175574899,0.5029457807540894,0.3336535692214966,0.043185897171497345,0.5483196377754211,0.2866544723510742,-0.016274547204375267,0.5529051423072815,0.28900161385536194,-0.01705615594983101,0.5387952923774719,0.34024494886398315,-0.002036452991887927,0.5405916571617126,0.34032365679740906,-0.003434776794165373,0.5071609020233154,0.2126278579235077,0.003884687786921859,0.5436945557594299,0.2864290773868561,-0.015610425733029842,0.5312820076942444,0.21172288060188293,-0.005966751370579004,0.5297626256942749,0.20515689253807068,-0.006587740499526262,0.5231544375419617,0.16861200332641602,0.0064482856541872025,0.5034897923469543,0.20157656073570251,0.013598226942121983,0.5280137658119202,0.18534573912620544,-0.0004080330836586654,0.5013176798820496,0.22138410806655884,0.010913577862083912,0.4969017207622528,0.21538954973220825,0.022801151499152184,0.5527750849723816,0.3163197338581085,-0.018961101770401,0.5468945503234863,0.3204299807548523,-0.0160396508872509,0.5432946681976318,0.3258289694786072,-0.01202248316258192,0.5496736168861389,0.28825458884239197,-0.01522732712328434,0.5396934747695923,0.3403991460800171,-0.0028179893270134926,0.5404582619667053,0.3481371998786926,-0.0047358013689517975,0.5413792133331299,0.3401664197444916,-0.0035020785871893167,0.5509262084960938,0.28304341435432434,-0.024013807997107506,0.5469456911087036,0.32780149579048157,-0.010206388309597969,0.5504447221755981,0.32439127564430237,-0.013027065433561802,0.5550898909568787,0.3225700855255127,-0.014977467246353626,0.5543392300605774,0.36681321263313293,-0.002787133911624551,0.5524787306785583,0.3765486776828766,-0.008793443441390991,0.5528402328491211,0.3730168342590332,-0.010285350494086742,0.5536310076713562,0.36789029836654663,-0.009394178166985512,0.5545656085014343,0.3633421063423157,-0.008940034545958042,0.5462275743484497,0.35295790433883667,-0.0058226739056408405,0.5445086359977722,0.3546172082424164,-0.006341398693621159,0.5424023866653442,0.3563418388366699,-0.006977585144340992,0.5407888293266296,0.3576289415359497,-0.0061508468352258205,0.5387319326400757,0.3129030168056488,-0.009869330562651157,0.49209892749786377,0.2898082733154297,0.054388225078582764,0.561796247959137,0.2892605662345886,-0.022547081112861633,0.54383385181427,0.3471941649913788,-0.004158984404057264,0.5421117544174194,0.3477969765663147,-0.004612716380506754,0.5545146465301514,0.2922675311565399,-0.017187124118208885,0.5456597805023193,0.2916879653930664,-0.011346020735800266,0.5537657141685486,0.29067423939704895,-0.01733756624162197,0.5372963547706604,0.26365673542022705,-0.004180945456027985,0.5280870199203491,0.27024587988853455,-0.0034733216743916273,0.5423034429550171,0.2823988199234009,-0.01354917697608471,0.5078518390655518,0.1788673996925354,0.015387464314699173,0.513355016708374,0.19115200638771057,0.006085191387683153,0.516912043094635,0.20653928816318512,-0.0015876844990998507,0.5407479405403137,0.35233181715011597,-0.0027714085299521685,0.5443043112754822,0.20537671446800232,-0.008681422099471092,0.5424370765686035,0.18332794308662415,-0.0037545457016676664,0.5391291379928589,0.1632336974143982,0.001630104728974402,0.5174123644828796,0.24600687623023987,0.005111244041472673,0.5036758780479431,0.25611746311187744,0.012163182720541954,0.5429935455322266,0.23939335346221924,0.0035758186131715775,0.5080507397651672,0.2335299253463745,0.008402708917856216,0.5475974082946777,0.25193291902542114,-0.00692531606182456,0.5473195910453796,0.27821478247642517,-0.023726820945739746,0.4980035722255707,0.26351892948150635,0.01752718910574913,0.5080976486206055,0.2613350749015808,0.006700159516185522,0.5161628127098083,0.26329612731933594,0.0017397778574377298,0.5278276801109314,0.26056864857673645,-0.0002979191194754094,0.5363302826881409,0.2560340166091919,-0.0008012564503587782,0.542695939540863,0.251041442155838,-0.0017881072126328945,0.5550528168678284,0.2394668161869049,-0.011682644486427307,0.5004240870475769,0.2816680669784546,0.01460398267954588,0.5033369064331055,0.2335878312587738,0.010968632996082306,0.5591106414794922,0.2869224548339844,-0.0295716505497694,0.5442235469818115,0.26586097478866577,-0.008354040794074535,0.4876195788383484,0.24997270107269287,0.05350685119628906,0.5473321676254272,0.2456323504447937,-0.0021103443577885628,0.5416709184646606,0.2834005653858185,-0.007543188985437155,0.5120081901550293,0.23873499035835266,0.009858204983174801,0.5468829274177551,0.27313369512557983,-0.021221959963440895,0.4961470067501068,0.31096163392066956,0.050236742943525314,0.5430483222007751,0.23634953796863556,0.005323934368789196,0.5516591668128967,0.26763805747032166,-0.026252511888742447,0.5179092884063721,0.35296642780303955,0.01697639189660549,0.517328143119812,0.3648640811443329,0.024709630757570267,0.4937460124492645,0.28615009784698486,0.03460776433348656,0.5107823014259338,0.3409479558467865,0.022561924532055855,0.4933587312698364,0.2307506948709488,0.03055030293762684,0.5400270223617554,0.38441240787506104,0.0032839456107467413,0.5596237182617188,0.28909018635749817,-0.022261494770646095,0.5391409397125244,0.27284687757492065,-0.006791948340833187,0.49778878688812256,0.24717606604099274,0.021061575040221214,0.5225826501846313,0.24181677401065826,0.003756267251446843,0.5277621150016785,0.24184337258338928,0.002533908002078533,0.5390018224716187,0.3482694923877716,-0.0041775028221309185,0.5031134486198425,0.29975709319114685,0.01528950035572052,0.5499178767204285,0.3986804187297821,0.004665639717131853,0.5321096777915955,0.38559749722480774,0.013290692120790482,0.5251350402832031,0.3768722414970398,0.018210263922810555,0.5585116147994995,0.18263763189315796,-0.0042456951923668385,0.5627253651618958,0.3998250663280487,0.003968923818320036,0.5329861640930176,0.24061399698257446,0.0025816387496888638,0.5379124283790588,0.23866333067417145,0.0036280842032283545,0.5412836670875549,0.23744283616542816,0.0050397636368870735,0.49909263849258423,0.2328009158372879,0.016810821369290352,0.5370242595672607,0.23070299625396729,0.003228286514058709,0.5315927863121033,0.2287619411945343,0.0018830981571227312,0.5262000560760498,0.22883066534996033,0.0019057202152907848,0.5208840370178223,0.23092597723007202,0.0030329590663313866,0.5176876783370972,0.23371073603630066,0.004791822750121355,0.4880678355693817,0.22832037508487701,0.0460699200630188,0.5191249251365662,0.24089425802230835,0.0054470752365887165,0.5620390176773071,0.29896247386932373,-0.017212802544236183,0.5434695482254028,0.30583375692367554,-0.0126188350841403,0.5482431650161743,0.2849753201007843,-0.0182939562946558,0.5539906024932861,0.30043649673461914,-0.016876332461833954,0.5599231123924255,0.2273908108472824,-0.008709779940545559,0.524760901927948,0.36507976055145264,0.012785837985575199,0.5319730639457703,0.3746429681777954,0.0083669638261199,0.5504565238952637,0.3911287486553192,-0.0009589961264282465,0.5105490684509277,0.3518732190132141,0.03352288529276848,0.5410765409469604,0.2339542806148529,0.004454052075743675,0.551811933517456,0.2529541552066803,-0.014485866762697697,0.5630635023117065,0.39255449175834656,-0.0014347961405292153,0.540106475353241,0.393351674079895,0.007999811321496964,0.49747568368911743,0.3059645891189575,0.03259330987930298,0.549675464630127,0.3589703142642975,-0.007600749842822552,0.5480194091796875,0.36209964752197266,-0.007999814115464687,0.5462853908538818,0.3656110167503357,-0.008642742410302162,0.5451330542564392,0.3687564730644226,-0.0076707107946276665,0.5462560653686523,0.3608265221118927,-0.0036871526390314102,0.5425357222557068,0.3328985869884491,-0.007283905521035194,0.540794849395752,0.3323310613632202,-0.007238586898893118,0.5393296480178833,0.33139708638191223,-0.007132563274353743,0.5353940725326538,0.3219175338745117,-0.005671574734151363,0.5121744871139526,0.30272623896598816,0.004450848791748285,0.5514310598373413,0.245014488697052,-0.008905963972210884,0.5473233461380005,0.22919544577598572,0.0018048054771497846,0.5435116291046143,0.23060902953147888,0.0037123633082956076,0.5439892411231995,0.3327450156211853,-0.006734798196703196,0.513033926486969,0.32621824741363525,0.012761306948959827,0.5525601506233215,0.2281157225370407,-0.005264553241431713,0.5438703298568726,0.3663509488105774,-0.0007352594984695315,0.5611200332641602,0.25383538007736206,-0.02460276149213314,0.5557582378387451,0.24788780510425568,-0.0177182387560606,0.5607572793960571,0.2456071525812149,-0.01867913454771042,0.5480808615684509,0.2664734125137329,-0.015526603907346725,0.5630190968513489,0.38317424058914185,-0.003131703706458211,0.5629714727401733,0.374170184135437,-0.0022891932167112827,0.5531138777732849,0.3729884624481201,-0.0019402828766033053,0.5315694212913513,0.34637880325317383,0.0019182685064151883,0.5374289155006409,0.29153814911842346,-0.00649307994171977,0.5367856025695801,0.3573170602321625,0.0007447093958035111,0.524711012840271,0.2926616370677948,-0.0044843521900475025,0.5331123471260071,0.3020063042640686,-0.006034757476300001,0.5212557911872864,0.308432012796402,-0.00046348999603651464,0.551522433757782,0.3817857503890991,-0.0025517006870359182,0.5445917248725891,0.2719208002090454,-0.011983819305896759,0.5267354846000671,0.3539748191833496,0.006828102748841047,0.5338265895843506,0.3646854758262634,0.004672782029956579,0.5277767181396484,0.3336634337902069,0.0014787613181397319,0.5061272382736206,0.3155505955219269,0.01695030927658081,0.5205023884773254,0.3360994756221771,0.006559235975146294,0.5028858184814453,0.32432714104652405,0.029373718425631523,0.5298197865486145,0.31515347957611084,-0.003660214366391301,0.5481670498847961,0.25927647948265076,-0.011157027445733547,0.5491954684257507,0.2816563546657562,-0.02505318634212017,0.5457714796066284,0.28466784954071045,-0.019237704575061798,0.5517316460609436,0.27558523416519165,-0.02890988439321518,0.5421363115310669,0.22242477536201477,0.00035278056748211384,0.5314425230026245,0.21816319227218628,-0.0010763300815597177,0.5222351551055908,0.21831819415092468,-0.0012553906999528408,0.5148781538009644,0.22134268283843994,0.0005921140545979142,0.5099788904190063,0.22638365626335144,0.003952185623347759,0.50799959897995,0.24165572226047516,0.011787120252847672,0.49137070775032043,0.26724228262901306,0.034851640462875366,0.5132817625999451,0.25243207812309265,0.006716028321534395,0.5196384191513062,0.2539981007575989,0.003455583704635501,0.5277791619300842,0.2530883550643921,0.0014596881810575724,0.5354648232460022,0.25017213821411133,0.0011384004028514028,0.5414751768112183,0.24640372395515442,0.0012054649414494634,0.5455849766731262,0.2428753674030304,0.0012581232003867626,0.4894509017467499,0.2699737548828125,0.05596356466412544,0.5459326505661011,0.2872587740421295,-0.01650998555123806,0.5521200895309448,0.26014700531959534,-0.01956462487578392,0.553318977355957,0.2814972698688507,-0.02937438152730465,0.5562598705291748,0.2858973741531372,-0.0272886473685503,0.5532599687576294,0.28319162130355835,-0.026687560603022575,0.5474473834037781,0.28995874524116516,-0.014524377882480621,0.5573657155036926,0.28653186559677124,-0.028817767277359962,0.5578519701957703,0.288747102022171,-0.02227281965315342,0.5452101826667786,0.23625344038009644,0.004481602925807238,0.5486152768135071,0.23765231668949127,0.0010399252641946077,0.5505682826042175,0.23850595951080322,-0.003204881679266691,0.5159624814987183,0.23581890761852264,0.0065581221133470535,0.5113758444786072,0.2330266237258911,0.0068196458742022514,0.5657206773757935,0.25493738055229187,-0.022394873201847076,0.598063051700592,0.23482471704483032,0.011721096932888031,0.5667973756790161,0.28688710927963257,-0.021816082298755646,0.6215441226959229,0.20217585563659668,0.043199341744184494,0.5827236175537109,0.2424394190311432,0.004702781327068806,0.5884326696395874,0.24295052886009216,0.005259526893496513,0.5938858985900879,0.24237674474716187,0.00700683519244194,0.6008331179618835,0.23800316452980042,0.01236659474670887,0.5777403712272644,0.24047771096229553,0.004903491586446762,0.5900707840919495,0.2181439995765686,0.0037971804849803448,0.5836347937583923,0.2188444882631302,0.0036285901442170143,0.5959747433662415,0.21991991996765137,0.005834055133163929,0.5997965931892395,0.22347372770309448,0.00833850260823965,0.6063469648361206,0.2432309091091156,0.01486263982951641,0.5832986831665039,0.37059831619262695,0.003009557956829667,0.6000299453735352,0.23269963264465332,0.013808529824018478,0.6251384615898132,0.24014918506145477,0.041866276413202286,0.6131463050842285,0.2381948083639145,0.02142483741044998,0.5889266729354858,0.27669429779052734,-0.0031693994533270597,0.5675544738769531,0.31069815158843994,-0.018373705446720123,0.5667986273765564,0.31947633624076843,-0.016833821311593056,0.5751620531082153,0.31573864817619324,-0.014739425852894783,0.579394519329071,0.32220131158828735,-0.00976429134607315,0.5722178220748901,0.3216756582260132,-0.01404005941003561,0.5759646892547607,0.3254416286945343,-0.009398391470313072,0.5875206589698792,0.3393170237541199,0.0011389725841581821,0.5664609670639038,0.2816336452960968,-0.0315767377614975,0.5670769214630127,0.27325642108917236,-0.032734908163547516,0.6077364683151245,0.21809086203575134,0.011094694957137108,0.5770005583763123,0.25566914677619934,-0.003378590103238821,0.5789479613304138,0.27972832322120667,-0.016719913110136986,0.5791776180267334,0.27546459436416626,-0.014672170393168926,0.605754017829895,0.2758477032184601,0.004374196752905846,0.5663809776306152,0.26324254274368286,-0.028554502874612808,0.5935387015342712,0.20903833210468292,0.0005249374080449343,0.6016725301742554,0.21205514669418335,0.005288261920213699,0.6153194904327393,0.18573983013629913,0.03270762413740158,0.5693053007125854,0.2161257565021515,-0.005979996640235186,0.5780979990959167,0.2224377989768982,0.00499458983540535,0.5906081199645996,0.32784318923950195,0.0021348728332668543,0.61672043800354,0.3251449763774872,0.05031054839491844,0.5746790766716003,0.2847892940044403,-0.014918762259185314,0.5702605843544006,0.2878345847129822,-0.016384845599532127,0.5829973220825195,0.33787447214126587,0.000864582892972976,0.581154465675354,0.3380695581436157,-0.0008986808243207633,0.6048124432563782,0.206914484500885,0.009006704203784466,0.5790613293647766,0.2839154601097107,-0.013830834999680519,0.5828515887260437,0.20969605445861816,-0.0033240753691643476,0.5837000608444214,0.20287325978279114,-0.003844884689897299,0.5913081169128418,0.16433505713939667,0.010406602174043655,0.6111332178115845,0.1947399377822876,0.01924668624997139,0.5879595279693604,0.18161135911941528,0.002735431771725416,0.6114003658294678,0.2145233154296875,0.016819000244140625,0.6176074147224426,0.20776593685150146,0.029149770736694336,0.5673950910568237,0.3152748942375183,-0.01827038638293743,0.5737898945808411,0.31884023547172546,-0.014688526280224323,0.5778494477272034,0.3238050043582916,-0.010151240974664688,0.5732994079589844,0.2865758538246155,-0.01414260920137167,0.5820714831352234,0.33809155225753784,-0.00014853417815174907,0.5816321969032288,0.3452701270580292,-0.0024696742184460163,0.5803172588348389,0.3378971815109253,-0.0010321177542209625,0.5722190737724304,0.2816525399684906,-0.022757254540920258,0.5745238661766052,0.3260854482650757,-0.008520030416548252,0.5708926320075989,0.3230891823768616,-0.01181085966527462,0.5661483407020569,0.3218962550163269,-0.014310031197965145,0.5714977979660034,0.3654506802558899,-0.002136501483619213,0.5720740556716919,0.3749012351036072,-0.008091984316706657,0.5710241794586182,0.37137383222579956,-0.009527717716991901,0.5697042346000671,0.3663693070411682,-0.008669905364513397,0.5684534311294556,0.36197322607040405,-0.008249063976109028,0.5761905312538147,0.35035955905914307,-0.004109598230570555,0.5780085325241089,0.35167422890663147,-0.004589556250721216,0.5802796483039856,0.35308727622032166,-0.005185424350202084,0.5821592807769775,0.354207843542099,-0.004205101635307074,0.5851439833641052,0.30925682187080383,-0.007387121208012104,0.6245668530464172,0.28097689151763916,0.06233115866780281,0.5782196521759033,0.344765841960907,-0.0019942251965403557,0.5799413919448853,0.34508320689201355,-0.002427233848720789,0.5689605474472046,0.291322261095047,-0.016529325395822525,0.5771694183349609,0.2894049882888794,-0.00994969718158245,0.5695616602897644,0.2896635830402374,-0.016690637916326523,0.5831209421157837,0.26045089960098267,-0.0015790123725309968,0.5925611853599548,0.2658286690711975,-1.3073434274701867e-05,0.5801331400871277,0.27968406677246094,-0.011600244790315628,0.6057769060134888,0.17265179753303528,0.02098727971315384,0.6017647981643677,0.18560971319675446,0.010628734715282917,0.5953918695449829,0.20244449377059937,0.0024673952721059322,0.5840778946876526,0.34856048226356506,-0.0005015085334889591,0.5708057284355164,0.20488640666007996,-0.007288645021617413,0.574190080165863,0.18136882781982422,-0.0020938641391694546,0.5759232044219971,0.16095396876335144,0.0036406186409294605,0.598334550857544,0.24095623195171356,0.009754040278494358,0.6134613156318665,0.2493092268705368,0.017959177494049072,0.5744234919548035,0.23846440017223358,0.005705331452190876,0.6059201955795288,0.22782185673713684,0.013732215389609337,0.5729026198387146,0.2501157820224762,-0.0053487191908061504,0.575607419013977,0.2762870788574219,-0.022233806550502777,0.6203531622886658,0.2554072141647339,0.024085652083158493,0.6092402338981628,0.25452879071235657,0.012159880250692368,0.6017196774482727,0.2573562562465668,0.006353331729769707,0.5906134247779846,0.25633394718170166,0.0032288464717566967,0.5824373364448547,0.2531011998653412,0.0019046043744310737,0.5762895941734314,0.24927563965320587,0.000266752002062276,0.5655848979949951,0.2387181520462036,-0.01099475473165512,0.6192929744720459,0.2735905945301056,0.02110159583389759,0.6108678579330444,0.22713884711265564,0.016794372349977493,0.564658522605896,0.28654414415359497,-0.029218485578894615,0.5769387483596802,0.2635098695755005,-0.006459636613726616,0.6265461444854736,0.24094967544078827,0.06163545697927475,0.571632981300354,0.2447722852230072,-0.0005169360665604472,0.5804217457771301,0.28061121702194214,-0.0056325457990169525,0.6026904582977295,0.23331153392791748,0.014948674477636814,0.5755646228790283,0.2710890471935272,-0.01969938725233078,0.6220282912254333,0.30216145515441895,0.057854775339365005,0.5741190314292908,0.23561514914035797,0.007537023164331913,0.570996880531311,0.26625677943229675,-0.025118399411439896,0.6048132181167603,0.3455924987792969,0.021641552448272705,0.6047133207321167,0.35704198479652405,0.029945872724056244,0.6247698664665222,0.27744153141975403,0.041645314544439316,0.6111873388290405,0.3331342935562134,0.028093582019209862,0.6216209530830383,0.22267203032970428,0.03729968145489693,0.5847325325012207,0.37994447350502014,0.005494394339621067,0.5639486908912659,0.28883200883865356,-0.02204112522304058,0.582025408744812,0.2698202133178711,-0.0044989618472754955,0.6188977956771851,0.24040456116199493,0.02746683917939663,0.5928187370300293,0.2375628650188446,0.007866030558943748,0.5881344676017761,0.23828989267349243,0.006156011484563351,0.5831913352012634,0.34520959854125977,-0.0017192043596878648,0.6175395846366882,0.29182666540145874,0.021506454795598984,0.5750961899757385,0.3961760103702545,0.00595820089802146,0.5913597345352173,0.37940090894699097,0.016554417088627815,0.5977857708930969,0.3697173595428467,0.022357050329446793,0.5833663940429688,0.23790708184242249,0.005678603425621986,0.5787109732627869,0.23687295615673065,0.006290924269706011,0.5756621956825256,0.2363586276769638,0.007402705028653145,0.6153674125671387,0.2255726009607315,0.02306096814572811,0.5792919397354126,0.22861090302467346,0.005976464599370956,0.5841161608695984,0.22573423385620117,0.005093290004879236,0.5889793634414673,0.22523322701454163,0.005620104726403952,0.5937747955322266,0.22671766579151154,0.0072457618080079556,0.596813976764679,0.22909753024578094,0.009305103681981564,0.6250757575035095,0.219477117061615,0.05394645035266876,0.5959060788154602,0.23625457286834717,0.00988773163408041,0.5803086161613464,0.30302682518959045,-0.010695450007915497,0.5747773051261902,0.2831726372241974,-0.017002521082758904,0.5701767802238464,0.29927241802215576,-0.016108693554997444,0.5985280871391296,0.3583680987358093,0.01655261591076851,0.5918834805488586,0.368770033121109,0.011318806558847427,0.5752441883087158,0.38874876499176025,0.00018181619816459715,0.6105040311813354,0.3435993790626526,0.03975704684853554,0.5757559537887573,0.2328115701675415,0.006907890550792217,0.5694930553436279,0.2517205774784088,-0.013393852859735489,0.5841270089149475,0.3886607885360718,0.010411827825009823,0.6222311854362488,0.29740241169929504,0.03931315988302231,0.5731117129325867,0.35660067200660706,-0.00633362727239728,0.5750085115432739,0.3594112694263458,-0.006676115561276674,0.5771114230155945,0.36269259452819824,-0.00726045249029994,0.5788125395774841,0.3656286597251892,-0.006245885044336319,0.5790805816650391,0.3579840064048767,-0.002028109971433878,0.5788638591766357,0.330795019865036,-0.005075368098914623,0.5805696249008179,0.3300839364528656,-0.004808509256690741,0.5820407867431641,0.32907089591026306,-0.004515294451266527,0.5886114239692688,0.31759101152420044,-0.0025902134366333485,0.6094436645507812,0.2957928776741028,0.009686142206192017,0.5690674185752869,0.2437959909439087,-0.007782660890370607,0.5701401829719543,0.22873364388942719,0.003254345152527094,0.5734267830848694,0.22968342900276184,0.005799026694148779,0.5775032043457031,0.3307002782821655,-0.0045781624503433704,0.6090592741966248,0.3188972473144531,0.01800631172955036,0.5654646158218384,0.2283685952425003,-0.004391929600387812,0.5811147689819336,0.3629058599472046,0.0010743469465523958,0.5656909346580505,0.24717643857002258,-0.01713961362838745,0.573724627494812,0.26468291878700256,-0.014137780293822289,0.5725511312484741,0.3712407946586609,-0.0011153146624565125,0.592357873916626,0.34120631217956543,0.005016511306166649,0.5848742723464966,0.28806042671203613,-0.004088248126208782,0.5875442624092102,0.3527410626411438,0.0032091038301587105,0.597326397895813,0.28748819231987,-0.000748892838601023,0.5898087620735168,0.29779118299484253,-0.0030465160962194204,0.601172685623169,0.3025120198726654,0.0037784904707223177,0.5741636157035828,0.3797328770160675,-0.0014843606622889638,0.577125608921051,0.2695634663105011,-0.010253257118165493,0.5967733860015869,0.34780460596084595,0.010417108424007893,0.5902813673019409,0.35938510298728943,0.007397575303912163,0.5958074927330017,0.32817792892456055,0.005245278589427471,0.6151608228683472,0.3076619505882263,0.022881576791405678,0.6024375557899475,0.3294801115989685,0.010962989181280136,0.6178812980651855,0.3160367012023926,0.03573154658079147,0.5935215950012207,0.310251384973526,-0.00014638346328865737,0.5730075836181641,0.2575276494026184,-0.00964192021638155,0.5739467144012451,0.2800213396549225,-0.02368178591132164,0.5772480368614197,0.28246748447418213,-0.017710154876112938,0.5715190172195435,0.27424106001853943,-0.02779400534927845,0.5740858316421509,0.22117683291435242,0.0023115987423807383,0.5831555724143982,0.21580630540847778,0.0018019321141764522,0.5913270115852356,0.21492990851402283,0.0024840901605784893,0.5981795787811279,0.21694159507751465,0.0051237414591014385,0.6030778884887695,0.22116173803806305,0.009006272070109844,0.6072098016738892,0.23575276136398315,0.017192009836435318,0.625812292098999,0.2585247755050659,0.042126819491386414,0.6030758619308472,0.24662445485591888,0.011656682938337326,0.5973464250564575,0.24885934591293335,0.00778802577406168,0.5897411704063416,0.24908891320228577,0.005008145235478878,0.5824304223060608,0.24737295508384705,0.003958100453019142,0.5767146348953247,0.24472013115882874,0.00332840159535408,0.5727688670158386,0.2419237196445465,0.002993747591972351,0.6258618831634521,0.2611086070537567,0.06407216936349869,0.5769864320755005,0.2850460708141327,-0.015002056956291199,0.5698370933532715,0.25890153646469116,-0.018466856330633163,0.5701476335525513,0.28037938475608826,-0.028469828888773918,0.5672245621681213,0.28520938754081726,-0.026754366233944893,0.5700583457946777,0.2821756899356842,-0.02577863819897175,0.5754794478416443,0.28789910674095154,-0.013270915485918522,0.566313624382019,0.28595179319381714,-0.028393441811203957,0.5656074285507202,0.2882372736930847,-0.021917305886745453,0.5722579956054688,0.2357616424560547,0.00634505320340395,0.5696569681167603,0.23725531995296478,0.0024151464458554983,0.568077564239502,0.23829931020736694,-0.002079333644360304,0.5985848903656006,0.23100268840789795,0.011260135099291801,0.6024516820907593,0.22782504558563232,0.011783109977841377,0.5274587273597717,0.2341800332069397,0.004385579377412796,0.5341290831565857,0.23342794179916382,0.004385579377412796,0.5267813205718994,0.22643324732780457,0.004385579377412796,0.5207304358482361,0.23487398028373718,0.004385579377412796,0.528084397315979,0.24186894297599792,0.004385579377412796,0.588204026222229,0.2305062711238861,0.00798483844846487,0.5942297577857971,0.23047992587089539,0.00798483844846487,0.5882861018180847,0.22293397784233093,0.00798483844846487,0.5822674036026001,0.23045271635055542,0.00798483844846487,0.5881929993629456,0.23815153539180756,0.00798483844846487
966.6666666666671,0.5592343211174011,0.3125847578048706,-0.020099647343158722,0.561252236366272,0.2814168334007263,-0.032462067902088165,0.5611674785614014,0.291273832321167,-0.018560344353318214,0.5557425022125244,0.25488656759262085,-0.02304668352007866,0.5611259341239929,0.2725799083709717,-0.03381318598985672,0.5607905983924866,0.26182299852371216,-0.030718177556991577,0.5597622394561768,0.2361234724521637,-0.013322137296199799,0.5167450904846191,0.23916195333003998,0.007601321209222078,0.559008002281189,0.21654406189918518,-0.008362913504242897,0.55866539478302,0.20478250086307526,-0.008523602038621902,0.5571640729904175,0.1599741280078888,0.001443977002054453,0.5593976974487305,0.31570175290107727,-0.019900789484381676,0.5597268342971802,0.3193090558052063,-0.01835579052567482,0.5600200891494751,0.32186785340309143,-0.015632111579179764,0.5613769888877869,0.3646464943885803,-0.009626752696931362,0.5616283416748047,0.3691622018814087,-0.010152817703783512,0.5619755387306213,0.3740052580833435,-0.010929178446531296,0.5623708963394165,0.37794873118400574,-0.008777663111686707,0.5626512765884399,0.36739569902420044,-0.0024249632842838764,0.561233639717102,0.28638461232185364,-0.02986992336809635,0.5560324192047119,0.287042498588562,-0.022359782829880714,0.49114054441452026,0.20986518263816833,0.03668765351176262,0.5340712666511536,0.24468624591827393,0.002002693945541978,0.5279920697212219,0.24629004299640656,0.0020332508720457554,0.5221619606018066,0.24648115038871765,0.003295786213129759,0.5144957900047302,0.242762953042984,0.00801368523389101,0.5392621159553528,0.24166929721832275,0.0028532694559544325,0.5240105390548706,0.22071132063865662,0.00046880304580554366,0.5311474800109863,0.22069263458251953,0.0010027698008343577,0.5176544189453125,0.22330427169799805,0.001970394980162382,0.5137020349502563,0.22744449973106384,0.004186111036688089,0.5097156763076782,0.24881891906261444,0.010208147577941418,0.541259765625,0.3739423453807831,0.0009250611183233559,0.5145737528800964,0.23709821701049805,0.009528481401503086,0.4907134473323822,0.24823053181171417,0.03565956652164459,0.5024985671043396,0.2441244274377823,0.01626896671950817,0.5322001576423645,0.28036344051361084,-0.005872408859431744,0.5514855980873108,0.3115452527999878,-0.019325878471136093,0.5533553957939148,0.32002943754196167,-0.01771748811006546,0.5446754097938538,0.31718578934669495,-0.01640814170241356,0.5409441590309143,0.32389986515045166,-0.012044749222695827,0.5481398701667786,0.3226970136165619,-0.015501957386732101,0.5445647239685059,0.32667914032936096,-0.011350288055837154,0.5367691516876221,0.3437660336494446,-0.0016843619523569942,0.5566456317901611,0.28161466121673584,-0.032101210206747055,0.5558391809463501,0.27330347895622253,-0.03332740440964699,0.505014181137085,0.22310523688793182,0.006322916131466627,0.542883574962616,0.25761669874191284,-0.005152899771928787,0.5433971285820007,0.28180330991744995,-0.018472272902727127,0.5427331924438477,0.2776523232460022,-0.01646464504301548,0.5146957039833069,0.2819710969924927,-3.782256681006402e-05,0.5557816028594971,0.2632518708705902,-0.02922249399125576,0.5192569494247437,0.21155822277069092,-0.0027771748136729,0.5106970071792603,0.21596546471118927,0.0011985254241153598,0.49740344285964966,0.19244307279586792,0.026802774518728256,0.5466481447219849,0.21566049754619598,-0.006971363909542561,0.5374848246574402,0.2236236035823822,0.0028896639123559,0.5333887934684753,0.33273956179618835,-0.0012068897485733032,0.5029686689376831,0.33344829082489014,0.04399432614445686,0.5478588342666626,0.2862999439239502,-0.016253141686320305,0.5524303913116455,0.28862565755844116,-0.017057329416275024,0.5381289124488831,0.33980482816696167,-0.0021906252950429916,0.5398740768432617,0.33985093235969543,-0.003639085218310356,0.5071737766265869,0.21138951182365417,0.004639892838895321,0.5432537794113159,0.2861420512199402,-0.015537476167082787,0.5310960412025452,0.2108381688594818,-0.005510103888809681,0.5296093225479126,0.2041628360748291,-0.006116777658462524,0.5226231217384338,0.16749094426631927,0.006988649722188711,0.503060519695282,0.20049794018268585,0.014423166401684284,0.527378261089325,0.18416941165924072,0.000141090655233711,0.5012894868850708,0.2201247215270996,0.011728385463356972,0.49661922454833984,0.21446210145950317,0.023697948083281517,0.5521688461303711,0.3161162734031677,-0.01922612451016903,0.5462310314178467,0.32005181908607483,-0.016263913363218307,0.542582094669342,0.32534024119377136,-0.012235983274877071,0.5492312908172607,0.2879222333431244,-0.01518707163631916,0.5389987826347351,0.33993417024612427,-0.002996776718646288,0.539920449256897,0.34771695733070374,-0.00496893934905529,0.5406349897384644,0.33970335125923157,-0.003704698057845235,0.550339937210083,0.2825378179550171,-0.024013325572013855,0.5460896492004395,0.32725995779037476,-0.010422364808619022,0.5497026443481445,0.3239571750164032,-0.013248851522803307,0.5544853210449219,0.32227030396461487,-0.015220233239233494,0.5540130138397217,0.36652955412864685,-0.0028684961143881083,0.5526248216629028,0.37589335441589355,-0.009019016288220882,0.5528639554977417,0.3722888231277466,-0.010549993254244328,0.5535294413566589,0.36727088689804077,-0.009695569053292274,0.5543528199195862,0.36289340257644653,-0.009242571890354156,0.5456510782241821,0.352590411901474,-0.006076079327613115,0.544047474861145,0.3541625142097473,-0.006595400162041187,0.5420780181884766,0.35581472516059875,-0.007236681878566742,0.5406031608581543,0.3571368157863617,-0.006388422101736069,0.5384661555290222,0.3127703368663788,-0.009937594644725323,0.49222123622894287,0.28953924775123596,0.05538034439086914,0.561156690120697,0.2887546718120575,-0.022641601040959358,0.5431165099143982,0.34689006209373474,-0.0043829032219946384,0.5414844155311584,0.3474056124687195,-0.004845615942031145,0.5540181994438171,0.29189571738243103,-0.01721969060599804,0.5452709197998047,0.29146409034729004,-0.011296709068119526,0.5532798767089844,0.2902969419956207,-0.01734553836286068,0.5367287397384644,0.2632847726345062,-0.003926722798496485,0.5275530815124512,0.2699640095233917,-0.003114348044618964,0.5418334007263184,0.2820911705493927,-0.013455666601657867,0.50743567943573,0.17788222432136536,0.016097918152809143,0.5128112435340881,0.18998309969902039,0.006789044477045536,0.5168793797492981,0.20540598034858704,-0.0009678734932094812,0.540544331073761,0.35225650668144226,-0.0029002155642956495,0.544001579284668,0.20447935163974762,-0.008362597785890102,0.5418079495429993,0.18217289447784424,-0.00335948308929801,0.5385805368423462,0.162043035030365,0.001998069230467081,0.5173238515853882,0.24552810192108154,0.0056337639689445496,0.5035275220870972,0.2556222677230835,0.012804455123841763,0.5426774621009827,0.23886433243751526,0.0038650077767670155,0.5080581903457642,0.23276546597480774,0.009058406576514244,0.5469923615455627,0.25141310691833496,-0.006748098414391279,0.5467144846916199,0.2776866555213928,-0.023701969534158707,0.49770307540893555,0.26314449310302734,0.01825057715177536,0.508014976978302,0.2609902322292328,0.007258468773216009,0.5160452127456665,0.2630762457847595,0.0021753113251179457,0.5275762677192688,0.2603728771209717,5.633784530800767e-05,0.5359874367713928,0.25579553842544556,-0.0005297749303281307,0.5422819256782532,0.25077033042907715,-0.0015542558394372463,0.5544193983078003,0.23878565430641174,-0.011528748087584972,0.500140905380249,0.28144559264183044,0.01526068989187479,0.503272294998169,0.23267525434494019,0.011707042343914509,0.5584580898284912,0.2863517105579376,-0.029674772173166275,0.5436823964118958,0.26543959975242615,-0.008207825943827629,0.4877604842185974,0.24957449734210968,0.05457708612084389,0.5468896627426147,0.24535036087036133,-0.001896344474516809,0.5412341356277466,0.2831588089466095,-0.0074445586651563644,0.5120163559913635,0.23808342218399048,0.010468058288097382,0.5462760329246521,0.2726212441921234,-0.021176304668188095,0.49624183773994446,0.3107202351093292,0.051159702241420746,0.542731523513794,0.23574909567832947,0.005634990520775318,0.5509682893753052,0.2669978141784668,-0.026246191933751106,0.5177971124649048,0.3526890277862549,0.017262084409594536,0.5172786116600037,0.3644639551639557,0.025191575288772583,0.4936450719833374,0.2858295738697052,0.03543541207909584,0.5106552839279175,0.3407532274723053,0.023035433143377304,0.49319517612457275,0.23006638884544373,0.03147551044821739,0.5398167967796326,0.3834834396839142,0.003280696924775839,0.5590100288391113,0.28858518600463867,-0.02234075777232647,0.5386358499526978,0.2725162208080292,-0.006616455037146807,0.49747028946876526,0.2463972568511963,0.021854296326637268,0.522482693195343,0.24136576056480408,0.004204380791634321,0.5276051759719849,0.24140393733978271,0.0029303808696568012,0.5385599732398987,0.3478696644306183,-0.004390017595142126,0.5028998851776123,0.29958516359329224,0.015883829444646835,0.5496785640716553,0.3974396288394928,0.004762707278132439,0.5320149064064026,0.3846876621246338,0.01354196947067976,0.5250728130340576,0.3762151002883911,0.01854364573955536,0.5579413175582886,0.18148544430732727,-0.003991154953837395,0.5624323487281799,0.39857757091522217,0.003978352062404156,0.5327730774879456,0.2401234209537506,0.0029375727754086256,0.5376702547073364,0.23809801042079926,0.003959893248975277,0.541007936000824,0.23684760928153992,0.00536907697096467,0.49890846014022827,0.2317037582397461,0.017623191699385643,0.5366973280906677,0.2299126237630844,0.003565317252650857,0.5312886238098145,0.22792446613311768,0.0022852690890431404,0.5259528756141663,0.2280462682247162,0.0023639111313968897,0.5207325220108032,0.2302229106426239,0.0035412032157182693,0.5175955891609192,0.2330639660358429,0.005320498254150152,0.4881261885166168,0.22781065106391907,0.04711258038878441,0.519060492515564,0.24039892852306366,0.005951951257884502,0.561479926109314,0.2986319959163666,-0.01735701598227024,0.5431264638900757,0.3056328296661377,-0.01264516357332468,0.5477521419525146,0.2845669686794281,-0.018265021964907646,0.5535321235656738,0.3001304864883423,-0.01696660742163658,0.5593461990356445,0.2265409678220749,-0.008551632054150105,0.524645984172821,0.36460646986961365,0.01293549221009016,0.5318171977996826,0.37393003702163696,0.008435855619609356,0.5501688718795776,0.3901573419570923,-0.0010499710915610194,0.5105108618736267,0.35163044929504395,0.03419214114546776,0.5407630205154419,0.23328597843647003,0.004782634321600199,0.5511692762374878,0.2523408532142639,-0.014390244148671627,0.562745988368988,0.3915412425994873,-0.0016346133779734373,0.539949893951416,0.3922213315963745,0.008169970475137234,0.49737030267715454,0.30570271611213684,0.03334188461303711,0.5492968559265137,0.3585192561149597,-0.007875131443142891,0.5477657914161682,0.36154115200042725,-0.008274383842945099,0.5461757779121399,0.364949107170105,-0.008911254815757275,0.5451918840408325,0.3681390583515167,-0.007908818311989307,0.5459993481636047,0.36061891913414,-0.0037959772162139416,0.5417100191116333,0.33235785365104675,-0.007483316119760275,0.5400431156158447,0.33181631565093994,-0.007427956443279982,0.538622260093689,0.3309006989002228,-0.007306223269551992,0.5352355241775513,0.321905255317688,-0.005757224280387163,0.5119255781173706,0.30260127782821655,0.004894615150988102,0.5508007407188416,0.2444017231464386,-0.008741243742406368,0.546903133392334,0.22857975959777832,0.0020523977000266314,0.5431370139122009,0.22994054853916168,0.0040167043916881084,0.5431006550788879,0.33218589425086975,-0.006932648364454508,0.51289302110672,0.3260938227176666,0.013153537176549435,0.5521076917648315,0.22761406004428864,-0.0050507402047514915,0.5435725450515747,0.36599910259246826,-0.0007758780266158283,0.5604400634765625,0.25312286615371704,-0.02464166469871998,0.5550917983055115,0.24721233546733856,-0.01764310710132122,0.5601102709770203,0.24490894377231598,-0.01864788681268692,0.5474745631217957,0.26596391201019287,-0.015452912077307701,0.5626815557479858,0.3824399709701538,-0.0033355506602674723,0.5626199245452881,0.37368345260620117,-0.002456668997183442,0.5527558326721191,0.37254804372787476,-0.002045005327090621,0.5313775539398193,0.3463262915611267,0.0018748485017567873,0.5370166301727295,0.2913430333137512,-0.006359636317938566,0.53654545545578,0.3571191728115082,0.0007000119076110423,0.5243315100669861,0.29246506094932556,-0.004203349351882935,0.5327539443969727,0.3018457293510437,-0.0059206546284258366,0.5210071802139282,0.3083067536354065,-0.00022689663455821574,0.5511773824691772,0.38110867142677307,-0.0026632321532815695,0.5440579056739807,0.27151739597320557,-0.011882292106747627,0.526566207408905,0.35371169447898865,0.006891787052154541,0.5335962772369385,0.3642193078994751,0.004679545294493437,0.5276036262512207,0.33367398381233215,0.0015164637006819248,0.5059653520584106,0.3153928518295288,0.017481178045272827,0.5203547477722168,0.33598414063453674,0.006734917871654034,0.5027552843093872,0.3241165280342102,0.03002752736210823,0.5295975804328918,0.3151140511035919,-0.0035742013715207577,0.5475687980651855,0.25875845551490784,-0.011037810705602169,0.5486019253730774,0.2811354398727417,-0.02504641003906727,0.5452789068222046,0.2842683494091034,-0.01919553056359291,0.5510510206222534,0.27495768666267395,-0.028913235291838646,0.5417760610580444,0.22166115045547485,0.0006490205996669829,0.5312368273735046,0.2173270881175995,-0.0006606684764847159,0.5221797823905945,0.21748004853725433,-0.0007381702889688313,0.514913022518158,0.22051677107810974,0.0011926625156775117,0.5100452899932861,0.22557386755943298,0.004604266956448555,0.5079294443130493,0.2409609854221344,0.012442264705896378,0.4912949204444885,0.2668346166610718,0.035724882036447525,0.5131942629814148,0.25199052691459656,0.007244572509080172,0.5194815397262573,0.25365328788757324,0.003910503350198269,0.5275392532348633,0.25276950001716614,0.001834967522881925,0.5351506471633911,0.24981491267681122,0.0014106332091614604,0.5411015748977661,0.24599623680114746,0.0014726656954735518,0.5451707243919373,0.24245665967464447,0.0014890969032421708,0.4896059036254883,0.26964712142944336,0.05700838565826416,0.5454797148704529,0.2869379222393036,-0.016457293182611465,0.5514479875564575,0.25951847434043884,-0.019513839855790138,0.5526608824729919,0.28090524673461914,-0.029425209388136864,0.5556573271751404,0.2853523790836334,-0.02736218273639679,0.552646815776825,0.28264185786247253,-0.02672617882490158,0.547029972076416,0.28968003392219543,-0.014486917294561863,0.5567309856414795,0.28597214818000793,-0.028910892084240913,0.5572701096534729,0.28825172781944275,-0.022336198017001152,0.5448516011238098,0.23569834232330322,0.004765698686242104,0.5481758117675781,0.237193301320076,0.0012657662155106664,0.550112783908844,0.23815977573394775,-0.0029914018232375383,0.5159087777137756,0.23519563674926758,0.0071154325269162655,0.5114158987998962,0.2323402315378189,0.007411133963614702,0.5650874972343445,0.2542612850666046,-0.022476784884929657,0.5978854298591614,0.23429152369499207,0.01153221633285284,0.5661123394966125,0.2864272892475128,-0.02194102853536606,0.62156742811203,0.2015962302684784,0.04322290048003197,0.5822213888168335,0.24232643842697144,0.004545515403151512,0.5881186127662659,0.24281415343284607,0.005081739276647568,0.5936876535415649,0.2421122044324875,0.0068177515640854836,0.6006714701652527,0.23751452565193176,0.012164940126240253,0.5770536661148071,0.24025574326515198,0.0048353420570492744,0.5895442962646484,0.21713276207447052,0.003652748418971896,0.5829652547836304,0.21790403127670288,0.003528568660840392,0.5955532193183899,0.21889753639698029,0.0056739021092653275,0.5994598269462585,0.22251814603805542,0.00815787073224783,0.6062330007553101,0.2428736388683319,0.014647228643298149,0.5830473899841309,0.3701133728027344,0.0026588160544633865,0.5998256802558899,0.23204369843006134,0.013631620444357395,0.6250995993614197,0.2398192584514618,0.04167044535279274,0.6129742860794067,0.2378396987915039,0.021231401711702347,0.5885899662971497,0.27652251720428467,-0.003397111315280199,0.5668751001358032,0.31066030263900757,-0.018729349598288536,0.566273033618927,0.31928330659866333,-0.017204158008098602,0.5744641423225403,0.31564095616340637,-0.015152289532124996,0.5787855982780457,0.32199570536613464,-0.010261661373078823,0.5717192888259888,0.3214200437068939,-0.014474589377641678,0.5755752921104431,0.32515305280685425,-0.009887628257274628,0.5871325731277466,0.33944231271743774,0.0006069766823202372,0.5657638907432556,0.2810305953025818,-0.031742095947265625,0.5663769245147705,0.27258768677711487,-0.032900307327508926,0.6073954105377197,0.21712028980255127,0.010967124253511429,0.5766479969024658,0.25528743863105774,-0.00348362373188138,0.5783126950263977,0.27945512533187866,-0.016924435272812843,0.5785972476005554,0.27519679069519043,-0.014871631748974323,0.6055682301521301,0.2758336663246155,0.00406113313511014,0.56570965051651,0.2625497579574585,-0.02868535742163658,0.5929566025733948,0.20783519744873047,0.000501846254337579,0.6012445688247681,0.21091750264167786,0.005235104355961084,0.615263819694519,0.18496178090572357,0.03272541984915733,0.5684142708778381,0.21538598835468292,-0.005881334189325571,0.5772989988327026,0.22162529826164246,0.0049172998405992985,0.5901798605918884,0.328012615442276,0.0015640162164345384,0.6167709827423096,0.32510775327682495,0.050260029733181,0.5739997625350952,0.28452885150909424,-0.01509824488312006,0.5695794820785522,0.28751805424690247,-0.016484960913658142,0.582765519618988,0.3376602828502655,0.00027610218967311084,0.5810060501098633,0.3378685414791107,-0.0014826678670942783,0.6043354868888855,0.20569685101509094,0.008932206779718399,0.5784247517585754,0.2837387025356293,-0.014026906341314316,0.5820841193199158,0.20865024626255035,-0.003300899639725685,0.5829126834869385,0.20164313912391663,-0.0038178730756044388,0.5910184979438782,0.16322609782218933,0.010442090220749378,0.6109954714775085,0.19385194778442383,0.019169528037309647,0.5875958800315857,0.18050920963287354,0.0027763471007347107,0.6109822392463684,0.2135695219039917,0.016693927347660065,0.6175487637519836,0.2070680856704712,0.02902996353805065,0.5667773485183716,0.3151629567146301,-0.018651772290468216,0.5731801390647888,0.31864938139915466,-0.015132522210478783,0.577335774898529,0.32354825735092163,-0.010651173070073128,0.5726146101951599,0.28633007407188416,-0.014268284663558006,0.5818839073181152,0.33788001537323,-0.0007269234047271311,0.5815040469169617,0.34514984488487244,-0.003033052198588848,0.5801875591278076,0.3377402126789093,-0.001600862480700016,0.5715517401695251,0.2812180519104004,-0.022943226620554924,0.574248731136322,0.32583558559417725,-0.008989035151898861,0.5705084204673767,0.3228444457054138,-0.012221863493323326,0.5657020211219788,0.32168248295783997,-0.014661493711173534,0.5711420774459839,0.3652040362358093,-0.002328766044229269,0.5720411539077759,0.37444913387298584,-0.008429044857621193,0.5709323287010193,0.3708471953868866,-0.009910313412547112,0.5696229934692383,0.3659532964229584,-0.009085380472242832,0.5683798789978027,0.36166876554489136,-0.008664269931614399,0.576223611831665,0.35025298595428467,-0.004620044492185116,0.5779863595962524,0.3515312969684601,-0.005096577573567629,0.5801777839660645,0.3529052734375,-0.005708972457796335,0.5819990038871765,0.3540821075439453,-0.004724840167909861,0.5846031904220581,0.3092219829559326,-0.007819744758307934,0.6246635913848877,0.2808190584182739,0.062356822192668915,0.5782269835472107,0.3446948826313019,-0.0025382216554135084,0.5798940658569336,0.34497660398483276,-0.0029777097515761852,0.5683128833770752,0.29099157452583313,-0.016663573682308197,0.5765365958213806,0.2892657518386841,-0.010117900557816029,0.5688948035240173,0.2893384099006653,-0.016798272728919983,0.5828338861465454,0.2601644992828369,-0.0017273672856390476,0.592330276966095,0.26564890146255493,-0.0001949899160536006,0.5795607566833496,0.2794959843158722,-0.011799055151641369,0.6056133508682251,0.171702042222023,0.020991703495383263,0.6015257835388184,0.18458308279514313,0.010595573112368584,0.5947657227516174,0.20108795166015625,0.002421541837975383,0.5837077498435974,0.3485598564147949,-0.0009641814976930618,0.5698880553245544,0.20385220646858215,-0.00719021912664175,0.5737173557281494,0.18024425208568573,-0.0019658415112644434,0.5755192637443542,0.15976503491401672,0.0037527687381953,0.5981854200363159,0.240606889128685,0.009558439254760742,0.6134174466133118,0.2491590827703476,0.017702776938676834,0.5736083388328552,0.23814409971237183,0.0056693414226174355,0.6056613326072693,0.22703738510608673,0.013547763228416443,0.572507381439209,0.24963615834712982,-0.005414632614701986,0.5749724507331848,0.27584224939346313,-0.022430742159485817,0.6202912330627441,0.25520727038383484,0.02379583939909935,0.6092821359634399,0.25439414381980896,0.011874031275510788,0.6017693281173706,0.2572147846221924,0.006071660201996565,0.590557873249054,0.256239652633667,0.003033532528206706,0.5822146534919739,0.25297048687934875,0.001756077166646719,0.5759017467498779,0.24901644885540009,0.00018725120753515512,0.5650517344474792,0.2380540817975998,-0.010947284288704395,0.6192107796669006,0.2735503613948822,0.020748503506183624,0.6106059551239014,0.22646190226078033,0.016616567969322205,0.5639767646789551,0.28599172830581665,-0.02936950884759426,0.5765019059181213,0.2631644308567047,-0.006601864937692881,0.6266207695007324,0.24064630270004272,0.06167774274945259,0.5711216330528259,0.24436455965042114,-0.000549627176951617,0.579890251159668,0.2804786264896393,-0.005828590597957373,0.6024730205535889,0.2326592653989792,0.014760536141693592,0.5749788284301758,0.2706596255302429,-0.019880998879671097,0.6220860481262207,0.30207905173301697,0.05785416066646576,0.5732375979423523,0.23525971174240112,0.007505623623728752,0.5703823566436768,0.2656624913215637,-0.02527974732220173,0.6046584844589233,0.3455370366573334,0.021189166232943535,0.6046177744865417,0.35685762763023376,0.029779035598039627,0.6247555613517761,0.2773181200027466,0.04137805476784706,0.6111062169075012,0.3331458568572998,0.027697861194610596,0.6215848326683044,0.22217878699302673,0.03715504705905914,0.5844428539276123,0.3791937232017517,0.005148923955857754,0.5632922053337097,0.2883382737636566,-0.022148704156279564,0.5816313028335571,0.2695833742618561,-0.004678122699260712,0.618741512298584,0.2402147501707077,0.027253679931163788,0.5925714373588562,0.2372513711452484,0.0076802619732916355,0.587744951248169,0.23808395862579346,0.005993958096951246,0.5829824805259705,0.34511834383010864,-0.0022893701680004597,0.6174178719520569,0.29185616970062256,0.021127887070178986,0.5747874975204468,0.39503249526023865,0.005886607337743044,0.5911053419113159,0.3787083625793457,0.01639530248939991,0.5975878238677979,0.36929014325141907,0.022170690819621086,0.5828014016151428,0.2377253770828247,0.0055598048493266106,0.5779661536216736,0.23663119971752167,0.006219414994120598,0.5748225450515747,0.23605398833751678,0.007367758546024561,0.6150493025779724,0.22498705983161926,0.02288578823208809,0.5785523653030396,0.228062704205513,0.005884557496756315,0.5835293531417847,0.22509001195430756,0.004990092478692532,0.5885127782821655,0.22450365126132965,0.005486350040882826,0.5934175848960876,0.22595737874507904,0.007085446268320084,0.5965322852134705,0.22837017476558685,0.009122343733906746,0.6251248121261597,0.219062939286232,0.053991928696632385,0.5957202315330505,0.2358258068561554,0.009699099697172642,0.579731822013855,0.30291256308555603,-0.011000160127878189,0.5740939974784851,0.2828642427921295,-0.01716456562280655,0.569577693939209,0.2990085482597351,-0.01631969027221203,0.5983181595802307,0.35812175273895264,0.016109799966216087,0.5916327834129333,0.3682674169540405,0.010927013121545315,0.5749384760856628,0.38787320256233215,-0.00010030115663539618,0.6105055809020996,0.3435356318950653,0.03966674208641052,0.574915885925293,0.2323664128780365,0.006856023799628019,0.5689729452133179,0.25114062428474426,-0.013462767004966736,0.5838262438774109,0.38771185278892517,0.010276035405695438,0.6222096085548401,0.2973513603210449,0.03901391476392746,0.5730879306793213,0.3564107120037079,-0.006798902992159128,0.5749527215957642,0.35918253660202026,-0.007147875614464283,0.5769971609115601,0.3624051511287689,-0.0077353958040475845,0.5786933898925781,0.36540037393569946,-0.006701420061290264,0.5787132382392883,0.3578367531299591,-0.0023831103462725878,0.5786056518554688,0.3305383324623108,-0.005603475961834192,0.5801944136619568,0.32982438802719116,-0.005356626585125923,0.5815621614456177,0.32885342836380005,-0.005074052605777979,0.5881057977676392,0.31766438484191895,-0.0031308592297136784,0.6092252731323242,0.2958531677722931,0.009303404949605465,0.568609356880188,0.2432088851928711,-0.0077902465127408504,0.5692614316940308,0.22810271382331848,0.0032697163987904787,0.5725317001342773,0.22909057140350342,0.005780284758657217,0.5773224234580994,0.3304941654205322,-0.005094573367387056,0.6088688969612122,0.3189752995967865,0.01757539063692093,0.5647180676460266,0.22766822576522827,-0.004322146065533161,0.5808517336845398,0.3626517355442047,0.000756921130232513,0.56510329246521,0.24651700258255005,-0.01715576834976673,0.5732126832008362,0.2642327845096588,-0.014272297732532024,0.5722646713256836,0.3708518147468567,-0.001351265120320022,0.5920719504356384,0.34126728773117065,0.0044952924363315105,0.584409773349762,0.28797391057014465,-0.004324277397245169,0.5872807502746582,0.35265788435935974,0.002783713396638632,0.5970149040222168,0.2874305546283722,-0.0010575168998911977,0.5894050002098083,0.2977467179298401,-0.0033842239063233137,0.6008713245391846,0.30256056785583496,0.0033432263880968094,0.5738813281059265,0.37913116812705994,-0.0017718726303428411,0.5766305327415466,0.26924803853034973,-0.01041381899267435,0.5965518355369568,0.34772706031799316,0.009921973571181297,0.5900503396987915,0.35908764600753784,0.006979816127568483,0.5954833030700684,0.3283032178878784,0.004698541015386581,0.615026593208313,0.30771225690841675,0.0224877018481493,0.6021918058395386,0.32954999804496765,0.010453077964484692,0.6178597807884216,0.3160255551338196,0.03539048880338669,0.5931252241134644,0.31032705307006836,-0.0005967552424408495,0.5725380778312683,0.25705885887145996,-0.009752403944730759,0.5732833743095398,0.2795807123184204,-0.02387743629515171,0.5765805840492249,0.2821834981441498,-0.01790003292262554,0.5708529949188232,0.27366238832473755,-0.027956297621130943,0.5732070207595825,0.22039319574832916,0.002288906602188945,0.5824511647224426,0.21478646993637085,0.001756842015311122,0.5907981395721436,0.213796004652977,0.002402455313131213,0.597788393497467,0.215824156999588,0.00500566978007555,0.6027827858924866,0.2201576977968216,0.00885589886456728,0.6070083975791931,0.2352379560470581,0.01700613647699356,0.6257932782173157,0.2583000659942627,0.04187242314219475,0.6030131578445435,0.24633221328258514,0.011418305337429047,0.5972656011581421,0.2486301064491272,0.007574159186333418,0.5895528793334961,0.24895711243152618,0.004832236561924219,0.5820579528808594,0.2472463697195053,0.003794538788497448,0.5761563777923584,0.2444973587989807,0.003264859551563859,0.5720940828323364,0.24158723652362823,0.0029539542738348246,0.6259741187095642,0.2608683705329895,0.0641070157289505,0.5763249397277832,0.2848283052444458,-0.015179113484919071,0.5692712068557739,0.25831079483032227,-0.01858183555305004,0.5694637894630432,0.27983590960502625,-0.028651980683207512,0.566543698310852,0.2846994698047638,-0.02690417692065239,0.5693845152854919,0.2816801369190216,-0.02595004253089428,0.5748140215873718,0.28770923614501953,-0.013426123186945915,0.56563401222229,0.28541627526283264,-0.02854594774544239,0.5649343729019165,0.28776612877845764,-0.022033005952835083,0.5713623762130737,0.23534682393074036,0.00634198309853673,0.5688755512237549,0.23678338527679443,0.0024202861823141575,0.5674419403076172,0.23773089051246643,-0.002047131070867181,0.5983425378799438,0.23031198978424072,0.01107979379594326,0.6021799445152283,0.22700217366218567,0.011592513881623745,0.5270879864692688,0.23344217240810394,0.004818269982933998,0.5337029099464417,0.23267479240894318,0.004818269982933998,0.5264471173286438,0.22541365027427673,0.004818269982933998,0.5204287171363831,0.23415091633796692,0.004818269982933998,0.5276825428009033,0.24141743779182434,0.004818269982933998,0.5880117416381836,0.23000304400920868,0.007855897769331932,0.5943742394447327,0.22990158200263977,0.007855897769331932,0.5880152583122253,0.22208136320114136,0.007855897769331932,0.5817041993141174,0.23002536594867706,0.007855897769331932,0.5880665183067322,0.23798418045043945,0.007855897769331932
1000.0000000000005,0.5592970848083496,0.3111421465873718,-0.020299499854445457,0.5608422756195068,0.2803630828857422,-0.03245227038860321,0.5608094334602356,0.29032912850379944,-0.018676552921533585,0.5553720593452454,0.2541124224662781,-0.02284538559615612,0.5607107877731323,0.2715677320957184,-0.033750105649232864,0.5603944063186646,0.2609231472015381,-0.03059539385139942,0.5594043135643005,0.23554135859012604,-0.013054771348834038,0.5168473720550537,0.2386048287153244,0.008117548190057278,0.5586796998977661,0.21644309163093567,-0.007997318170964718,0.5583261251449585,0.2048061639070511,-0.008066995069384575,0.5567939281463623,0.16015242040157318,0.002247649012133479,0.5594339966773987,0.3144369125366211,-0.020128769800066948,0.5597233176231384,0.31825587153434753,-0.01861022226512432,0.559975802898407,0.3209443986415863,-0.015927815809845924,0.5612630248069763,0.36438196897506714,-0.009941864758729935,0.5614792108535767,0.36918583512306213,-0.010519959963858128,0.5618008375167847,0.37441733479499817,-0.011331693269312382,0.5621547102928162,0.3787882626056671,-0.009227507747709751,0.5623928308486938,0.36658433079719543,-0.002966467756778002,0.5608512759208679,0.28535670042037964,-0.02989431656897068,0.555655300617218,0.2860838770866394,-0.02238885685801506,0.49094489216804504,0.21018551290035248,0.037471115589141846,0.5341259837150574,0.24450865387916565,0.0024445075541734695,0.5280253887176514,0.24601227045059204,0.0024855707306414843,0.5221851468086243,0.2460959553718567,0.0037578295450657606,0.5145775675773621,0.24222269654273987,0.008510468527674675,0.5393161773681641,0.24152438342571259,0.003250987036153674,0.5240023136138916,0.22022806107997894,0.0010105649707838893,0.5311416387557983,0.2202281951904297,0.0015235707396641374,0.517690122127533,0.2228333055973053,0.0025153884198516607,0.5137920379638672,0.22698871791362762,0.004736057482659817,0.5096920132637024,0.24843841791152954,0.010680205188691616,0.5410120487213135,0.37356939911842346,0.0004157647199463099,0.5146942734718323,0.2364891767501831,0.010050317272543907,0.490486204624176,0.24837720394134521,0.03621923550963402,0.5024212002754211,0.24394750595092773,0.01679389551281929,0.5319066047668457,0.27969807386398315,-0.005695395637303591,0.5515185594558716,0.3102888762950897,-0.019480502232909203,0.5533390045166016,0.3191812336444855,-0.017924342304468155,0.5446496605873108,0.3165034055709839,-0.016523445025086403,0.5409114956855774,0.3236788809299469,-0.012114988639950752,0.5481221675872803,0.3222249746322632,-0.01565314084291458,0.5445671677589417,0.32654252648353577,-0.011457694694399834,0.5363757014274597,0.34301915764808655,-0.0018425042508170009,0.5562381744384766,0.2805893123149872,-0.03207103908061981,0.5554268956184387,0.27232810854911804,-0.03323895484209061,0.5050017237663269,0.22293934226036072,0.006929305382072926,0.5426049828529358,0.2570236325263977,-0.004887828603386879,0.5429739952087402,0.28092536330223083,-0.018377823755145073,0.542324960231781,0.2768177092075348,-0.016338955610990524,0.5144377946853638,0.28145167231559753,0.00021706451661884785,0.5553929805755615,0.26237794756889343,-0.029071297496557236,0.5191076993942261,0.21124200522899628,-0.0022083872463554144,0.5106401443481445,0.21572792530059814,0.0017754314467310905,0.4972626566886902,0.19277560710906982,0.02767995186150074,0.5463455319404602,0.21528397500514984,-0.006531943567097187,0.5375070571899414,0.2232344001531601,0.0033846136648207903,0.5329565405845642,0.3319719433784485,-0.001268664374947548,0.5028660297393799,0.3335817754268646,0.04383482411503792,0.547451376914978,0.28538674116134644,-0.016209343448281288,0.5520449280738831,0.287708580493927,-0.0171134565025568,0.5381777882575989,0.34022098779678345,-0.002249599900096655,0.5399566888809204,0.3402419686317444,-0.0037051185499876738,0.5070623755455017,0.21135911345481873,0.005282863508909941,0.5428401231765747,0.28526172041893005,-0.015479117631912231,0.5308542847633362,0.21046212315559387,-0.004983103834092617,0.529306948184967,0.20395879447460175,-0.0055296774953603745,0.5223998427391052,0.16780783236026764,0.007925329729914665,0.5029094219207764,0.20077402889728546,0.015188666060566902,0.5271536111831665,0.18436037003993988,0.0009128077072091401,0.5012227892875671,0.22016769647598267,0.012387468479573727,0.49643510580062866,0.2147313356399536,0.024448713287711143,0.5521793961524963,0.3150665760040283,-0.01940072327852249,0.5462028980255127,0.31947463750839233,-0.01639527827501297,0.542559027671814,0.32515978813171387,-0.012326131574809551,0.5488292574882507,0.28701043128967285,-0.015191922895610332,0.5390620827674866,0.34034547209739685,-0.003063598647713661,0.5397789478302002,0.34822219610214233,-0.005090996623039246,0.5407338738441467,0.3400741517543793,-0.0037817249540239573,0.5499498844146729,0.2815888524055481,-0.023941857740283012,0.546111524105072,0.32712697982788086,-0.01055497769266367,0.5496799349784851,0.32351624965667725,-0.013432137668132782,0.5544484257698059,0.32152485847473145,-0.015462173148989677,0.5537372827529907,0.3657483458518982,-0.0033601736649870872,0.5522760152816772,0.3768685758113861,-0.009411413222551346,0.5525839328765869,0.37285372614860535,-0.010899221524596214,0.5533046126365662,0.3674296438694,-0.010004810057580471,0.5541779398918152,0.36277681589126587,-0.009508300572633743,0.5455098152160645,0.35285109281539917,-0.006230626720935106,0.5438413619995117,0.35457268357276917,-0.006778528913855553,0.5417905449867249,0.35643845796585083,-0.007428636774420738,0.5402390360832214,0.3579455614089966,-0.006586445961147547,0.5380389094352722,0.3119255304336548,-0.009952796623110771,0.49208366870880127,0.2897780239582062,0.05556540936231613,0.5607900619506836,0.2877730429172516,-0.02271931804716587,0.5430682897567749,0.347197026014328,-0.0044856141321361065,0.5413934588432312,0.347810834646225,-0.004966305568814278,0.5536395311355591,0.29097461700439453,-0.017302706837654114,0.5448744893074036,0.290580689907074,-0.011304578743875027,0.5528987646102905,0.2893790900707245,-0.017417147755622864,0.536471962928772,0.2626960277557373,-0.003673715051263571,0.5273078680038452,0.2693873345851898,-0.0028724665753543377,0.5414376854896545,0.28126081824302673,-0.013356811366975307,0.5072882175445557,0.17822158336639404,0.01702210307121277,0.5126548409461975,0.19023194909095764,0.007565170526504517,0.516670823097229,0.20527993142604828,-0.0003191294672433287,0.5402003526687622,0.3515298664569855,-0.003150161122903228,0.5436241030693054,0.20427143573760986,-0.007832268252968788,0.5415101647377014,0.18226408958435059,-0.002636485267430544,0.538271427154541,0.1622992753982544,0.0028847702778875828,0.517371654510498,0.2450474351644516,0.0061103967018425465,0.5034208297729492,0.25533527135849,0.013270425610244274,0.5427141189575195,0.23873016238212585,0.004256180953234434,0.5081169605255127,0.2324392944574356,0.009624049067497253,0.546707272529602,0.25083354115486145,-0.0064787669107317924,0.5463101267814636,0.2767896354198456,-0.023591838777065277,0.4974837005138397,0.26302042603492737,0.01869601383805275,0.5079547762870789,0.2605386972427368,0.0076806750148534775,0.5160288214683533,0.2625153660774231,0.0025605519767850637,0.5275999903678894,0.2598143517971039,0.0003831376088783145,0.5360061526298523,0.25530099868774414,-0.0002124516904586926,0.542285144329071,0.25030675530433655,-0.0012518526054918766,0.5540897846221924,0.23822888731956482,-0.011234226636588573,0.49989503622055054,0.2812044620513916,0.015594427473843098,0.5032360553741455,0.23251621425151825,0.012301985174417496,0.5580687522888184,0.2853422164916992,-0.02968415431678295,0.5433416366577148,0.2647586762905121,-0.007989422418177128,0.48757219314575195,0.24986378848552704,0.05507373809814453,0.5468478202819824,0.2449161410331726,-0.0015852873912081122,0.540860652923584,0.28235742449760437,-0.00734288152307272,0.5121346116065979,0.23754389584064484,0.010992974042892456,0.5458831191062927,0.2717803716659546,-0.021032540127635002,0.49610981345176697,0.31092333793640137,0.05117388814687729,0.5427749156951904,0.23564103245735168,0.006059370934963226,0.550588846206665,0.26615428924560547,-0.026091335341334343,0.5176112651824951,0.3524526357650757,0.017036866396665573,0.5171912908554077,0.36441290378570557,0.024790234863758087,0.4934086501598358,0.2858758270740509,0.03573567420244217,0.5104777216911316,0.34059494733810425,0.02290649712085724,0.49297788739204407,0.23026807606220245,0.0321439728140831,0.5395845174789429,0.38332897424697876,0.002691075671464205,0.5586387515068054,0.28761252760887146,-0.02240625210106373,0.5383270978927612,0.27184122800827026,-0.00642382400110364,0.4973718523979187,0.2463860809803009,0.022398455068469048,0.5225262641906738,0.24101005494594574,0.004701981320977211,0.5276349186897278,0.24120387434959412,0.003406843403354287,0.5383691787719727,0.3484650254249573,-0.004511638544499874,0.5026566386222839,0.2993311285972595,0.016075626015663147,0.5495193004608154,0.3974781334400177,0.003931495361030102,0.531860888004303,0.3847042918205261,0.012925920076668262,0.5249527096748352,0.3761809170246124,0.01803535968065262,0.5575768351554871,0.18149200081825256,-0.003346499986946583,0.5623294115066528,0.39857232570648193,0.0030685008969157934,0.5328230261802673,0.24003669619560242,0.0033901541028171778,0.5377303957939148,0.23805005848407745,0.004390985704958439,0.5410563945770264,0.23678159713745117,0.005789119750261307,0.4988062381744385,0.23175951838493347,0.018245767802000046,0.5367730259895325,0.22950242459774017,0.004056690726429224,0.5313681364059448,0.2273431122303009,0.0027860812842845917,0.5260134339332581,0.22741004824638367,0.002884394023567438,0.5207993984222412,0.22957827150821686,0.004071280360221863,0.5176951885223389,0.23242339491844177,0.00585792725905776,0.48790037631988525,0.2281038612127304,0.047766268253326416,0.5191364288330078,0.2399214208126068,0.006456116214394569,0.5611202716827393,0.2976433336734772,-0.017509084194898605,0.5427088141441345,0.3047402501106262,-0.012691830284893513,0.5473387837409973,0.28365153074264526,-0.018206406384706497,0.5531293749809265,0.2991622984409332,-0.017080238088965416,0.5590160489082336,0.22618800401687622,-0.008224225603044033,0.5244446992874146,0.36438676714897156,0.012580172158777714,0.5316025018692017,0.37375083565711975,0.00795444194227457,0.5499586462974548,0.38994401693344116,-0.0017581278225407004,0.510429322719574,0.3516579866409302,0.033894769847393036,0.5408238172531128,0.23308047652244568,0.00523347919806838,0.5508285760879517,0.2516758143901825,-0.014141063205897808,0.5625807642936707,0.39130035042762756,-0.0024283884558826685,0.5397714376449585,0.39226233959198,0.007448968477547169,0.49716126918792725,0.30571162700653076,0.03348849341273308,0.5491095185279846,0.358631432056427,-0.00808124989271164,0.5475101470947266,0.3618983328342438,-0.008516068570315838,0.5458416938781738,0.3656216561794281,-0.009164216928184032,0.5447638034820557,0.3691476881504059,-0.008184055797755718,0.5456902384757996,0.3598811626434326,-0.004156989045441151,0.5417537093162537,0.3324945569038391,-0.0075593553483486176,0.5400564074516296,0.3319637179374695,-0.007485777605324984,0.5386250019073486,0.3310421407222748,-0.007349170744419098,0.5347887873649597,0.3211076855659485,-0.005751691292971373,0.5116446614265442,0.30215704441070557,0.005031644832342863,0.550499439239502,0.24384059011936188,-0.008458579890429974,0.5468139052391052,0.2283293604850769,0.002469701459631324,0.5431428551673889,0.22971969842910767,0.004460775293409824,0.5431681871414185,0.33229947090148926,-0.007025569677352905,0.5126420855522156,0.32574740052223206,0.013136757537722588,0.5518726706504822,0.22730568051338196,-0.0046764579601585865,0.5433092713356018,0.3654237687587738,-0.0012197049800306559,0.5600623488426208,0.25232818722724915,-0.02446550317108631,0.5547367334365845,0.2465364634990692,-0.017387259751558304,0.5597436428070068,0.24421167373657227,-0.018413852900266647,0.547111988067627,0.265204519033432,-0.015262379311025143,0.5624679923057556,0.3819872736930847,-0.004065725952386856,0.5623767971992493,0.37302905321121216,-0.003105636453256011,0.5525071620941162,0.37192636728286743,-0.0026222625747323036,0.5310616493225098,0.3457172214984894,0.001684138085693121,0.5366728901863098,0.2905721366405487,-0.006278389599174261,0.5362598896026611,0.3565484285354614,0.0003778511891141534,0.5240228176116943,0.2918291389942169,-0.004058982711285353,0.5324109196662903,0.30110234022140503,-0.005848785862326622,0.5206896066665649,0.3077269196510315,-0.00012570952821988612,0.5509434938430786,0.3806774914264679,-0.003300169948488474,0.5436837673187256,0.2707565128803253,-0.011714239604771137,0.5263099670410156,0.3532885015010834,0.006632172968238592,0.5333445072174072,0.36384326219558716,0.004278793931007385,0.5272528529167175,0.33303236961364746,0.0014445469714701176,0.5057333707809448,0.31515637040138245,0.017549678683280945,0.5200738906860352,0.3355105221271515,0.006660240702331066,0.5025754570960999,0.3240740895271301,0.030022326856851578,0.529220700263977,0.3144057095050812,-0.0035369182005524635,0.547228991985321,0.25808554887771606,-0.010801948606967926,0.5482010841369629,0.28019291162490845,-0.024954309687018394,0.5448570251464844,0.28336459398269653,-0.01913452334702015,0.5506483316421509,0.27401867508888245,-0.028820738196372986,0.5416823029518127,0.2212700992822647,0.0011370506836101413,0.5311406254768372,0.2168724685907364,-0.00013846853107679635,0.5221137404441833,0.2170589715242386,-0.00019616427016444504,0.5149155855178833,0.22014722228050232,0.001748573617078364,0.5101211667060852,0.2252345085144043,0.005170521326363087,0.5079631805419922,0.24058717489242554,0.012962156906723976,0.49105167388916016,0.26693254709243774,0.03616965934634209,0.513202965259552,0.2515174448490143,0.007700593676418066,0.519488513469696,0.25321000814437866,0.0043252394534647465,0.5275591015815735,0.25238245725631714,0.0022168101277202368,0.5351810455322266,0.24949678778648376,0.0018019670387730002,0.5411267876625061,0.24569764733314514,0.0018183656502515078,0.5451607704162598,0.24216018617153168,0.0018365636933594942,0.4894668757915497,0.26992732286453247,0.0573636069893837,0.5450671315193176,0.2860347330570221,-0.01641993410885334,0.5510887503623962,0.25876668095588684,-0.01930859684944153,0.5522616505622864,0.2799146771430969,-0.02935982681810856,0.5552816987037659,0.2843780815601349,-0.027358796447515488,0.5522619485855103,0.28166988492012024,-0.02667289972305298,0.5466275811195374,0.2887812852859497,-0.014487679116427898,0.5563496351242065,0.284978985786438,-0.028914134949445724,0.5568934082984924,0.2872856855392456,-0.02238568291068077,0.5448737144470215,0.2355496734380722,0.0051591042429208755,0.5481203198432922,0.2369185984134674,0.0016246577724814415,0.5500062704086304,0.23778140544891357,-0.0026782748755067587,0.5160275101661682,0.2345578819513321,0.007645279169082642,0.5115320682525635,0.23187142610549927,0.007958902046084404,0.564704179763794,0.253449946641922,-0.02233952283859253,0.5980414152145386,0.23330296576023102,0.011583050712943077,0.5657839775085449,0.2854231595993042,-0.02202511578798294,0.6215786933898926,0.20142266154289246,0.04335330054163933,0.5822063684463501,0.24129822850227356,0.004688839893788099,0.5881356000900269,0.24174652993679047,0.005174354650080204,0.5937387943267822,0.24109984934329987,0.00686600711196661,0.6008161902427673,0.23657439649105072,0.012171255424618721,0.577031135559082,0.23935970664024353,0.004992632661014795,0.5897111892700195,0.21644386649131775,0.0038298096042126417,0.5830596685409546,0.21723505854606628,0.003759378334507346,0.5957719683647156,0.21819570660591125,0.005798729602247477,0.5996950268745422,0.22179338335990906,0.00825011171400547,0.6063339114189148,0.2419671267271042,0.014590679667890072,0.5829854607582092,0.36957818269729614,0.0019023169297724962,0.600019097328186,0.2311042994260788,0.013672938570380211,0.6251744627952576,0.23948872089385986,0.041505858302116394,0.6130610704421997,0.2370707094669342,0.02116118185222149,0.5883060693740845,0.2756631076335907,-0.003544484032317996,0.5670343041419983,0.3091420531272888,-0.018976351246237755,0.5663194060325623,0.31822338700294495,-0.017492372542619705,0.5747019052505493,0.31436848640441895,-0.015452908352017403,0.5789979696273804,0.3210928440093994,-0.010584074072539806,0.5717979073524475,0.32053375244140625,-0.014786194078624249,0.5756274461746216,0.3244853615760803,-0.01020839437842369,0.5870328545570374,0.3384995460510254,0.0001319113653153181,0.5653647184371948,0.27996668219566345,-0.031754545867443085,0.5659609436988831,0.2715655565261841,-0.03286614269018173,0.6076164841651917,0.21669024229049683,0.011021537706255913,0.5763332843780518,0.25456228852272034,-0.003420046530663967,0.5780457258224487,0.27841219305992126,-0.017035838216543198,0.5783203840255737,0.2741956412792206,-0.014955855906009674,0.6053571105003357,0.27500712871551514,0.003800216130912304,0.5653126835823059,0.26163360476493835,-0.028600525110960007,0.5931785702705383,0.20750638842582703,0.0006907799979671836,0.6015041470527649,0.21055440604686737,0.005341693293303251,0.6151276230812073,0.1848379522562027,0.033014699816703796,0.5683133006095886,0.21502569317817688,-0.005570399574935436,0.5773253440856934,0.22096537053585052,0.005173768848180771,0.5901047587394714,0.32703500986099243,0.0011084263678640127,0.6173296570777893,0.3248980641365051,0.04945698752999306,0.5737530589103699,0.2835008502006531,-0.015202868729829788,0.5693071484565735,0.28652721643447876,-0.016614140942692757,0.5827603340148926,0.3375081419944763,-0.00011479759268695489,0.5809578895568848,0.33770450949668884,-0.001837913179770112,0.60457843542099,0.2053958624601364,0.009077221155166626,0.5781891345977783,0.2827061414718628,-0.014167818240821362,0.5821809768676758,0.2083251178264618,-0.003035380272194743,0.5830254554748535,0.20136556029319763,-0.0035016145557165146,0.5906404852867126,0.1632610559463501,0.011041054502129555,0.6107063889503479,0.19367486238479614,0.019379807636141777,0.5871497988700867,0.18045015633106232,0.0032389494590461254,0.6111308932304382,0.21316704154014587,0.016762208193540573,0.6173968315124512,0.2068372368812561,0.02914366126060486,0.5668965578079224,0.31388282775878906,-0.018918491899967194,0.5733450055122375,0.31760019063949585,-0.015438172966241837,0.5774773359298706,0.32276442646980286,-0.010972565971314907,0.5723732709884644,0.2853163480758667,-0.014395368285477161,0.5818578004837036,0.33772706985473633,-0.0010994542390108109,0.5815516114234924,0.34505733847618103,-0.0034120178315788507,0.5801223516464233,0.33755847811698914,-0.001959133194759488,0.5712302327156067,0.2801685929298401,-0.02301011234521866,0.5742268562316895,0.32521387934684753,-0.009321916848421097,0.5705201625823975,0.32202160358428955,-0.01255694217979908,0.5656858682632446,0.3207330107688904,-0.014990121126174927,0.5709133148193359,0.36434900760650635,-0.002895877929404378,0.57203209400177,0.3751372992992401,-0.008902408182621002,0.5709284543991089,0.37114712595939636,-0.01034107618033886,0.569612443447113,0.36587274074554443,-0.009474586695432663,0.5683630108833313,0.3613479733467102,-0.009006940759718418,0.5762336850166321,0.3500279188156128,-0.004966785199940205,0.5780351758003235,0.35140520334243774,-0.0054718381725251675,0.5802805423736572,0.35291963815689087,-0.006102501414716244,0.5821486711502075,0.3542419970035553,-0.005137896630913019,0.5844265222549438,0.30820828676223755,-0.008123643696308136,0.6250620484352112,0.2806367576122284,0.06185706704854965,0.5781942009925842,0.34448036551475525,-0.002889002673327923,0.5798960328102112,0.34482327103614807,-0.0033435900695621967,0.5680150389671326,0.290020614862442,-0.01682191900908947,0.5763205289840698,0.2882675528526306,-0.010286159813404083,0.568612277507782,0.28836002945899963,-0.016940807923674583,0.5825186371803284,0.2594086527824402,-0.0017432380700483918,0.5920214056968689,0.2648521959781647,-0.0003236196644138545,0.5793059468269348,0.27849850058555603,-0.01191780250519514,0.6053427457809448,0.17165055871009827,0.021433230489492416,0.6011427640914917,0.18446114659309387,0.010929742828011513,0.5949834585189819,0.2008150815963745,0.002669350942596793,0.5835620760917664,0.3476521074771881,-0.0014685515780001879,0.5698177814483643,0.20353184640407562,-0.006803115829825401,0.5732898712158203,0.18020829558372498,-0.0014030796010047197,0.5751155018806458,0.1598709374666214,0.004468132741749287,0.5982902646064758,0.23962044715881348,0.009573817253112793,0.6135411858558655,0.24822965264320374,0.01757916808128357,0.5735904574394226,0.23735280334949493,0.005847182124853134,0.6058453321456909,0.22635145485401154,0.013582701794803143,0.5721755027770996,0.24895288050174713,-0.005304650403559208,0.5746381878852844,0.274812787771225,-0.02248523198068142,0.6202391386032104,0.2546502649784088,0.023566674441099167,0.6094016432762146,0.2534250319004059,0.01173918042331934,0.6018576622009277,0.2562572956085205,0.005983122158795595,0.5905717611312866,0.25534024834632874,0.002996844472363591,0.5821576714515686,0.25212210416793823,0.001796866999939084,0.575810968875885,0.24824464321136475,0.0002827912394423038,0.5646845102310181,0.23745344579219818,-0.010722670704126358,0.6191991567611694,0.2729012370109558,0.020405007526278496,0.610730767250061,0.22584441304206848,0.01662842556834221,0.5635999441146851,0.28495922684669495,-0.029412776231765747,0.5762094855308533,0.2623491585254669,-0.006585056893527508,0.6268547177314758,0.24047349393367767,0.061484090983867645,0.5710082054138184,0.24367180466651917,-0.0004010252305306494,0.5796571969985962,0.2795162796974182,-0.005945481825619936,0.6026513576507568,0.2318146824836731,0.014779959805309772,0.574650764465332,0.2696845829486847,-0.019902927801012993,0.6225967407226562,0.30188724398612976,0.057201992720365524,0.5732225179672241,0.23448067903518677,0.007705882657319307,0.570003092288971,0.2647324204444885,-0.025242412462830544,0.6049149036407471,0.3450343906879425,0.02042585238814354,0.605065107345581,0.3565935492515564,0.028879743069410324,0.6249691247940063,0.2769033908843994,0.04093680903315544,0.6114466190338135,0.33266186714172363,0.02694021724164486,0.6215411424636841,0.22188836336135864,0.037135250866413116,0.5844626426696777,0.3788650333881378,0.004287221934646368,0.5629392862319946,0.2873499095439911,-0.02223806083202362,0.5813422799110413,0.2687462270259857,-0.004733670502901077,0.6187845468521118,0.23944923281669617,0.027144696563482285,0.5926569104194641,0.2361641228199005,0.007768637500703335,0.5877891182899475,0.23696379363536835,0.006111831404268742,0.5830670595169067,0.345087468624115,-0.002685537561774254,0.6175220012664795,0.2912033796310425,0.020653193816542625,0.5747957825660706,0.3949832320213318,0.004919692873954773,0.591338038444519,0.3785480856895447,0.015447353012859821,0.5979201197624207,0.3690677583217621,0.02125171385705471,0.5828171968460083,0.23663552105426788,0.005705369636416435,0.5779639482498169,0.23566849529743195,0.006386192049831152,0.5748118162155151,0.2352064698934555,0.007548688445240259,0.615086019039154,0.22441038489341736,0.02288033626973629,0.5785795450210571,0.2271677553653717,0.0061071026138961315,0.583575427532196,0.22409003973007202,0.005186348222196102,0.5886290073394775,0.22345614433288574,0.005651003681123257,0.5936031341552734,0.22492803633213043,0.007209707051515579,0.5967448949813843,0.22737956047058105,0.009223178960382938,0.6252552270889282,0.21886417269706726,0.053968627005815506,0.5958456993103027,0.2347908467054367,0.009762601926922798,0.5795162320137024,0.30188676714897156,-0.011266248300671577,0.5738315582275391,0.2818223834037781,-0.01725161261856556,0.5692670941352844,0.29798007011413574,-0.016523223370313644,0.5985040068626404,0.35766538977622986,0.015309706330299377,0.5917366743087769,0.3678826093673706,0.010087715461850166,0.5748643279075623,0.38756048679351807,-0.0009580078185535967,0.6110398769378662,0.34328749775886536,0.03878821060061455,0.574921727180481,0.23155811429023743,0.007065745070576668,0.5686156749725342,0.25039929151535034,-0.013320020399987698,0.5839475989341736,0.38760268688201904,0.009305475279688835,0.6225246787071228,0.29692503809928894,0.03843797370791435,0.5731142163276672,0.3561299741268158,-0.007148911245167255,0.575013279914856,0.3590829372406006,-0.007534554693847895,0.5771104097366333,0.3625658452510834,-0.008142555132508278,0.5788289904594421,0.3658621907234192,-0.007138117216527462,0.5785247087478638,0.3569551408290863,-0.002916584722697735,0.5786164999008179,0.3300921618938446,-0.0059458548203110695,0.5802780389785767,0.32934167981147766,-0.005704998038709164,0.581701397895813,0.32830876111984253,-0.005426259711384773,0.5879847407341003,0.31666257977485657,-0.0034921965561807156,0.60920250415802,0.29507291316986084,0.008871559053659439,0.5682585835456848,0.24257344007492065,-0.007618685718625784,0.5691700577735901,0.22749000787734985,0.003547878470271826,0.5725157260894775,0.228407621383667,0.006020194385200739,0.5772665739059448,0.33004748821258545,-0.005437121260911226,0.6090342402458191,0.3182980418205261,0.01697126030921936,0.5645698308944702,0.22715482115745544,-0.004028527531772852,0.5807178616523743,0.3619328737258911,0.0001058283232850954,0.5647289156913757,0.2457989603281021,-0.016956433653831482,0.572888970375061,0.2633638381958008,-0.014231264591217041,0.5720663070678711,0.3701516389846802,-0.0020359340123832226,0.5920253992080688,0.34044957160949707,0.003931567072868347,0.5841835141181946,0.2870345711708069,-0.004520711023360491,0.587195098400116,0.3519037961959839,0.0021726118866354227,0.5968010425567627,0.28654173016548157,-0.0013327489141374826,0.5891990661621094,0.29680585861206055,-0.0036612609401345253,0.600786030292511,0.3016955256462097,0.0029593207873404026,0.5737386345863342,0.3786088526248932,-0.002550325822085142,0.5763531923294067,0.2683444023132324,-0.010434386320412159,0.5966068506240845,0.34707194566726685,0.009245680645108223,0.5900465846061707,0.35850900411605835,0.006248966790735722,0.5954436659812927,0.3274310827255249,0.004177595488727093,0.6152297258377075,0.3070906102657318,0.02190730907022953,0.6022681593894958,0.32880398631095886,0.009870504960417747,0.618234395980835,0.3155893385410309,0.03468804061412811,0.593004047870636,0.3093922436237335,-0.0009717565262690187,0.5722159743309021,0.25628215074539185,-0.00967331975698471,0.5729594826698303,0.27852240204811096,-0.023935705423355103,0.5763205289840698,0.2811335027217865,-0.01801208220422268,0.5704699158668518,0.2726367115974426,-0.02797963097691536,0.573180079460144,0.21987441182136536,0.002586323069408536,0.5825472474098206,0.21428292989730835,0.0020018292125314474,0.5909910202026367,0.2132832407951355,0.0025783132296055555,0.5980303287506104,0.21529117226600647,0.005116968881338835,0.6030228734016418,0.21956804394721985,0.008924967609345913,0.6071455478668213,0.23445788025856018,0.016986427828669548,0.6259295344352722,0.25792112946510315,0.04156707599759102,0.6031021475791931,0.24538862705230713,0.011373271234333515,0.5972999930381775,0.2476799488067627,0.007559301797300577,0.5895438194274902,0.24798989295959473,0.004859578795731068,0.5820077061653137,0.24631577730178833,0.0039002327248454094,0.5760798454284668,0.24367092549800873,0.0033977567218244076,0.572002112865448,0.2408456802368164,0.0031238605733960867,0.6262733936309814,0.26070931553840637,0.0637657642364502,0.576082170009613,0.28379279375076294,-0.015307960100471973,0.5689074397087097,0.2574831545352936,-0.018491098657250404,0.5690897107124329,0.278772234916687,-0.0286810752004385,0.5661855936050415,0.2836820185184479,-0.026956593617796898,0.5690329670906067,0.2806396186351776,-0.02599318139255047,0.5745865106582642,0.28669974207878113,-0.01356747280806303,0.5652637481689453,0.2843892276287079,-0.02859518676996231,0.5645980834960938,0.2867715656757355,-0.02212122641503811,0.5713356137275696,0.23462802171707153,0.0065475753508508205,0.5687667727470398,0.23611457645893097,0.002640985883772373,0.5673101544380188,0.23711155354976654,-0.0018461988074705005,0.5985530018806458,0.22935232520103455,0.01114916056394577,0.6023943424224854,0.22624005377292633,0.011651637963950634,0.5273603200912476,0.23313665390014648,0.005306098144501448,0.5339594483375549,0.232405886054039,0.005306098144501448,0.5267540216445923,0.22542423009872437,0.005306098144501448,0.5207183957099915,0.23382355272769928,0.005306098144501448,0.5279248356819153,0.2407987415790558,0.005306098144501448,0.587988018989563,0.22925326228141785,0.007989839650690556,0.5944526195526123,0.2291923463344574,0.007989839650690556,0.5880168080329895,0.22120301425457,0.007989839650690556,0.5815598964691162,0.2292199581861496,0.007989839650690556,0.5880017876625061,0.23735232651233673,0.007989839650690556
1033.3333333333337,0.5593355894088745,0.3113701045513153,-0.020312538370490074,0.5608347058296204,0.2804783880710602,-0.032550957053899765,0.5608564615249634,0.29046687483787537,-0.01870356686413288,0.5553358793258667,0.2541447579860687,-0.022946784272789955,0.5606852769851685,0.27164188027381897,-0.03386827930808067,0.5603594779968262,0.2609579265117645,-0.030722355470061302,0.5593491792678833,0.23551124334335327,-0.013167657889425755,0.5167080163955688,0.2388540804386139,0.008173437789082527,0.5585889220237732,0.21631917357444763,-0.008127927780151367,0.5582122802734375,0.20463983714580536,-0.00823053065687418,0.5566421151161194,0.15993525087833405,0.001983755500987172,0.5594857931137085,0.31465983390808105,-0.020137149840593338,0.5598115921020508,0.31846532225608826,-0.018610727041959763,0.5601048469543457,0.32116663455963135,-0.015943948179483414,0.5613498687744141,0.36443740129470825,-0.009955364279448986,0.5615754127502441,0.36935853958129883,-0.010558092966675758,0.5619130730628967,0.37471213936805725,-0.011357495561242104,0.5622989535331726,0.3791871666908264,-0.009229274466633797,0.5626278519630432,0.36684650182724,-0.0029049271252006292,0.5608636736869812,0.2854871451854706,-0.029976336285471916,0.5557031631469727,0.28621286153793335,-0.02243133634328842,0.4911571741104126,0.21040058135986328,0.037577543407678604,0.5339452028274536,0.24448135495185852,0.0024455436505377293,0.5279362797737122,0.24609896540641785,0.0025061052292585373,0.5221476554870605,0.24627241492271423,0.003800353268161416,0.5144779682159424,0.2424207329750061,0.008586347103118896,0.5390466451644897,0.24142880737781525,0.0032419466879218817,0.5238449573516846,0.2202768623828888,0.00101472029928118,0.5309212803840637,0.2202405035495758,0.001500429934822023,0.5175696611404419,0.22291851043701172,0.002546188421547413,0.5136773586273193,0.22710168361663818,0.0047815656289458275,0.5097352862358093,0.24858835339546204,0.010791858658194542,0.5412446856498718,0.37388989329338074,0.0005969589110463858,0.5145182609558105,0.23669373989105225,0.010121048428118229,0.4907625913619995,0.2486838698387146,0.036439571529626846,0.5024595856666565,0.24399854242801666,0.01692895032465458,0.5319467782974243,0.2799142301082611,-0.005643555894494057,0.5514982342720032,0.31058645248413086,-0.01947447471320629,0.5533891916275024,0.31944286823272705,-0.017904289066791534,0.5446147918701172,0.3167368471622467,-0.016472669318318367,0.5408875942230225,0.32389792799949646,-0.012008494697511196,0.5481551289558411,0.32248854637145996,-0.015595129691064358,0.5446071624755859,0.3267996907234192,-0.011348182335495949,0.5365424752235413,0.34325727820396423,-0.001628061756491661,0.5562314987182617,0.2807142436504364,-0.03215961530804634,0.5554043650627136,0.27241793274879456,-0.03334479406476021,0.5050487518310547,0.22303253412246704,0.006993252318352461,0.542616069316864,0.2571537494659424,-0.004895553458482027,0.5430063009262085,0.28108447790145874,-0.01840081438422203,0.5423504710197449,0.27696818113327026,-0.016361722722649574,0.5145158767700195,0.2817162871360779,0.00036106197512708604,0.5553649067878723,0.26243162155151367,-0.029178520664572716,0.5191605091094971,0.21135631203651428,-0.002217706060037017,0.5107013583183289,0.21584424376487732,0.0018057607812806964,0.4973442256450653,0.19289624691009521,0.02770276367664337,0.5462170243263245,0.2152571976184845,-0.006629164330661297,0.5372093915939331,0.22321438789367676,0.003349490463733673,0.5330964922904968,0.33216047286987305,-0.0010665511945262551,0.5032476186752319,0.3340250849723816,0.044285282492637634,0.5474941730499268,0.2855460047721863,-0.016228927299380302,0.5520988702774048,0.28785207867622375,-0.017128871753811836,0.5382259488105774,0.34049496054649353,-0.002042612759396434,0.540016233921051,0.3405155539512634,-0.0035073834005743265,0.5071438550949097,0.21143415570259094,0.005304411053657532,0.5428822636604309,0.28543514013290405,-0.015484043397009373,0.5308442115783691,0.21053698658943176,-0.005043998826295137,0.5293412804603577,0.20401164889335632,-0.005614344496279955,0.5223114490509033,0.16773447394371033,0.007771974895149469,0.5029109120368958,0.20082369446754456,0.0152103491127491,0.5270323753356934,0.18427205085754395,0.0007985400734469295,0.501258373260498,0.22019429504871368,0.012454882264137268,0.49654245376586914,0.21486720442771912,0.024535536766052246,0.5521838068962097,0.3153385519981384,-0.019386105239391327,0.546190619468689,0.31971949338912964,-0.016341175884008408,0.5425599217414856,0.32539305090904236,-0.012217586860060692,0.5488806962966919,0.28716689348220825,-0.015200410038232803,0.5391134023666382,0.34062254428863525,-0.002861098852008581,0.5397928357124329,0.3485453128814697,-0.0049109794199466705,0.5408030152320862,0.34034883975982666,-0.0035878983326256275,0.5499760508537292,0.28172963857650757,-0.023993471637368202,0.5461928844451904,0.3274022340774536,-0.010455821640789509,0.5497620701789856,0.3238058388233185,-0.013383572921156883,0.5545475482940674,0.32179564237594604,-0.01545475423336029,0.5539392828941345,0.36604636907577515,-0.003266899846494198,0.5523443222045898,0.37733811140060425,-0.009379900991916656,0.5526328086853027,0.37321728467941284,-0.010890243574976921,0.5533493757247925,0.36765962839126587,-0.010008652694523335,0.5542222857475281,0.3629133701324463,-0.009491126984357834,0.5455516576766968,0.35306695103645325,-0.0061162374913692474,0.5438671708106995,0.3548731803894043,-0.006673196330666542,0.541792631149292,0.3568088710308075,-0.00730917090550065,0.5402267575263977,0.35837388038635254,-0.006442985497415066,0.5381286144256592,0.3121263384819031,-0.009830395691096783,0.49249523878097534,0.2902083992958069,0.05594850331544876,0.5608188509941101,0.28790587186813354,-0.022767994552850723,0.5431159734725952,0.3474269509315491,-0.004312892444431782,0.5414206981658936,0.34809213876724243,-0.004796175751835108,0.5536962747573853,0.2911239564418793,-0.017310168594121933,0.5449421405792236,0.2907610237598419,-0.011288660578429699,0.5529552698135376,0.2895246744155884,-0.01743006333708763,0.5364862084388733,0.26286330819129944,-0.0036473250947892666,0.5273357033729553,0.26959285140037537,-0.0027999274898320436,0.541469931602478,0.28143075108528137,-0.013359563425183296,0.5072691440582275,0.17824473977088928,0.01695781946182251,0.5125792026519775,0.1902027428150177,0.007519899867475033,0.5167539119720459,0.20537403225898743,-0.00035105011193081737,0.5403717756271362,0.3518066704273224,-0.00295463134534657,0.5435576438903809,0.20424270629882812,-0.007959183305501938,0.5413758158683777,0.18212489783763885,-0.0028055517468601465,0.538145899772644,0.16215083003044128,0.0026624815072864294,0.5173143148422241,0.2452666014432907,0.006173369940370321,0.503556489944458,0.25545749068260193,0.013415403664112091,0.5423895716667175,0.23861005902290344,0.004236867651343346,0.5080739259719849,0.23254354298114777,0.00970717053860426,0.54670250415802,0.25092393159866333,-0.0065086595714092255,0.5463286638259888,0.2769232988357544,-0.02364516630768776,0.4976944327354431,0.26331663131713867,0.018895501270890236,0.5081409811973572,0.2607520520687103,0.007813422940671444,0.516212522983551,0.2627577483654022,0.002661879640072584,0.5276709198951721,0.2599613070487976,0.0004466384998522699,0.5359517335891724,0.2553502321243286,-0.0001853016874520108,0.5421343445777893,0.2503136992454529,-0.0012543811462819576,0.5540378093719482,0.23822836577892303,-0.011323681101202965,0.5001046061515808,0.28152287006378174,0.015821877866983414,0.5032615065574646,0.23257659375667572,0.012399987317621708,0.5580860376358032,0.28547412157058716,-0.02975890040397644,0.543363630771637,0.26489487290382385,-0.008000086061656475,0.48794323205947876,0.2502140700817108,0.05534768104553223,0.5466554760932922,0.24491241574287415,-0.001611258601769805,0.5409051775932312,0.28253769874572754,-0.0073219966143369675,0.511992871761322,0.23771217465400696,0.011077442206442356,0.5458999872207642,0.2719056010246277,-0.021087193861603737,0.49651700258255005,0.3113754987716675,0.05159883573651314,0.5423984527587891,0.2355223298072815,0.00603850744664669,0.5505784749984741,0.266240656375885,-0.02617446891963482,0.5179165005683899,0.3528023362159729,0.017350057139992714,0.5175706148147583,0.3647633492946625,0.025186974555253983,0.4937479794025421,0.2862500548362732,0.03604079782962799,0.5107794404029846,0.34097975492477417,0.023246807977557182,0.49318429827690125,0.2304949164390564,0.03229926899075508,0.5398787260055542,0.38360926508903503,0.002895207144320011,0.5586744546890259,0.2877468168735504,-0.022449318319559097,0.5383524894714355,0.272013396024704,-0.0064079309813678265,0.49741342663764954,0.24635283648967743,0.022563375532627106,0.5224435925483704,0.24122965335845947,0.004732555244117975,0.5275287628173828,0.2413121610879898,0.00342141417786479,0.5383772850036621,0.3488067090511322,-0.004316891543567181,0.5028731822967529,0.29967886209487915,0.016336847096681595,0.5498465895652771,0.39765623211860657,0.00413844920694828,0.5322325229644775,0.38495829701423645,0.013228167779743671,0.5253350734710693,0.3764796555042267,0.018383022397756577,0.5574386119842529,0.1813002973794937,-0.0035555558279156685,0.5626229643821716,0.39871764183044434,0.003237464465200901,0.5326367616653442,0.24002483487129211,0.00339128659106791,0.5374491214752197,0.23795011639595032,0.004382701590657234,0.5407155156135559,0.23665361106395721,0.005775728262960911,0.4988206923007965,0.23173297941684723,0.01836579665541649,0.5364417433738708,0.229466512799263,0.004035255406051874,0.531089186668396,0.22736838459968567,0.002778779249638319,0.5257908701896667,0.22748801112174988,0.0028884788043797016,0.5206121206283569,0.22969961166381836,0.004095553420484066,0.5175203680992126,0.23258072137832642,0.005897005554288626,0.4882142245769501,0.22839276492595673,0.047958578914403915,0.5190321803092957,0.2401799112558365,0.006502609699964523,0.5611887574195862,0.2978198230266571,-0.01751995086669922,0.5428001284599304,0.30493631958961487,-0.012615550309419632,0.5473785996437073,0.28380370140075684,-0.018236402422189713,0.5532028079032898,0.29935407638549805,-0.017070239409804344,0.5589490532875061,0.22612464427947998,-0.008341065607964993,0.5247647166252136,0.36471056938171387,0.012871265411376953,0.5319178104400635,0.37404686212539673,0.008205653168261051,0.5502337217330933,0.39020800590515137,-0.0016001348849385977,0.5108016133308411,0.3520572781562805,0.03433630242943764,0.5404620170593262,0.23299670219421387,0.005212687887251377,0.550806999206543,0.2517288327217102,-0.014210802502930164,0.5628486275672913,0.39152398705482483,-0.002308462979272008,0.5401227474212646,0.3924790620803833,0.007696046028286219,0.4975031614303589,0.30610886216163635,0.033821869641542435,0.5491403937339783,0.3588268458843231,-0.008018921129405499,0.5475323796272278,0.3621910512447357,-0.008468758314847946,0.5458471179008484,0.36601972579956055,-0.009096601977944374,0.5447729229927063,0.3696382939815521,-0.008086091838777065,0.5458743572235107,0.36017537117004395,-0.004000314045697451,0.5418006777763367,0.33274349570274353,-0.007397742941975594,0.54007887840271,0.3321983814239502,-0.0073188599199056625,0.5386286973953247,0.3312624394893646,-0.007185481954365969,0.5348896980285645,0.3212956488132477,-0.005587351508438587,0.5117838382720947,0.3024745285511017,0.005233778152614832,0.550470769405365,0.243881493806839,-0.00851721316576004,0.5465167760848999,0.228267103433609,0.002410290762782097,0.5427966713905334,0.2296438217163086,0.004424127750098705,0.5432469248771667,0.3325642943382263,-0.006865950766950846,0.5128466486930847,0.3261010944843292,0.013404510915279388,0.5516975522041321,0.22724807262420654,-0.004764132667332888,0.5435141921043396,0.3657428026199341,-0.0010424033971503377,0.5600221753120422,0.25233888626098633,-0.02458743378520012,0.5546954274177551,0.24655194580554962,-0.01748703606426716,0.5596968531608582,0.24420437216758728,-0.01853099651634693,0.5471236109733582,0.26531630754470825,-0.015311263501644135,0.5627186894416809,0.3822605609893799,-0.0039781066589057446,0.5626181364059448,0.3733051121234894,-0.003040797309949994,0.5527140498161316,0.3722379207611084,-0.002520074602216482,0.5312723517417908,0.3459957242012024,0.0019104217644780874,0.5367423892021179,0.29078951478004456,-0.006217991001904011,0.5364763140678406,0.3568587303161621,0.000593936478253454,0.5240821242332458,0.29208359122276306,-0.003952478989958763,0.5324867963790894,0.301339715719223,-0.005730262957513332,0.5207947492599487,0.30800727009773254,3.242755337851122e-05,0.5511699914932251,0.3809923231601715,-0.0031743147410452366,0.5437126159667969,0.27089813351631165,-0.011735955253243446,0.5265660285949707,0.3535969853401184,0.006884950678795576,0.5336008071899414,0.3641519546508789,0.004501468036323786,0.5274319648742676,0.3332853317260742,0.0016547534614801407,0.5059633851051331,0.3155233860015869,0.017836393788456917,0.5202844142913818,0.33582043647766113,0.006898023188114166,0.5029012560844421,0.3244801461696625,0.030379371717572212,0.5293174386024475,0.31463387608528137,-0.0033780757803469896,0.5472351312637329,0.2581837773323059,-0.010841429233551025,0.5482239127159119,0.28033336997032166,-0.025010932236909866,0.5448928475379944,0.2835250794887543,-0.019159436225891113,0.5506446361541748,0.27412837743759155,-0.028897468000650406,0.5414313077926636,0.22127693891525269,0.0010765052866190672,0.5310062766075134,0.2169385552406311,-0.00017234285769518465,0.5220534205436707,0.21714623272418976,-0.00019332738884259015,0.5148899555206299,0.22025130689144135,0.00178258225787431,0.5100874900817871,0.22534538805484772,0.005229034461081028,0.5079101324081421,0.2407281994819641,0.013069734908640385,0.4913707971572876,0.26727962493896484,0.03643692657351494,0.5132545232772827,0.2517128586769104,0.0077977851033210754,0.519546389579773,0.2533832788467407,0.004401554819196463,0.5275431871414185,0.25247299671173096,0.002264848444610834,0.5350504517555237,0.24948722124099731,0.0018153905402868986,0.5408959984779358,0.24563610553741455,0.0018139122985303402,0.5448857545852661,0.24209265410900116,0.0018139242893084884,0.48985743522644043,0.2703198790550232,0.05769719183444977,0.5451117753982544,0.28620392084121704,-0.016431422904133797,0.5510745644569397,0.2588348984718323,-0.01938418112695217,0.5522688627243042,0.28004190325737,-0.029434315860271454,0.5553140640258789,0.2845063805580139,-0.027423111721873283,0.5522856116294861,0.2818012237548828,-0.026736875995993614,0.546686053276062,0.2889508306980133,-0.014490080066025257,0.5563733577728271,0.2851097881793976,-0.028985150158405304,0.5569383502006531,0.28742000460624695,-0.022428268566727638,0.544512927532196,0.23543447256088257,0.005127024371176958,0.5478211045265198,0.2368467003107071,0.0015801170375198126,0.5497928261756897,0.23775924742221832,-0.002728676190599799,0.5158527493476868,0.23474374413490295,0.007699433248490095,0.511419415473938,0.2320055216550827,0.008023056201636791,0.5646669864654541,0.25345927476882935,-0.022467581555247307,0.5980738997459412,0.23329859972000122,0.011433658190071583,0.5657984614372253,0.28553611040115356,-0.022086871787905693,0.6215773820877075,0.20128706097602844,0.04317020997405052,0.5822550654411316,0.24133765697479248,0.00455760071054101,0.5881811380386353,0.2418026179075241,0.005036632996052504,0.5937864780426025,0.24114955961704254,0.006725316401571035,0.6008788347244263,0.23653948307037354,0.01203085295855999,0.5770649313926697,0.23937875032424927,0.004880079068243504,0.5896888971328735,0.21649762988090515,0.0036696712486445904,0.5830507278442383,0.21728764474391937,0.0036065569147467613,0.5957411527633667,0.21822184324264526,0.0056387316435575485,0.5996742248535156,0.22178448736667633,0.008087954483926296,0.6064262986183167,0.2419293373823166,0.014466227032244205,0.5832332372665405,0.3698260188102722,0.001984944334253669,0.6000524163246155,0.23106974363327026,0.013526487164199352,0.625188946723938,0.23945268988609314,0.0414038747549057,0.613182783126831,0.2369866520166397,0.021033089607954025,0.5883859992027283,0.275732159614563,-0.0036300052888691425,0.5671386122703552,0.3093413710594177,-0.01900406740605831,0.5664669275283813,0.3184026777744293,-0.01750396005809307,0.5748996734619141,0.3144826889038086,-0.015471545979380608,0.5792702436447144,0.3211629390716553,-0.010576031170785427,0.57201087474823,0.32068687677383423,-0.014791642315685749,0.5758934617042542,0.32461705803871155,-0.010184397920966148,0.5872958898544312,0.33861392736434937,0.0002130935899913311,0.565361499786377,0.2800684869289398,-0.03186112269759178,0.5659346580505371,0.27162718772888184,-0.03299272805452347,0.6076062917709351,0.21656513214111328,0.010836697183549404,0.5763489603996277,0.25460076332092285,-0.003513630013912916,0.578079342842102,0.2784760296344757,-0.017133601009845734,0.5783548951148987,0.2742480933666229,-0.01505692582577467,0.6054626107215881,0.27503880858421326,0.0037131200078874826,0.5652799606323242,0.26166293025016785,-0.02873501367866993,0.5930758118629456,0.20751377940177917,0.0005057630478404462,0.6014326810836792,0.2104901671409607,0.005152274388819933,0.6151221990585327,0.18462508916854858,0.03277876600623131,0.5682424902915955,0.21510609984397888,-0.005726017523556948,0.5773332715034485,0.22099919617176056,0.005035403184592724,0.5903526544570923,0.32707667350769043,0.001148568349890411,0.6175343990325928,0.32512426376342773,0.04964947700500488,0.5737982988357544,0.28358927369117737,-0.015274333767592907,0.5693488717079163,0.2866325378417969,-0.016656387597322464,0.5831227898597717,0.3376002609729767,-4.8324156523449346e-05,0.5813044309616089,0.3378194570541382,-0.001766080386005342,0.6045239567756653,0.2052483856678009,0.008866972289979458,0.5782554149627686,0.2827838659286499,-0.014246716164052486,0.5820733904838562,0.20838963985443115,-0.003215112490579486,0.5828906297683716,0.20137928426265717,-0.003706288756802678,0.5905531644821167,0.16297270357608795,0.010742314159870148,0.6106882691383362,0.19343328475952148,0.01915028505027294,0.5870587825775146,0.18017929792404175,0.002987413899973035,0.6111559867858887,0.21296139061450958,0.016567988321185112,0.6173929572105408,0.20665855705738068,0.028943853452801704,0.5670145750045776,0.3140636682510376,-0.01893836446106434,0.573544979095459,0.31772589683532715,-0.015450045466423035,0.5777427554130554,0.3228611648082733,-0.010954811237752438,0.5724225044250488,0.285411536693573,-0.014450824819505215,0.5822110772132874,0.3378329277038574,-0.0010286348406225443,0.5818802118301392,0.3451588749885559,-0.0033405411522835493,0.5804591774940491,0.3376851975917816,-0.0018860268173739314,0.5712414979934692,0.28025469183921814,-0.02311263047158718,0.5745047330856323,0.3253919184207916,-0.009303392842411995,0.5707508325576782,0.3222160041332245,-0.012567256577312946,0.5658648014068604,0.32093721628189087,-0.015015417709946632,0.5711737871170044,0.36460599303245544,-0.0028381203301250935,0.572254478931427,0.37546128034591675,-0.008908175863325596,0.5711041688919067,0.371368408203125,-0.010368353687226772,0.5697646141052246,0.3659530282020569,-0.009516703896224499,0.5685108304023743,0.3613399863243103,-0.009027063846588135,0.5764797329902649,0.35002008080482483,-0.004935218952596188,0.5782998204231262,0.35146117210388184,-0.005449474789202213,0.5805738568305969,0.35302993655204773,-0.006069532595574856,0.5824704170227051,0.35439664125442505,-0.005088113714009523,0.5845866799354553,0.3082816004753113,-0.008112289011478424,0.6251865029335022,0.2807776629924774,0.06195131316781044,0.578492283821106,0.3445151746273041,-0.002820792142301798,0.5802072882652283,0.34489309787750244,-0.0032778007443994284,0.5680677890777588,0.2901381850242615,-0.016857806593179703,0.5763999819755554,0.28836095333099365,-0.01033154409378767,0.5686581134796143,0.2884700298309326,-0.01698020100593567,0.5825682878494263,0.2594497799873352,-0.0018344607669860125,0.592094361782074,0.26488617062568665,-0.0004159879172220826,0.5793691277503967,0.27856507897377014,-0.012002427130937576,0.6053056716918945,0.17137902975082397,0.02115793153643608,0.6010926365852356,0.1841820478439331,0.010683059692382812,0.5948703289031982,0.2007499635219574,0.0024548228830099106,0.5838308334350586,0.3478285074234009,-0.001384065137244761,0.5697001218795776,0.20355665683746338,-0.00699252774938941,0.5731714963912964,0.17996922135353088,-0.0016410525422543287,0.5749862790107727,0.15960389375686646,0.00417436333373189,0.5983465313911438,0.23963409662246704,0.009434428997337818,0.6136754751205444,0.24820230901241302,0.017463447526097298,0.5736163258552551,0.23736676573753357,0.005737061146646738,0.6058728098869324,0.22627468407154083,0.013426107354462147,0.5721681714057922,0.24897322058677673,-0.005402770359069109,0.5746355652809143,0.2748703956604004,-0.022599561139941216,0.6202642321586609,0.25463512539863586,0.023470422253012657,0.609508752822876,0.25344017148017883,0.011625895276665688,0.6019487977027893,0.256324827671051,0.005872896406799555,0.5906474590301514,0.2554311752319336,0.0028973601292818785,0.5822197198867798,0.2522149384021759,0.0017030397430062294,0.5758605003356934,0.24835197627544403,0.00019091741705778986,0.5646412372589111,0.2374243438243866,-0.01084134541451931,0.6192688345909119,0.27292612195014954,0.020334405824542046,0.6107909083366394,0.22573858499526978,0.01646966114640236,0.5636090636253357,0.2850809097290039,-0.029500789940357208,0.5762304067611694,0.2623957097530365,-0.006676540710031986,0.6269057393074036,0.24048380553722382,0.06145336478948593,0.5710452198982239,0.2437937706708908,-0.0004963491810485721,0.5797373652458191,0.27959105372428894,-0.006011447869241238,0.6026959419250488,0.23174843192100525,0.014637432061135769,0.5746466517448425,0.26973074674606323,-0.020019078627228737,0.6227580904960632,0.3020869791507721,0.057347118854522705,0.5732506513595581,0.23448505997657776,0.007591933012008667,0.5699784755706787,0.2647689878940582,-0.025372687727212906,0.6050987839698792,0.3452085852622986,0.020519524812698364,0.6052305102348328,0.35679537057876587,0.029080979526042938,0.6250341534614563,0.27697065472602844,0.04092054441571236,0.611637532711029,0.3328360915184021,0.027024313807487488,0.6215416789054871,0.22178314626216888,0.03698660060763359,0.5846869349479675,0.379077285528183,0.004389804322272539,0.5629626512527466,0.287477970123291,-0.02228960394859314,0.5814013481140137,0.26880142092704773,-0.004820581525564194,0.6189673542976379,0.23934021592140198,0.02702057734131813,0.5926821231842041,0.23621711134910583,0.007619704119861126,0.5878179669380188,0.23702096939086914,0.005968058481812477,0.5834183096885681,0.34519675374031067,-0.002608698094263673,0.617642879486084,0.2912808656692505,0.020624425262212753,0.575042724609375,0.39512643218040466,0.00507555203512311,0.5915145874023438,0.3787243962287903,0.015623519197106361,0.5980774760246277,0.3692585825920105,0.021440209820866585,0.5828490257263184,0.2366630584001541,0.005571163259446621,0.577987790107727,0.23566851019859314,0.006264160852879286,0.5748327970504761,0.23519884049892426,0.0074334763921797276,0.6152032017707825,0.22424635291099548,0.02272038534283638,0.5786247253417969,0.22724953293800354,0.0059702335856854916,0.5836299061775208,0.22421911358833313,0.005041772499680519,0.5886596441268921,0.22360751032829285,0.0054962486028671265,0.5936097502708435,0.22505098581314087,0.0070510320365428925,0.5967505574226379,0.22744673490524292,0.009065421298146248,0.6252631545066833,0.21879659593105316,0.05385788902640343,0.5958718061447144,0.23482173681259155,0.009614645503461361,0.5796269178390503,0.30197983980178833,-0.011272606439888477,0.573861837387085,0.2819055914878845,-0.01733383908867836,0.5693433880805969,0.29812586307525635,-0.016545923426747322,0.5986846089363098,0.35785233974456787,0.015425426885485649,0.5919330716133118,0.3680802583694458,0.010201629251241684,0.575108528137207,0.3877851963043213,-0.000855341088026762,0.6112328171730042,0.3435056209564209,0.038998574018478394,0.5749481320381165,0.23159493505954742,0.006942247971892357,0.568588137626648,0.2504047751426697,-0.013434925116598606,0.584156334400177,0.38776540756225586,0.009460232220590115,0.6226397752761841,0.2970449924468994,0.038464248180389404,0.5733089447021484,0.35610395669937134,-0.007148925680667162,0.5752218961715698,0.35913437604904175,-0.007549942936748266,0.5773472189903259,0.3627167046070099,-0.00814299937337637,0.5791056156158447,0.366096556186676,-0.007114695385098457,0.57879239320755,0.35717594623565674,-0.0028436065185815096,0.5789278149604797,0.33021190762519836,-0.005892016924917698,0.5805914998054504,0.32942456007003784,-0.00565599650144577,0.5820226669311523,0.3283708393573761,-0.005385918542742729,0.5881984233856201,0.316709965467453,-0.003472265787422657,0.609348475933075,0.29515865445137024,0.00882454589009285,0.5682313442230225,0.24256612360477448,-0.0077258506789803505,0.5691816806793213,0.22753706574440002,0.0034323774743825197,0.5725290179252625,0.22843563556671143,0.005898379720747471,0.5775730013847351,0.3302113711833954,-0.005381951108574867,0.6092227101325989,0.3184351325035095,0.01699042320251465,0.5645480751991272,0.22725766897201538,-0.004152507055550814,0.5809743404388428,0.36217570304870605,0.00019341670849826187,0.5646864771842957,0.24578788876533508,-0.017080960795283318,0.5728845000267029,0.26340585947036743,-0.014337655156850815,0.5723292827606201,0.37042438983917236,-0.001975010149180889,0.5922401547431946,0.3405880928039551,0.004001959227025509,0.5842812061309814,0.28712698817253113,-0.004568085074424744,0.5874278545379639,0.3521040678024292,0.0022660274989902973,0.596923828125,0.2866176664829254,-0.0014069464523345232,0.5893362760543823,0.2969011068344116,-0.0036809660959988832,0.6009516716003418,0.3017890453338623,0.002909341361373663,0.5739969611167908,0.3788827657699585,-0.0024788787122815847,0.5763797163963318,0.26839593052864075,-0.010528618469834328,0.5968016982078552,0.34723588824272156,0.009325707331299782,0.5902600288391113,0.3587103486061096,0.006341342348605394,0.5956472754478455,0.32752150297164917,0.004202685784548521,0.6153908371925354,0.30720818042755127,0.021918391808867455,0.6024565696716309,0.3289298117160797,0.009899030439555645,0.6183975338935852,0.31574589014053345,0.03475445508956909,0.5931973457336426,0.3094644844532013,-0.0009800799889490008,0.572206437587738,0.25631240010261536,-0.00977631937712431,0.5729641318321228,0.2785987854003906,-0.02404594235122204,0.5763543844223022,0.28120991587638855,-0.01810072921216488,0.5704514980316162,0.2726954221725464,-0.02809843420982361,0.573163628578186,0.21993596851825714,0.0024458758998662233,0.5824980735778809,0.21434566378593445,0.0018461723811924458,0.5909215211868286,0.2133179008960724,0.0024140621535480022,0.597967803478241,0.2152843475341797,0.004949300549924374,0.6029952764511108,0.21951338648796082,0.008757240138947964,0.6072245240211487,0.2343810796737671,0.016851287335157394,0.6259600520133972,0.25793901085853577,0.041504643857479095,0.6031761169433594,0.24539370834827423,0.011249279603362083,0.5973646640777588,0.24772652983665466,0.007442065514624119,0.5895996689796448,0.24805445969104767,0.004749076906591654,0.5820622444152832,0.24637964367866516,0.0037898600567132235,0.5761293768882751,0.243728369474411,0.0033003564458340406,0.5720458626747131,0.24091222882270813,0.0030266321264207363,0.6263748407363892,0.2607842981815338,0.06380052864551544,0.5761383175849915,0.2838767170906067,-0.015381998382508755,0.568882942199707,0.2575060725212097,-0.018612487241625786,0.5690850615501404,0.27885884046554565,-0.028792275115847588,0.5661922097206116,0.28379130363464355,-0.027041833847761154,0.5690367817878723,0.28073233366012573,-0.026094337925314903,0.5746517777442932,0.28679394721984863,-0.01362360455095768,0.5652716755867004,0.284503698348999,-0.028681477531790733,0.5646159648895264,0.28689244389533997,-0.022177407518029213,0.571361243724823,0.23464283347129822,0.006439483258873224,0.5688005685806274,0.23617962002754211,0.002538248198106885,0.5673286318778992,0.23723365366458893,-0.0019471746636554599,0.5985725522041321,0.22936655580997467,0.010998054407536983,0.6024022102355957,0.226188525557518,0.011495612561702728,0.5270609259605408,0.23317714035511017,0.005321654956787825,0.5336742997169495,0.23237159848213196,0.005321654956787825,0.5264160633087158,0.22522181272506714,0.005321654956787825,0.5204079747200012,0.2339324653148651,0.005321654956787825,0.5276636481285095,0.24108122289180756,0.005321654956787825,0.5880354642868042,0.22930172085762024,0.007849268615245819,0.5944876074790955,0.22921162843704224,0.007849268615245819,0.588017463684082,0.22124290466308594,0.007849268615245819,0.581619918346405,0.22930820286273956,0.007849268615245819,0.5880929231643677,0.23740734159946442,0.007849268615245819
1066.666666666667,0.5591701865196228,0.311674028635025,-0.020299214869737625,0.5615159273147583,0.2802768349647522,-0.03233429789543152,0.5614199638366699,0.29034048318862915,-0.018621226772665977,0.5560697913169861,0.25420457124710083,-0.022754544392228127,0.5613969564437866,0.27149268984794617,-0.03362146019935608,0.5610710382461548,0.26092568039894104,-0.030466802418231964,0.5600302219390869,0.23577161133289337,-0.0129691855981946,0.5169529914855957,0.2391129434108734,0.008013317361474037,0.55926913022995,0.21656885743141174,-0.007939284667372704,0.5589205622673035,0.20486938953399658,-0.008014005608856678,0.5573797225952148,0.1601538062095642,0.0021915610413998365,0.5593082308769226,0.3149052858352661,-0.020148225128650665,0.5596618056297302,0.31867077946662903,-0.0186463613063097,0.5600111484527588,0.3213680386543274,-0.016016734763979912,0.5614854693412781,0.3646603226661682,-0.009892373345792294,0.5617029070854187,0.36969244480133057,-0.010492675937712193,0.5620481967926025,0.37522804737091064,-0.01126395259052515,0.5625003576278687,0.37982553243637085,-0.009101529605686665,0.5629492998123169,0.3670300245285034,-0.0027861357666552067,0.5615021586418152,0.28530845046043396,-0.029790928587317467,0.5564060807228088,0.2860680818557739,-0.022332994267344475,0.49150460958480835,0.21050381660461426,0.03723013401031494,0.5342698097229004,0.2447003424167633,0.0023626908659934998,0.5282239317893982,0.24628567695617676,0.002405135426670313,0.5224099159240723,0.24645312130451202,0.0036753786262124777,0.5147127509117126,0.2427244782447815,0.008410176262259483,0.5394050478935242,0.24167443811893463,0.0031869022641330957,0.5242307782173157,0.22054341435432434,0.0009439242421649396,0.5313571095466614,0.220552459359169,0.001455071847885847,0.5178773403167725,0.22314636409282684,0.002450379775837064,0.5139209032058716,0.22731387615203857,0.004659919999539852,0.5100017786026001,0.2488309144973755,0.010580905713140965,0.5415248870849609,0.3740040063858032,0.00047378905583173037,0.5147724151611328,0.23702111840248108,0.009950206615030766,0.4910117983818054,0.24884173274040222,0.036021437495946884,0.5027714967727661,0.24426773190498352,0.01667269505560398,0.5325791239738464,0.27993252873420715,-0.00575167266651988,0.551397442817688,0.31091612577438354,-0.01948830857872963,0.5532914400100708,0.31964585185050964,-0.017978794872760773,0.5446450710296631,0.3169097900390625,-0.01655232161283493,0.5410088896751404,0.32392147183418274,-0.012143498286604881,0.5481314063072205,0.32261767983436584,-0.01571359485387802,0.544672429561615,0.3268047869205475,-0.011508102528750896,0.5369889736175537,0.3431483507156372,-0.001822260906919837,0.5569651126861572,0.28050750494003296,-0.03195996209979057,0.556172251701355,0.27226459980010986,-0.033119019120931625,0.5052818059921265,0.22323419153690338,0.00687902607023716,0.5432825088500977,0.2573241591453552,-0.004907521884888411,0.5438569784164429,0.2809809744358063,-0.018376339226961136,0.5431936383247375,0.2769205868244171,-0.01634730026125908,0.5150079727172852,0.2817442715167999,0.00012602016795426607,0.5561237335205078,0.26238319277763367,-0.028961289674043655,0.5195299983024597,0.2114109992980957,-0.0021816270891577005,0.5109750032424927,0.215971440076828,0.0017805405659601092,0.4978645145893097,0.19296002388000488,0.027486909180879593,0.5469040274620056,0.21535497903823853,-0.006494990549981594,0.5376712679862976,0.22353534400463104,0.003302154829725623,0.5335883498191833,0.3319928050041199,-0.0013084408128634095,0.5033748149871826,0.3341543972492218,0.0435589961707592,0.5482980012893677,0.2854221761226654,-0.01621706783771515,0.5528402924537659,0.28774014115333557,-0.0170814860612154,0.5385302305221558,0.34032005071640015,-0.0022769153583794832,0.5403175354003906,0.34036460518836975,-0.0037191531155258417,0.5074144601821899,0.21156063675880432,0.005252452567219734,0.5437183380126953,0.28533220291137695,-0.015489328652620316,0.5313672423362732,0.21057796478271484,-0.0049559990875422955,0.5298701524734497,0.20399147272109985,-0.005504456348717213,0.5230705738067627,0.16780081391334534,0.007811964955180883,0.5035035610198975,0.20086953043937683,0.015086268074810505,0.5278196930885315,0.1843300759792328,0.0008723162463866174,0.5015354156494141,0.22044876217842102,0.012302486225962639,0.4969860017299652,0.2149643898010254,0.02429557591676712,0.5520648956298828,0.31558582186698914,-0.01942831091582775,0.5461756587028503,0.31984347105026245,-0.016442324966192245,0.5426469445228577,0.3253990411758423,-0.012363161891698837,0.5496619343757629,0.287048876285553,-0.015177540481090546,0.5394117832183838,0.3404618799686432,-0.003081932198256254,0.5400334596633911,0.34842079877853394,-0.005057439208030701,0.5411008596420288,0.3402225971221924,-0.0037899815943092108,0.5507535338401794,0.28157979249954224,-0.023894840851426125,0.5462591052055359,0.32741183042526245,-0.01063164509832859,0.5497510433197021,0.32390376925468445,-0.013533392921090126,0.5544960498809814,0.3219631016254425,-0.015566444024443626,0.5542788505554199,0.36616072058677673,-0.0031939574982970953,0.5525156259536743,0.3778279721736908,-0.00929646659642458,0.5527670383453369,0.3736094832420349,-0.01083279773592949,0.5534781813621521,0.3678381145000458,-0.009983950294554234,0.5543516874313354,0.3629814684391022,-0.009470091201364994,0.5457391142845154,0.35295113921165466,-0.006193654146045446,0.5440544486045837,0.35481250286102295,-0.006742483004927635,0.5419856309890747,0.3567928969860077,-0.007370463572442532,0.5404466986656189,0.3583601415157318,-0.0065131108276546,0.5387037396430969,0.3119548261165619,-0.009960103780031204,0.4925890862941742,0.2903589606285095,0.05525648966431618,0.5614193677902222,0.28775447607040405,-0.022655148059129715,0.543335497379303,0.3472917079925537,-0.004456216003745794,0.541654646396637,0.3479606807231903,-0.004935086704790592,0.5543795228004456,0.29100432991981506,-0.017261730507016182,0.5457083582878113,0.29065248370170593,-0.01131322793662548,0.553670346736908,0.2894100546836853,-0.017381012439727783,0.5371254682540894,0.2630004286766052,-0.0037125293165445328,0.527916669845581,0.26966947317123413,-0.0029181011486798525,0.5422938466072083,0.28137826919555664,-0.013379506766796112,0.5079331398010254,0.1782917082309723,0.016872791573405266,0.5132871866226196,0.19022691249847412,0.007493628654628992,0.5171270966529846,0.20539569854736328,-0.00032637082040309906,0.5407586693763733,0.3517940044403076,-0.0030722992960363626,0.5442432165145874,0.20423750579357147,-0.007784409448504448,0.5421634912490845,0.18226654827594757,-0.002654664684087038,0.5389227271080017,0.16228237748146057,0.0027984806802123785,0.5175615549087524,0.24549448490142822,0.006017487496137619,0.5038343071937561,0.25565868616104126,0.013148763217031956,0.5427804589271545,0.23884764313697815,0.004183659330010414,0.5082924365997314,0.23278437554836273,0.00954589806497097,0.5473840236663818,0.25111961364746094,-0.006473308429121971,0.5471542477607727,0.276806503534317,-0.02355092391371727,0.4980761408805847,0.2634222209453583,0.01855297200381756,0.508373498916626,0.26090797781944275,0.007573830895125866,0.5164522528648376,0.26288601756095886,0.002477294532582164,0.5279724597930908,0.26016220450401306,0.00033508220803923905,0.5363299250602722,0.2555995285511017,-0.0002542239672038704,0.5425942540168762,0.25055447220802307,-0.0012793593341484666,0.5547402501106262,0.23846334218978882,-0.011173522099852562,0.5004703402519226,0.2815961241722107,0.015445581637322903,0.5035310387611389,0.23282161355018616,0.01220229547470808,0.5587653517723083,0.2852918803691864,-0.02958829700946808,0.544075608253479,0.2649933397769928,-0.008020071312785149,0.48806822299957275,0.25036317110061646,0.054772622883319855,0.5471733212471008,0.2450910359621048,-0.0016021825140342116,0.5416895151138306,0.282510370016098,-0.007387571036815643,0.5122056603431702,0.23803472518920898,0.010895016603171825,0.5467250943183899,0.2718539237976074,-0.02100275456905365,0.49662718176841736,0.3115156292915344,0.050877053290605545,0.5428077578544617,0.2357589304447174,0.005970110651105642,0.551367998123169,0.2661897540092468,-0.026011968031525612,0.5181645750999451,0.3529002070426941,0.016906388103961945,0.5177001357078552,0.3649143874645233,0.0246251430362463,0.49394750595092773,0.2863833010196686,0.03551295027136803,0.5110090374946594,0.3410821557044983,0.022718632593750954,0.493518590927124,0.23063968122005463,0.03195835277438164,0.5401206016540527,0.38377243280410767,0.0027236167807132006,0.5593183636665344,0.2875891327857971,-0.022346625104546547,0.5390483140945435,0.2720737159252167,-0.006474930793046951,0.49778297543525696,0.2466551512479782,0.022246796637773514,0.5226984024047852,0.2413749247789383,0.004603453911840916,0.5278092622756958,0.2414490282535553,0.0033163113985210657,0.5386377573013306,0.34865108132362366,-0.004485090728849173,0.5032055377960205,0.2997375726699829,0.015896273776888847,0.5500084161758423,0.3978952169418335,0.003952197264879942,0.5324004888534546,0.38511693477630615,0.012880894355475903,0.525488018989563,0.37663230299949646,0.017939027398824692,0.5581867098808289,0.1815299242734909,-0.003344837808981538,0.5627294778823853,0.3990129232406616,0.003104542847722769,0.5329505801200867,0.2401992678642273,0.0033052179496735334,0.5377843379974365,0.23817697167396545,0.004307917319238186,0.5410866141319275,0.23689864575862885,0.0057050203904509544,0.49917101860046387,0.23203244805335999,0.018122488632798195,0.5368563532829285,0.22985327243804932,0.003963006194680929,0.531498908996582,0.2278001755475998,0.002706982661038637,0.5261913537979126,0.2278701663017273,0.002797138411551714,0.520972490310669,0.2300279438495636,0.003983917646110058,0.5178279876708984,0.23289352655410767,0.005763825494796038,0.48842740058898926,0.2285243421792984,0.04748858883976936,0.5192751884460449,0.24037450551986694,0.006354133598506451,0.5617151856422424,0.2976515591144562,-0.01745549961924553,0.5434290766716003,0.3047669231891632,-0.012679023668169975,0.5481863617897034,0.2836710810661316,-0.018192734569311142,0.5538109540939331,0.2991713285446167,-0.017037121579051018,0.5596152544021606,0.2264080047607422,-0.008170386776328087,0.5250227451324463,0.36480408906936646,0.012513037770986557,0.5321590304374695,0.3741680979728699,0.007938766852021217,0.5504573583602905,0.39041265845298767,-0.0016802968457341194,0.5109291076660156,0.3521958589553833,0.03366667032241821,0.5408658981323242,0.23327314853668213,0.0051444643177092075,0.551530122756958,0.25186002254486084,-0.014095328748226166,0.5630196332931519,0.39181727170944214,-0.002329184440895915,0.5402997732162476,0.39266520738601685,0.007443082053214312,0.49769073724746704,0.30623745918273926,0.03325347602367401,0.5492916703224182,0.3587687313556671,-0.008047223091125488,0.5476917624473572,0.3622257709503174,-0.008487721905112267,0.5460011959075928,0.3661852478981018,-0.009099964052438736,0.5449631214141846,0.36987197399139404,-0.00808433536440134,0.5462334752082825,0.3602355718612671,-0.004026738461107016,0.5419839024543762,0.33264869451522827,-0.00759084289893508,0.5402703881263733,0.33210301399230957,-0.007512873504310846,0.5388321280479431,0.3311517536640167,-0.007377295754849911,0.5354164838790894,0.32110533118247986,-0.005782622378319502,0.51218181848526,0.3024964928627014,0.00489327497780323,0.5511654615402222,0.24409568309783936,-0.008428715169429779,0.5470691919326782,0.22846244275569916,0.002405396429821849,0.5432721376419067,0.22989308834075928,0.004383841995149851,0.543420135974884,0.33247870206832886,-0.00706493342295289,0.5131809115409851,0.326141357421875,0.012975266203284264,0.5523475408554077,0.2273532748222351,-0.004673306830227375,0.5438126921653748,0.3658299744129181,-0.0011126515455543995,0.5607230067253113,0.2524197995662689,-0.024352118372917175,0.5554215908050537,0.2467024028301239,-0.01730472967028618,0.56038898229599,0.24438032507896423,-0.018315715715289116,0.5478764772415161,0.26535719633102417,-0.015246327966451645,0.5629372596740723,0.38252347707748413,-0.003937055356800556,0.5628885626792908,0.3735356032848358,-0.0029648682102560997,0.5530018210411072,0.37238621711730957,-0.0024953403044492006,0.5316727161407471,0.34594476222991943,0.0016801070887595415,0.5374560952186584,0.2907429039478302,-0.006314704194664955,0.536817729473114,0.3568715453147888,0.000440253468696028,0.524620532989502,0.2920704483985901,-0.004126009996980429,0.5330855846405029,0.3012745976448059,-0.0058750128373503685,0.5212646126747131,0.30797895789146423,-0.00022894557332620025,0.5514309406280518,0.38115715980529785,-0.0031963225919753313,0.5444827675819397,0.27093419432640076,-0.011734385043382645,0.5269137620925903,0.3536252975463867,0.006589383818209171,0.5339040160179138,0.3642275631427765,0.004286534618586302,0.5278795957565308,0.33319780230522156,0.0013803732581436634,0.5062718391418457,0.3155825436115265,0.017357593402266502,0.5206593871116638,0.33583223819732666,0.006554488558322191,0.5031036734580994,0.32459738850593567,0.02979249134659767,0.5298315286636353,0.3145275413990021,-0.003586828475818038,0.5479538440704346,0.25829851627349854,-0.010795612819492817,0.5490249395370483,0.2801820933818817,-0.024903587996959686,0.5457247495651245,0.2833958566188812,-0.019122548401355743,0.5514494776725769,0.2739841639995575,-0.02873380109667778,0.5419806838035583,0.22151121497154236,0.0010783291654661298,0.531466007232666,0.21713024377822876,-0.000167398015037179,0.5224224925041199,0.2172953486442566,-0.0002082773862639442,0.51517254114151,0.22039614617824554,0.0017294520512223244,0.5102998614311218,0.22552768886089325,0.005132478661835194,0.508162796497345,0.24100123345851898,0.012863310053944588,0.49158936738967896,0.26742634177207947,0.03596040606498718,0.5135008692741394,0.2519306540489197,0.007605446968227625,0.5198155045509338,0.25355643033981323,0.004257779568433762,0.5278464555740356,0.2526801526546478,0.002165702171623707,0.53541100025177,0.24974311888217926,0.0017383102094754577,0.5413179993629456,0.24591010808944702,0.0017743627540767193,0.5453612208366394,0.24232912063598633,0.0017883485415950418,0.48995131254196167,0.2704737186431885,0.0570477619767189,0.5459336042404175,0.28608235716819763,-0.016418522223830223,0.5518196821212769,0.25888171792030334,-0.019254591315984726,0.5530455112457275,0.2798590064048767,-0.029270866885781288,0.5560289025306702,0.28434306383132935,-0.02727496065199375,0.5530455112457275,0.28163889050483704,-0.026599988341331482,0.5474662780761719,0.28883373737335205,-0.014485182240605354,0.557074248790741,0.2849336862564087,-0.028822503983974457,0.5576156377792358,0.28727006912231445,-0.02232840284705162,0.5449513792991638,0.23565009236335754,0.00507886940613389,0.5483465790748596,0.2370404303073883,0.0015782993286848068,0.5503588914871216,0.23788489401340485,-0.0026801161002367735,0.5161315202713013,0.23505982756614685,0.0075509147718548775,0.5116255879402161,0.2322601079940796,0.007870566099882126,0.5653091669082642,0.25356176495552063,-0.022230880334973335,0.598263680934906,0.2335033416748047,0.011576059274375439,0.5662862062454224,0.2854430675506592,-0.021953342482447624,0.621963381767273,0.2019277811050415,0.04325934126973152,0.5824530720710754,0.24152053892612457,0.004668841604143381,0.5883642435073853,0.24200642108917236,0.005170125979930162,0.5939590334892273,0.24137935042381287,0.006873913574963808,0.6010240316390991,0.23675954341888428,0.012176075018942356,0.5772988796234131,0.23953457176685333,0.004973831120878458,0.5900158286094666,0.21667566895484924,0.0038505052216351032,0.5833655595779419,0.21742455661296844,0.003757174825295806,0.5960540771484375,0.21844635903835297,0.005834764335304499,0.5999467968940735,0.22203119099140167,0.008277500979602337,0.6065460443496704,0.24221086502075195,0.014596650376915932,0.5832914113998413,0.37006857991218567,0.002008869079872966,0.6002413630485535,0.231252521276474,0.013672882691025734,0.625515341758728,0.24007567763328552,0.04145585000514984,0.6133009195327759,0.2372177243232727,0.021164119243621826,0.588720977306366,0.2759823799133301,-0.0035321947652846575,0.566933810710907,0.3096723258495331,-0.018955083563923836,0.5663188695907593,0.3186001479625702,-0.017518728971481323,0.5746929049491882,0.31474241614341736,-0.015426156111061573,0.5791342854499817,0.32129883766174316,-0.010545131750404835,0.5719062685966492,0.3208637833595276,-0.014799225144088268,0.5758727788925171,0.3247603178024292,-0.010200879536569118,0.587378740310669,0.3387548625469208,0.00022356354747898877,0.5659723281860352,0.27990400791168213,-0.03163333237171173,0.5665656924247742,0.2715238332748413,-0.03273224085569382,0.6078625321388245,0.2169552892446518,0.011088190600275993,0.5767987966537476,0.25490933656692505,-0.0033893282525241375,0.5783945918083191,0.2785326838493347,-0.01697835884988308,0.5786755084991455,0.27436307072639465,-0.014908039942383766,0.6057870388031006,0.275416761636734,0.0038077414501458406,0.5659217834472656,0.26166269183158875,-0.02847469598054886,0.5935109257698059,0.20786967873573303,0.0007799729355610907,0.601773202419281,0.21088075637817383,0.0054346672259271145,0.6155030727386475,0.1852128952741623,0.03295021504163742,0.5687953233718872,0.21519644558429718,-0.005521940998733044,0.5776475071907043,0.22111135721206665,0.0051481276750564575,0.5904169082641602,0.3272134065628052,0.0011473377235233784,0.61740642786026,0.32564738392829895,0.049313925206661224,0.5741252303123474,0.2835901975631714,-0.015157561749219894,0.5697323083877563,0.2866036295890808,-0.016555527225136757,0.5832753777503967,0.3376815915107727,-7.210017793113366e-05,0.5814957618713379,0.3379361033439636,-0.0017897182842716575,0.6048671007156372,0.20570769906044006,0.009150438010692596,0.5785240530967712,0.2828481197357178,-0.01412335503846407,0.5825923085212708,0.2086138129234314,-0.002965376013889909,0.5834757089614868,0.20168419182300568,-0.00342857139185071,0.5910829901695251,0.1633896827697754,0.010998045094311237,0.611099362373352,0.19397471845149994,0.019398778676986694,0.5876206755638123,0.18057522177696228,0.0032628453336656094,0.6114229559898376,0.21338480710983276,0.01680849678814411,0.617796778678894,0.20724669098854065,0.02913075126707554,0.5668253302574158,0.3143027126789093,-0.018916811794042587,0.5733826756477356,0.3179083466529846,-0.015431681647896767,0.5776602029800415,0.32297515869140625,-0.010946960188448429,0.5727510452270508,0.2854062616825104,-0.014349794015288353,0.5823817253112793,0.3379358947277069,-0.0010527258273214102,0.5821272730827332,0.3453405499458313,-0.003317572409287095,0.5806643962860107,0.33784881234169006,-0.0019055090378969908,0.5716875195503235,0.28020191192626953,-0.02292502298951149,0.5745487213134766,0.3255975842475891,-0.009342346340417862,0.5707039833068848,0.32242757081985474,-0.012611671350896358,0.565767765045166,0.32113468647003174,-0.015065528452396393,0.5714368224143982,0.36478281021118164,-0.0027068941853940487,0.5724778771400452,0.37610986828804016,-0.008761567063629627,0.5712746381759644,0.3719180226325989,-0.010241257026791573,0.5699167847633362,0.36630457639694214,-0.009424319490790367,0.5686760544776917,0.3615735173225403,-0.008940743282437325,0.5767653584480286,0.35022348165512085,-0.004877204075455666,0.5785712003707886,0.35171952843666077,-0.005380544811487198,0.5808461904525757,0.35335275530815125,-0.005991107784211636,0.5827447772026062,0.35475778579711914,-0.00501428684219718,0.5848102569580078,0.30832812190055847,-0.008059966377913952,0.6252779960632324,0.28141120076179504,0.06168404966592789,0.5787791609764099,0.34466320276260376,-0.002799638779833913,0.5804734826087952,0.34506237506866455,-0.003252363530918956,0.5684854388237,0.29008015990257263,-0.016758810728788376,0.5766708254814148,0.2883995473384857,-0.010254118591547012,0.5690584182739258,0.2884278893470764,-0.016879480332136154,0.5829808712005615,0.2597678601741791,-0.0017237826250493526,0.592481791973114,0.2652139961719513,-0.00030048107146285474,0.5796529054641724,0.27868548035621643,-0.011883375234901905,0.6057271361351013,0.1718980222940445,0.021392153576016426,0.6015502214431763,0.18466785550117493,0.010954474098980427,0.5953546762466431,0.20118744671344757,0.0027380443643778563,0.5839759707450867,0.3480011820793152,-0.001332965330220759,0.5703432559967041,0.2037469744682312,-0.006743232253938913,0.573830783367157,0.18028566241264343,-0.0013893204741179943,0.5756282210350037,0.1599218249320984,0.0044183069840073586,0.5984988808631897,0.2398664802312851,0.00958577636629343,0.613756537437439,0.2485104501247406,0.01757890358567238,0.5738824009895325,0.2374841868877411,0.005818821955472231,0.6060852408409119,0.22655604779720306,0.013610818423330784,0.5726625919342041,0.24927744269371033,-0.005259488709270954,0.5750590562820435,0.27488070726394653,-0.022399237379431725,0.6205620169639587,0.2551751732826233,0.023558536544442177,0.6095994114875793,0.2538137435913086,0.011747827753424644,0.6020556688308716,0.2567286491394043,0.005996931344270706,0.5907808542251587,0.2557584047317505,0.003018711693584919,0.5824044942855835,0.25247928500175476,0.0018121995963156223,0.576109766960144,0.24857443571090698,0.0003031637752428651,0.5652568340301514,0.23770898580551147,-0.010647211223840714,0.6195389628410339,0.2734315097332001,0.0203890111297369,0.6109977960586548,0.22602888941764832,0.01666160300374031,0.5641963481903076,0.2849227786064148,-0.02930857054889202,0.5766488313674927,0.26263684034347534,-0.0065628099255263805,0.627197265625,0.24115999042987823,0.061336617916822433,0.5713549852371216,0.24399085342884064,-0.0003845640749204904,0.580010712146759,0.2797423303127289,-0.0059430645778775215,0.6028594374656677,0.23194673657417297,0.014784019440412521,0.5750660300254822,0.2698100805282593,-0.019827555865049362,0.6227366924285889,0.3026723265647888,0.05703796446323395,0.5735277533531189,0.2345670461654663,0.007664266973733902,0.5705177783966064,0.2648092210292816,-0.02513096295297146,0.6050170660018921,0.3455989956855774,0.02039669267833233,0.6050742268562317,0.35719799995422363,0.02881743013858795,0.6252475380897522,0.27755650877952576,0.04086030274629593,0.6115750074386597,0.3332984745502472,0.026880517601966858,0.6219329237937927,0.22240209579467773,0.037103716284036636,0.5846866965293884,0.37935468554496765,0.00437259953469038,0.5635169744491577,0.2873406410217285,-0.022172601893544197,0.5817613005638123,0.26904261112213135,-0.004726288374513388,0.6190195679664612,0.23953621089458466,0.02713417448103428,0.5928828716278076,0.236421599984169,0.007754377089440823,0.5880259275436401,0.237206369638443,0.006096199154853821,0.5836531519889832,0.3453735113143921,-0.0025955508463084698,0.6178296804428101,0.29176250100135803,0.020606335252523422,0.5750569701194763,0.3954095244407654,0.004969365894794464,0.591404914855957,0.3789970576763153,0.015465953387320042,0.5979374051094055,0.36958062648773193,0.021235616877675056,0.583073079586029,0.23684807121753693,0.005684529431164265,0.5782354474067688,0.23582333326339722,0.006356365513056517,0.5750969648361206,0.23531657457351685,0.00751304067671299,0.6153779029846191,0.22452880442142487,0.02289522811770439,0.5788496136665344,0.2272995263338089,0.006077449303120375,0.5838477611541748,0.2242605984210968,0.005177970044314861,0.5889063477516174,0.22366468608379364,0.00565265491604805,0.5938708186149597,0.22514428198337555,0.00722109479829669,0.5969936847686768,0.22758540511131287,0.009228820912539959,0.625639021396637,0.2194674015045166,0.053843241184949875,0.5960688591003418,0.23502784967422485,0.009755301289260387,0.5799007415771484,0.30196985602378845,-0.011196158826351166,0.5742167234420776,0.2818966805934906,-0.01719716750085354,0.5697567462921143,0.29801294207572937,-0.01645106077194214,0.5985966920852661,0.3581698536872864,0.015332103706896305,0.5918823480606079,0.36836424469947815,0.010145186446607113,0.5751810669898987,0.3880551755428314,-0.0008465557475574315,0.6110712289810181,0.3439798653125763,0.038693200796842575,0.575211763381958,0.23166292905807495,0.007032088935375214,0.5691481232643127,0.25061577558517456,-0.013246984221041203,0.5840998291969299,0.3880266547203064,0.009346156381070614,0.6227579712867737,0.2976040542125702,0.03834812343120575,0.5735295414924622,0.35633671283721924,-0.007071306463330984,0.5754386186599731,0.3594669997692108,-0.007460287306457758,0.5775744318962097,0.36319392919540405,-0.008032388053834438,0.5793598294258118,0.36664730310440063,-0.006998061668127775,0.578991174697876,0.3573632836341858,-0.002743110992014408,0.5790082812309265,0.3303391635417938,-0.00590801564976573,0.580622136592865,0.32951176166534424,-0.0056609464809298515,0.5820084810256958,0.3284571170806885,-0.005382842849940062,0.5883473753929138,0.3167959749698639,-0.0034455209970474243,0.609566330909729,0.2955574691295624,0.008849089033901691,0.5687868595123291,0.24285997450351715,-0.007560460828244686,0.5695512890815735,0.2276589274406433,0.0035258939024060965,0.5728484392166138,0.22852301597595215,0.005991452839225531,0.5777008533477783,0.3304159939289093,-0.005416066385805607,0.6092625856399536,0.31885069608688354,0.01692662574350834,0.5650119185447693,0.22739878296852112,-0.004007689189165831,0.5811069011688232,0.36238616704940796,0.00025848072255030274,0.5653151273727417,0.2459854930639267,-0.016860414296388626,0.5733506679534912,0.2635617256164551,-0.014174812473356724,0.5725290775299072,0.37063685059547424,-0.0018863973673433065,0.5922753214836121,0.34078875184059143,0.004001435823738575,0.5845195651054382,0.2872926890850067,-0.004490330815315247,0.5874983668327332,0.352300763130188,0.0022961159702390432,0.5972146391868591,0.2869051992893219,-0.0013172473991289735,0.5895633101463318,0.29708927869796753,-0.0036098069977015257,0.6011369228363037,0.30210041999816895,0.0029483044054359198,0.5741249322891235,0.3791183829307556,-0.002418220043182373,0.576758086681366,0.2685774564743042,-0.010403729975223541,0.5967697501182556,0.3475132882595062,0.009284221567213535,0.5902670621871948,0.3589654266834259,0.00632508797571063,0.5956929922103882,0.32774293422698975,0.004202817101031542,0.6154739856719971,0.30767783522605896,0.021845947951078415,0.6024717688560486,0.3292657732963562,0.00986826978623867,0.6184053421020508,0.3162684142589569,0.03460630029439926,0.5933535695075989,0.30966293811798096,-0.0009298644145019352,0.5726947784423828,0.25653693079948425,-0.009626796469092369,0.5734025835990906,0.2785587012767792,-0.023843051865696907,0.5766816735267639,0.28122422099113464,-0.01795237883925438,0.5709789991378784,0.2726435959339142,-0.027849754318594933,0.5735681056976318,0.22002245485782623,0.0025776191614568233,0.5829092264175415,0.21451321244239807,0.002030451549217105,0.5913187861442566,0.21357512474060059,0.0026310316752642393,0.598311722278595,0.2155860960483551,0.0051821996457874775,0.6032634377479553,0.21983087062835693,0.008982015773653984,0.6073774099349976,0.23462118208408356,0.016996096819639206,0.6262327432632446,0.25854629278182983,0.04150786250829697,0.603304922580719,0.24568283557891846,0.011383354663848877,0.5975112915039062,0.2480292171239853,0.007582083344459534,0.5897613167762756,0.2483154684305191,0.004880231339484453,0.5822525024414062,0.24658972024917603,0.003893987974151969,0.576363742351532,0.2439039945602417,0.0033966321498155594,0.572321891784668,0.2410658895969391,0.003111600410193205,0.6265589594841003,0.2614448666572571,0.06360398232936859,0.5764323472976685,0.2839038670063019,-0.015260147862136364,0.5694484710693359,0.2576316297054291,-0.018405934795737267,0.5696093440055847,0.27875015139579773,-0.02856740728020668,0.5667107105255127,0.2836773991584778,-0.026859046891331673,0.56952965259552,0.2806439995765686,-0.025894807651638985,0.5749485492706299,0.28681087493896484,-0.013525686226785183,0.5658227205276489,0.2843669354915619,-0.028491877019405365,0.5651309490203857,0.28677842020988464,-0.02205180935561657,0.5716552734375,0.23473379015922546,0.006509487517178059,0.5691277384757996,0.23632089793682098,0.0026225275360047817,0.5676971077919006,0.237405464053154,-0.001826602965593338,0.598786473274231,0.22953231632709503,0.01115501206368208,0.6026241779327393,0.2264307588338852,0.011668653227388859,0.5273631811141968,0.23349866271018982,0.005214746110141277,0.5339869856834412,0.23270556330680847,0.005214746110141277,0.5266810059547424,0.22558927536010742,0.005214746110141277,0.5206850171089172,0.23423726856708527,0.005214746110141277,0.5279961228370667,0.24135752022266388,0.005214746110141277,0.5884441137313843,0.2293381690979004,0.00797613151371479,0.594868540763855,0.22928690910339355,0.00797613151371479,0.5884518623352051,0.22133463621139526,0.00797613151371479,0.582054078578949,0.2292882800102234,0.00797613151371479,0.5884847640991211,0.23739084601402283,0.00797613151371479
1100.0000000000002,0.560617983341217,0.3126676380634308,-0.01992431841790676,0.5622307658195496,0.2817131578922272,-0.03208545967936516,0.5620330572128296,0.29157841205596924,-0.018365096300840378,0.5568619966506958,0.2553069293498993,-0.022712426260113716,0.5621492862701416,0.27290213108062744,-0.033413685858249664,0.5618543028831482,0.26219862699508667,-0.03032461553812027,0.5608516335487366,0.23664097487926483,-0.013044399209320545,0.5174013376235962,0.2395707070827484,0.007693212479352951,0.5601109266281128,0.2172074317932129,-0.008120881393551826,0.5597794055938721,0.20545411109924316,-0.008265318349003792,0.5582441091537476,0.16039064526557922,0.0016757262637838721,0.5607790946960449,0.3159382939338684,-0.019738588482141495,0.5610661506652832,0.3198058307170868,-0.01821696013212204,0.5612865090370178,0.3226403594017029,-0.015572712756693363,0.5622106194496155,0.3641950786113739,-0.009829537011682987,0.5624853372573853,0.36941635608673096,-0.010421011596918106,0.5628539323806763,0.37520384788513184,-0.01122310757637024,0.5632580518722534,0.38007158041000366,-0.009158767759799957,0.5633259415626526,0.36666515469551086,-0.002941646846011281,0.562188446521759,0.2866855263710022,-0.029524454846978188,0.5570521354675293,0.2873430550098419,-0.022101210430264473,0.49212178587913513,0.21030576527118683,0.0365871824324131,0.5347684025764465,0.24510610103607178,0.0021279894281178713,0.5288179516792297,0.24668875336647034,0.0021611859556287527,0.5230351686477661,0.246928870677948,0.003416030202060938,0.5151721239089966,0.24315245449543,0.008102315478026867,0.5398080348968506,0.24220240116119385,0.002978716976940632,0.524857759475708,0.22107519209384918,0.0006264791591092944,0.5319215059280396,0.2211703360080719,0.001146148075349629,0.5185070633888245,0.2235986739397049,0.0021202033385634422,0.5145042538642883,0.22772297263145447,0.004312779288738966,0.5105943083763123,0.2492714673280716,0.01029624231159687,0.5420652031898499,0.37395334243774414,0.0003749089955817908,0.5151572823524475,0.23744605481624603,0.009607610292732716,0.4915090799331665,0.24883350729942322,0.03557892516255379,0.5033895969390869,0.24462632834911346,0.01631549373269081,0.5332046747207642,0.28071391582489014,-0.0057884445413947105,0.5527143478393555,0.3115994334220886,-0.01916893757879734,0.5545476078987122,0.32055819034576416,-0.01759013719856739,0.5456609129905701,0.31750163435935974,-0.016283027827739716,0.5417459607124329,0.32441475987434387,-0.011963656172156334,0.5491300821304321,0.3234333097934723,-0.015388906933367252,0.5454031825065613,0.32757043838500977,-0.011270459741353989,0.5374739170074463,0.34343278408050537,-0.0018439550185576081,0.5576808452606201,0.2819182276725769,-0.03172978758811951,0.5569279193878174,0.27363157272338867,-0.03292964771389961,0.5061421990394592,0.22373798489570618,0.0064445543102920055,0.5440033078193665,0.25808656215667725,-0.004992915317416191,0.5445387959480286,0.2820945680141449,-0.018243126571178436,0.5438794493675232,0.2779596447944641,-0.01624676026403904,0.515585720539093,0.2823285460472107,4.0259088564198464e-05,0.5569047331809998,0.26362523436546326,-0.028844013810157776,0.5205217003822327,0.21203488111495972,-0.002562456065788865,0.511935830116272,0.216537743806839,0.0013731727376580238,0.4985697269439697,0.19283106923103333,0.026800790801644325,0.5477056503295898,0.21604618430137634,-0.006741187069565058,0.5381342172622681,0.22420717775821686,0.0030133090913295746,0.534029483795166,0.33249518275260925,-0.001305336831137538,0.503629207611084,0.33414316177368164,0.04359299689531326,0.5489542484283447,0.28657788038253784,-0.01606319658458233,0.5534692406654358,0.2889033257961273,-0.016865741461515427,0.5387241244316101,0.3408113121986389,-0.0022402810864150524,0.5404643416404724,0.3409135341644287,-0.0036709618289023638,0.5084297060966492,0.21210339665412903,0.004777807742357254,0.5443533658981323,0.2863881587982178,-0.015345364809036255,0.5323056578636169,0.21123385429382324,-0.005281349644064903,0.5308831930160522,0.2046090066432953,-0.005868370179086924,0.5239020586013794,0.1678788959980011,0.0071688927710056305,0.5042515397071838,0.20096206665039062,0.014481030404567719,0.5286750197410583,0.18461516499519348,0.00034895361750386655,0.5023733973503113,0.22087576985359192,0.011806098744273186,0.49764248728752136,0.21498677134513855,0.023690225556492805,0.5533865690231323,0.3163507580757141,-0.019071882590651512,0.5472047328948975,0.3205307126045227,-0.016142023727297783,0.5434107780456543,0.32602161169052124,-0.012149515561759472,0.5502984523773193,0.2881893813610077,-0.014998800121247768,0.5395832657814026,0.3409787714481354,-0.003035236382856965,0.5402635335922241,0.34887391328811646,-0.00506828585639596,0.5412212014198303,0.3407936096191406,-0.0037427893839776516,0.5514556765556335,0.28285467624664307,-0.023724481463432312,0.5469302535057068,0.3283424973487854,-0.010378614068031311,0.550690233707428,0.32489651441574097,-0.013192408718168736,0.5556402206420898,0.3230523467063904,-0.015165378339588642,0.5547786951065063,0.3658502697944641,-0.0033606821671128273,0.5531714558601379,0.37809157371520996,-0.00937124527990818,0.5534529089927673,0.3735913932323456,-0.010843578726053238,0.5541508197784424,0.36755651235580444,-0.009957603178918362,0.5549864768981934,0.36253586411476135,-0.00944254919886589,0.5460500121116638,0.35306137800216675,-0.006213465705513954,0.5443775057792664,0.3550208806991577,-0.006775160785764456,0.5423203110694885,0.35710662603378296,-0.0074243852868676186,0.5407951474189758,0.3587932586669922,-0.006580712739378214,0.5392211675643921,0.31281834840774536,-0.009837030433118343,0.49289968609809875,0.2902638018131256,0.055045947432518005,0.5620773434638977,0.28906023502349854,-0.022387616336345673,0.5435268878936768,0.34768593311309814,-0.004467629361897707,0.5418592095375061,0.34837865829467773,-0.004949923604726791,0.5550026297569275,0.2921656668186188,-0.01704554632306099,0.5463101267814636,0.29168203473091125,-0.01116059347987175,0.5542963743209839,0.29057133197784424,-0.017158566042780876,0.5378273725509644,0.2637333571910858,-0.003793481271713972,0.5285845994949341,0.27035558223724365,-0.0029992994386702776,0.5429420471191406,0.28237107396125793,-0.013276041485369205,0.5087096691131592,0.1782499998807907,0.0161959920078516,0.5140994191169739,0.19039398431777954,0.00691716093569994,0.5181763768196106,0.20599672198295593,-0.0007725658360868692,0.5413094162940979,0.3518507182598114,-0.0031503334175795317,0.545156717300415,0.20486432313919067,-0.008090137504041195,0.5430392622947693,0.18263599276542664,-0.003123984672129154,0.5397812724113464,0.16244742274284363,0.0022174296900629997,0.5181024670600891,0.2459706813097,0.005734896752983332,0.5044901371002197,0.2561042904853821,0.012865828350186348,0.5431275963783264,0.2394844889640808,0.00397502863779664,0.5089157819747925,0.23319096863269806,0.0091525474563241,0.5481261014938354,0.2519058287143707,-0.006559980101883411,0.5478801131248474,0.27801746129989624,-0.02341003343462944,0.49863117933273315,0.26368576288223267,0.0182766355574131,0.5090634226799011,0.26142796874046326,0.007344663143157959,0.5171999931335449,0.2634735703468323,0.0022899091709405184,0.5286943912506104,0.26074129343032837,0.00019215176871512085,0.5369693636894226,0.2561870813369751,-0.0003903264587279409,0.5431599020957947,0.251220703125,-0.0014090145705267787,0.5555488467216492,0.23930856585502625,-0.011269547045230865,0.5009816288948059,0.2819446623325348,0.015272623859345913,0.5042276978492737,0.23320870101451874,0.01177476067095995,0.5594431161880493,0.28665435314178467,-0.029334913939237595,0.5447837710380554,0.2658499777317047,-0.00804053619503975,0.48851048946380615,0.2501186728477478,0.054318420588970184,0.5477321743965149,0.24582673609256744,-0.0017322537023574114,0.5423141121864319,0.2834377586841583,-0.007321997079998255,0.512624979019165,0.2384098619222641,0.010546105913817883,0.5474536418914795,0.27297255396842957,-0.020901059731841087,0.4969083368778229,0.3115147352218628,0.05078420042991638,0.54306960105896,0.23644140362739563,0.005729766096919775,0.5521296858787537,0.26737093925476074,-0.025905530899763107,0.5185827612876892,0.352984756231308,0.01685827411711216,0.5181577205657959,0.3648183345794678,0.024696826934814453,0.49437010288238525,0.2865293323993683,0.03529364988207817,0.5113434791564941,0.3411957025527954,0.022693883627653122,0.49409204721450806,0.2306259572505951,0.031416021287441254,0.5406647324562073,0.3835911750793457,0.0026776602026075125,0.5599718689918518,0.2888827323913574,-0.02208750508725643,0.5397135615348816,0.27289479970932007,-0.00648770947009325,0.4984314441680908,0.24693891406059265,0.021857043728232384,0.5232800841331482,0.24181388318538666,0.00432087667286396,0.5283879637718201,0.2418159544467926,0.0030547231435775757,0.5388808846473694,0.3491173982620239,-0.0044873724691569805,0.5036460757255554,0.3001009523868561,0.015811502933502197,0.550545334815979,0.39753323793411255,0.004011887591332197,0.5330370664596558,0.38489437103271484,0.012911193072795868,0.5260705351829529,0.37648117542266846,0.01798153854906559,0.55906742811203,0.18193918466567993,-0.003747280454263091,0.5631363987922668,0.3986700773239136,0.003200552659109235,0.5334399938583374,0.24056607484817505,0.003059857292100787,0.5381597280502319,0.2386482208967209,0.004073010757565498,0.5413907170295715,0.2374882698059082,0.005466684233397245,0.4998520016670227,0.23234057426452637,0.017656270414590836,0.5372260212898254,0.2305789440870285,0.003685062751173973,0.5319415330886841,0.22847691178321838,0.002427721628919244,0.5266919136047363,0.22847016155719757,0.0024984295014292,0.5214690566062927,0.23052878677845,0.0036673680879175663,0.5182914137840271,0.2333400994539261,0.005433982703834772,0.48896312713623047,0.22828783094882965,0.04692678898572922,0.5198025703430176,0.2408442497253418,0.006054499186575413,0.5622736215591431,0.29888686537742615,-0.017189141362905502,0.543993353843689,0.3057602345943451,-0.012515653856098652,0.5488669872283936,0.2848629355430603,-0.01803710125386715,0.5544033646583557,0.3003450632095337,-0.016821065917611122,0.5604473352432251,0.22713309526443481,-0.008314236998558044,0.5255283117294312,0.36483675241470337,0.01245991699397564,0.5327203273773193,0.37408989667892456,0.007890810258686543,0.5509266257286072,0.3901744484901428,-0.001710151438601315,0.5112554430961609,0.3521304428577423,0.033765096217393875,0.5411632061004639,0.23400022089481354,0.004885761067271233,0.5523046255111694,0.25279444456100464,-0.014131376519799232,0.5633741021156311,0.3915286362171173,-0.0023252449464052916,0.5409196019172668,0.3923610746860504,0.007474082056432962,0.498064786195755,0.3064087927341461,0.03313400223851204,0.5497671961784363,0.358539342880249,-0.008040999993681908,0.5481728911399841,0.3621663451194763,-0.008502944372594357,0.5464935302734375,0.36633697152137756,-0.009155587293207645,0.5454631447792053,0.3702564537525177,-0.008175673894584179,0.5468011498451233,0.36007213592529297,-0.004152417182922363,0.5423786044120789,0.33334317803382874,-0.007447936572134495,0.5407029390335083,0.33270901441574097,-0.007391024846583605,0.5392690896987915,0.3316860795021057,-0.007270275615155697,0.53587406873703,0.32181358337402344,-0.005731828045099974,0.5126156210899353,0.302995502948761,0.00484476750716567,0.5519432425498962,0.24491342902183533,-0.008520747534930706,0.5475574731826782,0.22918173670768738,0.0021756046917289495,0.5436408519744873,0.23059584200382233,0.004131312947720289,0.5437744855880737,0.33330830931663513,-0.006916561629623175,0.5135518312454224,0.32645663619041443,0.012932991608977318,0.5530457496643066,0.22809243202209473,-0.004860857967287302,0.5443717241287231,0.3657833933830261,-0.0012491794768720865,0.5615195035934448,0.2535467743873596,-0.02428658865392208,0.5562224984169006,0.2476775348186493,-0.017341455444693565,0.561197817325592,0.24538026750087738,-0.01833328604698181,0.5486125946044922,0.2663578689098358,-0.015212136320769787,0.5633097290992737,0.38230788707733154,-0.0040155816823244095,0.5632672309875488,0.37327754497528076,-0.0030932126101106405,0.5534971356391907,0.37219977378845215,-0.002649804577231407,0.5321657657623291,0.3462596535682678,0.0016258941031992435,0.5380224585533142,0.29160723090171814,-0.006279009394347668,0.5373726487159729,0.3570058047771454,0.00033664266811683774,0.525148868560791,0.2927651107311249,-0.004188260063529015,0.5335885882377625,0.3020608723163605,-0.005865638609975576,0.5216705799102783,0.30858278274536133,-0.0002931499038822949,0.551906406879425,0.3810197412967682,-0.003299532923847437,0.5451796650886536,0.2718786597251892,-0.01169443130493164,0.5274122357368469,0.35381507873535156,0.006526209879666567,0.534458577632904,0.36427611112594604,0.00420142337679863,0.5283138155937195,0.3336724638938904,0.0013482538051903248,0.5066558718681335,0.3158988654613495,0.017314666882157326,0.5210781097412109,0.33615729212760925,0.006500005256384611,0.5034273862838745,0.32474756240844727,0.029747312888503075,0.5302507877349854,0.31521517038345337,-0.003588021732866764,0.5486944913864136,0.2591955065727234,-0.010823718272149563,0.5497418642044067,0.28145352005958557,-0.024743637070059776,0.5464048385620117,0.28455764055252075,-0.01896178163588047,0.5521938800811768,0.275287002325058,-0.02856587991118431,0.5425453782081604,0.22222809493541718,0.0007835019496269524,0.5321813821792603,0.2177814543247223,-0.0004985160194337368,0.523199200630188,0.21784530580043793,-0.0005563442828133702,0.5159469842910767,0.22086787223815918,0.0013621133984997869,0.5110017657279968,0.22596094012260437,0.004736615810543299,0.5087007284164429,0.24141506850719452,0.01251648273319006,0.49204161763191223,0.26750218868255615,0.03562727943062782,0.5141125321388245,0.25240951776504517,0.00734314788132906,0.5205013155937195,0.2540634870529175,0.004031230695545673,0.5285034775733948,0.25315168499946594,0.0019700340926647186,0.5359688401222229,0.2502266764640808,0.0015449783531948924,0.5417816042900085,0.24649883806705475,0.0016069100238382816,0.5458024144172668,0.24300919473171234,0.0016237993258982897,0.49031147360801697,0.27027904987335205,0.05670260637998581,0.5465783476829529,0.28719717264175415,-0.01625659130513668,0.5525920391082764,0.2599368095397949,-0.019222566857933998,0.5537580847740173,0.2812134325504303,-0.029073331505060196,0.556691586971283,0.2856638431549072,-0.027041567489504814,0.5537353754043579,0.2829560339450836,-0.026406044140458107,0.5480875968933105,0.2899206280708313,-0.014314361847937107,0.5577459931373596,0.28627604246139526,-0.028575411066412926,0.5582630634307861,0.2885516881942749,-0.022082794457674026,0.5452675223350525,0.23635295033454895,0.0048657748848199844,0.548794150352478,0.2377668023109436,0.0014041813556104898,0.5509487986564636,0.23864829540252686,-0.002812724793329835,0.5165509581565857,0.23549287021160126,0.0072174337692558765,0.512151300907135,0.23264560103416443,0.0075086867436766624,0.5660834312438965,0.25468873977661133,-0.022143332287669182,0.5985520482063293,0.23461398482322693,0.011559230275452137,0.566965639591217,0.2867352366447449,-0.021686891093850136,0.6223338842391968,0.20204906165599823,0.04304426908493042,0.5828332901000977,0.24245984852313995,0.004627162124961615,0.5886741876602173,0.24313318729400635,0.005158490967005491,0.5942218899726868,0.24247723817825317,0.006884630303829908,0.6012779474258423,0.23763161897659302,0.012187676504254341,0.5777704119682312,0.24015703797340393,0.004918726626783609,0.5904973149299622,0.21725037693977356,0.0038029546849429607,0.5839086771011353,0.21788953244686127,0.0036652444396167994,0.5964566469192505,0.21913152933120728,0.005809773690998554,0.6002922058105469,0.2227761447429657,0.00825224444270134,0.6067650318145752,0.24287623167037964,0.014649353921413422,0.5834971070289612,0.3702096939086914,0.0020630317740142345,0.6005460023880005,0.23219522833824158,0.013647346757352352,0.6258887648582458,0.24034473299980164,0.0414605475962162,0.6136218905448914,0.23749977350234985,0.021186847239732742,0.5892479419708252,0.27694350481033325,-0.003346475772559643,0.5683029890060425,0.3108066916465759,-0.018575454130768776,0.567611813545227,0.319911390542984,-0.017071235924959183,0.575798749923706,0.3159787058830261,-0.015035275369882584,0.5799466371536255,0.3226998448371887,-0.010196938179433346,0.5729449391365051,0.32227906584739685,-0.01436191238462925,0.576616108417511,0.3262556791305542,-0.009815678000450134,0.5875862836837769,0.33930349349975586,0.000416869850596413,0.5666795969009399,0.28133291006088257,-0.03137456625699997,0.5673055648803711,0.2729196548461914,-0.032510947436094284,0.6083208918571472,0.21740016341209412,0.011032174341380596,0.5774260759353638,0.25575801730155945,-0.0033318460918962955,0.578990638256073,0.2797602415084839,-0.016714319586753845,0.5792672038078308,0.2755247950553894,-0.014673766680061817,0.6062448620796204,0.27624785900115967,0.004056408070027828,0.5666845440864563,0.2629345655441284,-0.02831459604203701,0.5940383076667786,0.20850907266139984,0.0006741157849319279,0.6022547483444214,0.2114434689283371,0.005365095566958189,0.6159891486167908,0.18539538979530334,0.0326550267636776,0.5695938467979431,0.21587975323200226,-0.005668808240443468,0.5782396793365479,0.22152821719646454,0.005034889560192823,0.5907082557678223,0.32801365852355957,0.0014173892559483647,0.6177263259887695,0.32608935236930847,0.04971293359994888,0.5747353434562683,0.28483304381370544,-0.014903604984283447,0.5703660249710083,0.28783831000328064,-0.016288336366415024,0.5833966135978699,0.33927085995674133,0.00019417436851654202,0.5816215872764587,0.3394383490085602,-0.0015400744741782546,0.6054170727729797,0.2061094343662262,0.00903772097080946,0.5791091322898865,0.28403812646865845,-0.013850514777004719,0.5832155346870422,0.20930930972099304,-0.0030936235561966896,0.5841056108474731,0.2023923397064209,-0.003593410598114133,0.5918139815330505,0.16366425156593323,0.010578119195997715,0.6116442680358887,0.19424393773078918,0.01918412186205387,0.5883995294570923,0.18098509311676025,0.0029597734101116657,0.6119892597198486,0.2135852426290512,0.01671472005546093,0.6182390451431274,0.2074541449546814,0.028956053778529167,0.5681887865066528,0.3155069649219513,-0.01849936693906784,0.574482798576355,0.31925860047340393,-0.015014279633760452,0.578459620475769,0.3244437873363495,-0.010577702894806862,0.5733675360679626,0.286635160446167,-0.014092884957790375,0.5825048089027405,0.3394874036312103,-0.000791956961620599,0.5823054313659668,0.34663861989974976,-0.0031589169520884752,0.5807889699935913,0.33928459882736206,-0.001661204732954502,0.5723419189453125,0.2815196216106415,-0.022667136043310165,0.5752150416374207,0.3270763158798218,-0.00895214919000864,0.5716571807861328,0.3238869905471802,-0.012168063782155514,0.5669344067573547,0.3225315809249878,-0.0146024776622653,0.5716720223426819,0.3645433187484741,-0.0028179155196994543,0.5731105804443359,0.3765680193901062,-0.008784077130258083,0.571942150592804,0.37209635972976685,-0.010195676237344742,0.5705811381340027,0.366202175617218,-0.009345757775008678,0.5693069696426392,0.36127933859825134,-0.008861198090016842,0.5770487785339355,0.3507840633392334,-0.004764019511640072,0.5788637399673462,0.3524811565876007,-0.005287664011120796,0.5811401009559631,0.35430729389190674,-0.005915279965847731,0.5830342769622803,0.35585901141166687,-0.0049425577744841576,0.5852040648460388,0.30941343307495117,-0.007751277647912502,0.6255493760108948,0.2817144989967346,0.061869554221630096,0.5789487361907959,0.34564584493637085,-0.0026411095168441534,0.580657422542572,0.34621673822402954,-0.0031020864844322205,0.5690822601318359,0.2913142144680023,-0.016489731147885323,0.5772442817687988,0.2895699143409729,-0.009999256581068039,0.5696762800216675,0.28966134786605835,-0.016606930643320084,0.5835472941398621,0.26062697172164917,-0.0016196744982153177,0.5930038094520569,0.26607760787010193,-0.00013621333346236497,0.5802249312400818,0.2798188626766205,-0.011639700271189213,0.6063345670700073,0.17213237285614014,0.021034585312008858,0.6022041440010071,0.18499842286109924,0.010700241662561893,0.5959295630455017,0.20175078511238098,0.002586432732641697,0.5841501951217651,0.3482711911201477,-0.001245861523784697,0.5711508989334106,0.20452451705932617,-0.006949728820472956,0.5746769905090332,0.18072259426116943,-0.0017400204669684172,0.5764387845993042,0.16019606590270996,0.003954814746975899,0.5987377762794495,0.24088791012763977,0.009606912732124329,0.6138793230056763,0.24900980293750763,0.017671894282102585,0.5744314193725586,0.23791489005088806,0.005747959017753601,0.606428861618042,0.22712309658527374,0.013569563627243042,0.5733489990234375,0.25011882185935974,-0.005231610033661127,0.5757089257240295,0.27617430686950684,-0.02215338498353958,0.6209729909896851,0.2557166814804077,0.02370000258088112,0.6096580028533936,0.25461235642433167,0.011874271556735039,0.6021281480789185,0.25767549872398376,0.006118454039096832,0.5909683704376221,0.2566588819026947,0.0031128840055316687,0.5827239155769348,0.2532569169998169,0.0018581540789455175,0.576579749584198,0.2492687702178955,0.00031670668977312744,0.5660528540611267,0.23857584595680237,-0.010697179473936558,0.6199237108230591,0.2740871012210846,0.020633555948734283,0.611405611038208,0.22637593746185303,0.016623899340629578,0.5648865699768066,0.28629380464553833,-0.029033619910478592,0.5772486925125122,0.2635972499847412,-0.0064420755952596664,0.6274878978729248,0.24127548933029175,0.061319686472415924,0.5719277262687683,0.244688019156456,-0.00040314882062375546,0.5805624723434448,0.2808229327201843,-0.005737748928368092,0.6031833291053772,0.2326970249414444,0.014762597158551216,0.575711190700531,0.2710229158401489,-0.019616151228547096,0.6230200529098511,0.30308762192726135,0.05733324587345123,0.5741367340087891,0.23494651913642883,0.007567357737571001,0.5712336301803589,0.2660515308380127,-0.02494790032505989,0.6053056120872498,0.34608036279678345,0.020690221339464188,0.605323314666748,0.357597678899765,0.02920772321522236,0.6255708932876587,0.27802008390426636,0.04108608886599541,0.6119354367256165,0.3338180482387543,0.027242904528975487,0.6223330497741699,0.2226191610097885,0.03700888156890869,0.5848681926727295,0.37940311431884766,0.004493699874728918,0.5641833543777466,0.2886474132537842,-0.021899109706282616,0.5823166966438293,0.27000927925109863,-0.004567043390125036,0.6194289922714233,0.23951056599617004,0.027163580060005188,0.5931681394577026,0.2377626895904541,0.007735928986221552,0.5883345007896423,0.2385217547416687,0.006067673210054636,0.5838163495063782,0.34676945209503174,-0.0024140316527336836,0.6182088255882263,0.2924546003341675,0.02093392238020897,0.5753201842308044,0.3951968848705292,0.005124186631292105,0.5915446877479553,0.37916138768196106,0.015721436589956284,0.598097562789917,0.36988216638565063,0.021553773432970047,0.5834523439407349,0.2379344254732132,0.005635594017803669,0.5786988139152527,0.23654621839523315,0.006287234369665384,0.5756480693817139,0.23578821122646332,0.007428798824548721,0.6159094572067261,0.22456906735897064,0.02284427359700203,0.5793434977531433,0.22769682109355927,0.005988567601889372,0.5843064188957214,0.22481566667556763,0.0051222387701272964,0.5893182158470154,0.2244323492050171,0.005613376386463642,0.594217836856842,0.22605198621749878,0.007193313911557198,0.5972951054573059,0.22852376103401184,0.009200789965689182,0.625952959060669,0.21956506371498108,0.05371818691492081,0.5963449478149414,0.236275315284729,0.00974434893578291,0.580342710018158,0.30313876271247864,-0.01088932529091835,0.5748318433761597,0.283165842294693,-0.016949472948908806,0.5702603459358215,0.29925668239593506,-0.016171203926205635,0.5987880825996399,0.35855698585510254,0.015561479143798351,0.5920532941818237,0.368611216545105,0.010317418724298477,0.5754199624061584,0.3879249691963196,-0.0007820674800314009,0.6113817095756531,0.3444056212902069,0.039141666144132614,0.5757690668106079,0.23203550279140472,0.0069376202300190926,0.5698771476745605,0.2515967786312103,-0.013204561546444893,0.5842776894569397,0.3880067765712738,0.009548988193273544,0.6230832934379578,0.2981158196926117,0.03866316005587578,0.5740045309066772,0.35641399025917053,-0.006970414891839027,0.5759174227714539,0.35977697372436523,-0.007380825933068991,0.5780547857284546,0.36372193694114685,-0.007989679463207722,0.5798250436782837,0.3674114942550659,-0.0069887773133814335,0.5791587233543396,0.3573536276817322,-0.002750194864347577,0.5794221758842468,0.3318594694137573,-0.0055824280716478825,0.5810750722885132,0.3310653567314148,-0.005340130999684334,0.582490861415863,0.3299930691719055,-0.00506683811545372,0.5886983871459961,0.31777018308639526,-0.003150938544422388,0.6100037097930908,0.29635369777679443,0.009175707586109638,0.5695311427116394,0.2437152862548828,-0.007569464389234781,0.5702611207962036,0.22815391421318054,0.003407207317650318,0.5734773874282837,0.22892892360687256,0.005880042910575867,0.5780425071716309,0.33185163140296936,-0.005094975233078003,0.6096559762954712,0.31952086091041565,0.01726129837334156,0.5657523274421692,0.2280522733926773,-0.004129198845475912,0.5813007950782776,0.3625181317329407,0.00025413717958144844,0.5660990476608276,0.24698467552661896,-0.01685499958693981,0.5739979147911072,0.2646442949771881,-0.014038315042853355,0.5727857947349548,0.37053602933883667,-0.001974644837900996,0.592510461807251,0.3413808345794678,0.004195686895400286,0.5850473046302795,0.2883415222167969,-0.004271279089152813,0.587678074836731,0.3526787757873535,0.002383241895586252,0.5977194905281067,0.28782331943511963,-0.0010872000129893422,0.5900540351867676,0.29808950424194336,-0.0033657816238701344,0.6016225814819336,0.30296722054481506,0.0032165441662073135,0.5743871331214905,0.37906771898269653,-0.002432998502627015,0.5773451328277588,0.2696400582790375,-0.01023910567164421,0.5969936847686768,0.3480081260204315,0.009496922604739666,0.5904589891433716,0.359291672706604,0.006450281012803316,0.5960278511047363,0.32851463556289673,0.004473255947232246,0.6158521175384521,0.30834949016571045,0.0222033578902483,0.6028161644935608,0.32991817593574524,0.010148725472390652,0.6187592148780823,0.3167957365512848,0.03498685359954834,0.5938025712966919,0.31060951948165894,-0.0006453325040638447,0.5733583569526672,0.25750473141670227,-0.009544615633785725,0.574053943157196,0.2798849046230316,-0.023587442934513092,0.5772849321365356,0.28248369693756104,-0.01768133044242859,0.5716838836669922,0.2739993631839752,-0.02760564349591732,0.5742472410202026,0.22053007781505585,0.002433608053252101,0.5834857225418091,0.2150627076625824,0.0019079428166151047,0.591801106929779,0.21420806646347046,0.002541631693020463,0.5987196564674377,0.21627184748649597,0.0051208073273301125,0.6036195755004883,0.22049970924854279,0.008923092857003212,0.6076963543891907,0.2351226955652237,0.016994092613458633,0.6265773773193359,0.25891560316085815,0.04163305088877678,0.6034926772117615,0.24651415646076202,0.01144211832433939,0.5977271795272827,0.24896560609340668,0.007636805530637503,0.5900373458862305,0.2492561936378479,0.004918851424008608,0.5826329588890076,0.2473873496055603,0.003886181628331542,0.5768740177154541,0.24449484050273895,0.0033718987833708525,0.5729278922080994,0.24158543348312378,0.0030634072609245777,0.626829981803894,0.26163381338119507,0.06368909031152725,0.5770289301872253,0.2851291596889496,-0.014989117160439491,0.5701696872711182,0.25874003767967224,-0.018295053392648697,0.5703046917915344,0.28013381361961365,-0.028312014415860176,0.5674020648002625,0.2850083112716675,-0.026591621339321136,0.5702095031738281,0.28198477625846863,-0.025639357045292854,0.575543999671936,0.2880130708217621,-0.013261308893561363,0.566512942314148,0.2857217788696289,-0.028217880055308342,0.5658031702041626,0.28807854652404785,-0.02178199402987957,0.5722765326499939,0.23511599004268646,0.006417388562113047,0.5698137283325195,0.23683013021945953,0.002543965121731162,0.5683606266975403,0.23810133337974548,-0.0018766493303701282,0.5990841388702393,0.23047566413879395,0.011129414662718773,0.6029433012008667,0.22716832160949707,0.01163711491972208,0.5278117656707764,0.23392362892627716,0.004929749760776758,0.5343942046165466,0.2331291288137436,0.004929749760776758,0.5271430611610413,0.22605428099632263,0.004929749760776758,0.5211595892906189,0.23465824127197266,0.004929749760776758,0.5284175276756287,0.24173353612422943,0.004929749760776758,0.5888423323631287,0.23006778955459595,0.007928676903247833,0.5951831936836243,0.23003774881362915,0.007928676903247833,0.5888389945030212,0.2219967246055603,0.007928676903247833,0.5825543999671936,0.22999784350395203,0.007928676903247833,0.5888994932174683,0.23819705843925476,0.007928676903247833
1133.3333333333335,0.561265230178833,0.3129909932613373,-0.020036539062857628,0.5633326768875122,0.28179240226745605,-0.03203628584742546,0.5630026459693909,0.2917322516441345,-0.018362363800406456,0.5579430460929871,0.25559595227241516,-0.022657372057437897,0.5632859468460083,0.27303624153137207,-0.03334296494722366,0.5629803538322449,0.26243072748184204,-0.030236000195145607,0.561902642250061,0.23711732029914856,-0.012929338030517101,0.5177165269851685,0.23987428843975067,0.007451430894434452,0.5611913800239563,0.21801340579986572,-0.008026222698390484,0.5609049797058105,0.20633047819137573,-0.008164281956851482,0.5594817996025085,0.16127696633338928,0.0019311885116621852,0.5613764524459839,0.31632113456726074,-0.019867880269885063,0.561620831489563,0.320212721824646,-0.01834462583065033,0.5618253946304321,0.32304006814956665,-0.015681788325309753,0.5623021721839905,0.36365318298339844,-0.009958620183169842,0.5625209808349609,0.36882489919662476,-0.01052280142903328,0.5628294348716736,0.37452614307403564,-0.011312720365822315,0.5631718635559082,0.37931573390960693,-0.009219803847372532,0.5639926195144653,0.3671327233314514,-0.0029596227686852217,0.5632359981536865,0.28676852583885193,-0.02948939800262451,0.5580328702926636,0.2874410152435303,-0.02210932970046997,0.4926423132419586,0.210798442363739,0.036257293075323105,0.5353695154190063,0.24558964371681213,0.002007541013881564,0.5292673110961914,0.2471446543931961,0.0019881923217326403,0.5233637094497681,0.24732820689678192,0.003197275334969163,0.5155128240585327,0.24344715476036072,0.00782968383282423,0.5405226945877075,0.24267257750034332,0.0028957340400666,0.5251736640930176,0.22172169387340546,0.00045788518036715686,0.5324296355247498,0.2218121588230133,0.0010380408493801951,0.5187165141105652,0.22421139478683472,0.0018973351689055562,0.5147015452384949,0.228272944688797,0.004064853768795729,0.5108941197395325,0.24952924251556396,0.009978441521525383,0.5425786972045898,0.3743400573730469,0.00011506491136969998,0.515487551689148,0.2377442717552185,0.009345014579594135,0.49199536442756653,0.24922871589660645,0.035099465399980545,0.503817617893219,0.24486839771270752,0.01595170982182026,0.5340903997421265,0.2809755802154541,-0.005943270865827799,0.5534945130348206,0.3118058145046234,-0.01932452619075775,0.5552107095718384,0.32087576389312744,-0.017769016325473785,0.546481728553772,0.3176592290401459,-0.016510840505361557,0.5425127744674683,0.32457876205444336,-0.012266295962035656,0.5498464107513428,0.32366088032722473,-0.015629500150680542,0.5460807681083679,0.3277404010295868,-0.011566237546503544,0.5381941795349121,0.34385451674461365,-0.002226949203759432,0.5587629079818726,0.2819756865501404,-0.03170916065573692,0.5580403804779053,0.2737504839897156,-0.0328945554792881,0.5063298344612122,0.22436511516571045,0.006123943720012903,0.5448920130729675,0.2584512233734131,-0.0050581470131874084,0.5454776883125305,0.2822363078594208,-0.01832868903875351,0.5448105931282043,0.2781486213207245,-0.016327284276485443,0.516424298286438,0.282595157623291,-0.00029256523703224957,0.5580094456672668,0.2638360559940338,-0.028799735009670258,0.5206397771835327,0.21283069252967834,-0.0027669270057231188,0.5120161771774292,0.2172657549381256,0.0010869570542126894,0.49923771619796753,0.19335877895355225,0.02655559964478016,0.5482850670814514,0.21685336530208588,-0.0067434958182275295,0.5388151407241821,0.22479304671287537,0.0029510194435715675,0.5348052978515625,0.3329292833805084,-0.0017061944818124175,0.5038211941719055,0.33450785279273987,0.04297684133052826,0.5498775839805603,0.28670382499694824,-0.016120191663503647,0.5544044375419617,0.2890494763851166,-0.016899505630135536,0.5392000675201416,0.3408733010292053,-0.0026405511889606714,0.5409295558929443,0.34094053506851196,-0.004051549360156059,0.5085907578468323,0.2128271758556366,0.004491747356951237,0.5452696681022644,0.28655770421028137,-0.01544096041470766,0.5325802564620972,0.21205849945545197,-0.005386011675000191,0.5311170816421509,0.2053898423910141,-0.005959892179816961,0.5249449610710144,0.16854195296764374,0.007160724140703678,0.5050215721130371,0.20151978731155396,0.014188766479492188,0.529725193977356,0.18529875576496124,0.0002724665682762861,0.5027063488960266,0.22142904996871948,0.011473598890006542,0.4982866048812866,0.2154937982559204,0.023335471749305725,0.5541115403175354,0.3166256546974182,-0.019246218726038933,0.5479851961135864,0.3207415044307709,-0.016384897753596306,0.5441311597824097,0.32618817687034607,-0.012451480142772198,0.5512226223945618,0.28833383321762085,-0.015055406838655472,0.5400548577308655,0.34102025628089905,-0.0034250228200107813,0.5407391786575317,0.3488743305206299,-0.005428880453109741,0.5416933298110962,0.3408072888851166,-0.004120808094739914,0.5524328947067261,0.2829130291938782,-0.02376263029873371,0.5475685596466064,0.3284987509250641,-0.01065613143146038,0.5513550043106079,0.32513880729675293,-0.013413622975349426,0.5562569499015808,0.3233848214149475,-0.015327530913054943,0.5554341673851013,0.36627137660980225,-0.003443352412432432,0.5533599257469177,0.3773918151855469,-0.00950116291642189,0.5536689162254333,0.37295418977737427,-0.010995245538651943,0.5544004440307617,0.36704111099243164,-0.01012339349836111,0.5552757382392883,0.3620898425579071,-0.009627596475183964,0.5464880466461182,0.3529389202594757,-0.006507277488708496,0.5448211431503296,0.35490548610687256,-0.007058004382997751,0.5427768230438232,0.35700103640556335,-0.007707810495048761,0.5412482619285583,0.3587208390235901,-0.006875498685985804,0.5401008129119873,0.31310519576072693,-0.010130482725799084,0.4930855929851532,0.29067233204841614,0.05449596047401428,0.5630820989608765,0.2891727089881897,-0.022369854152202606,0.5439944267272949,0.3476518988609314,-0.004817076958715916,0.5423311591148376,0.3483662009239197,-0.005297200754284859,0.5559415817260742,0.29231876134872437,-0.017089800909161568,0.5472063422203064,0.29188060760498047,-0.011248250491917133,0.5552332997322083,0.2907199561595917,-0.017198072746396065,0.5386917591094971,0.2640766501426697,-0.003915238659828901,0.5294514298439026,0.27066946029663086,-0.003201971296221018,0.5438538193702698,0.28257420659065247,-0.013371438719332218,0.50956130027771,0.17883175611495972,0.016051962971687317,0.5150074362754822,0.19101685285568237,0.006722248625010252,0.5183049440383911,0.20673862099647522,-0.0009634926682338119,0.5419906973838806,0.3522558808326721,-0.003467146772891283,0.5456547737121582,0.20564201474189758,-0.008088109083473682,0.5441659688949585,0.18337537348270416,-0.003083014627918601,0.5409529209136963,0.16320954263210297,0.0023478663060814142,0.5184147953987122,0.24630603194236755,0.005482084583491087,0.5047862529754639,0.2562597692012787,0.012499983422458172,0.5438907742500305,0.23994377255439758,0.0039149378426373005,0.5091798901557922,0.23362736403942108,0.008849469013512135,0.5490505695343018,0.25229278206825256,-0.006588338874280453,0.5488685369491577,0.27812430262565613,-0.023455902934074402,0.49927181005477905,0.2640056014060974,0.01782766729593277,0.5091612339019775,0.2616507112979889,0.0070042358711361885,0.5171965956687927,0.26379963755607605,0.002015894278883934,0.5288610458374023,0.26117968559265137,-6.722358193655964e-06,0.53734290599823,0.25667470693588257,-0.0005176880513317883,0.5436713695526123,0.251741498708725,-0.0014823159435763955,0.5565676689147949,0.2397487759590149,-0.011210269294679165,0.5016599297523499,0.2822265923023224,0.014793645590543747,0.5045498609542847,0.2336159199476242,0.011436610482633114,0.56048184633255,0.28672727942466736,-0.029321890324354172,0.545683741569519,0.26616016030311584,-0.008096582256257534,0.48879146575927734,0.25059765577316284,0.05385430529713631,0.5483108758926392,0.24639245867729187,-0.0017666008789092302,0.5432081818580627,0.28367364406585693,-0.007414608728140593,0.5129668712615967,0.2387552559375763,0.01025825273245573,0.5484296083450317,0.2731485664844513,-0.020937802270054817,0.4970868229866028,0.3118852972984314,0.05020332708954811,0.5438775420188904,0.2368667721748352,0.005671313032507896,0.5531769394874573,0.2675684690475464,-0.02590029686689377,0.5190041065216064,0.3533274531364441,0.01637611724436283,0.5183850526809692,0.36522606015205383,0.02415524609386921,0.49484342336654663,0.286838173866272,0.034742433577775955,0.5117890238761902,0.34148716926574707,0.02216442860662937,0.49465417861938477,0.2310742437839508,0.03099881298840046,0.5410966873168945,0.3840160369873047,0.002390169771388173,0.5609700679779053,0.28898558020591736,-0.022083384916186333,0.5405975580215454,0.2731884717941284,-0.006587538402527571,0.4990207552909851,0.2470393031835556,0.021447962149977684,0.5236169099807739,0.24220681190490723,0.0041204215958714485,0.528830349445343,0.2422555536031723,0.0028870708774775267,0.5393561124801636,0.3491707146167755,-0.004859489854425192,0.5043068528175354,0.30035385489463806,0.015311097726225853,0.5509508848190308,0.3980417847633362,0.003726402996107936,0.5333009362220764,0.3853670060634613,0.012480362318456173,0.5263065099716187,0.37693095207214355,0.01749202236533165,0.5602329969406128,0.18277868628501892,-0.0035849930718541145,0.5636064410209656,0.3991897702217102,0.0030027313623577356,0.534019947052002,0.24102121591567993,0.0029305526986718178,0.5388760566711426,0.23908701539039612,0.003973852843046188,0.5421757698059082,0.23791375756263733,0.005387991666793823,0.5003781318664551,0.232651948928833,0.017287474125623703,0.5379723310470581,0.23097284138202667,0.0035984141286462545,0.5325717329978943,0.22889631986618042,0.00230175512842834,0.5271546840667725,0.2288942039012909,0.0023342694621533155,0.521801769733429,0.23093394935131073,0.003465209389105439,0.5185888409614563,0.23371176421642303,0.005211846437305212,0.4893657863140106,0.2287675440311432,0.04652721807360649,0.5201106667518616,0.24118256568908691,0.005828345660120249,0.5632169842720032,0.2990879416465759,-0.017221828922629356,0.5448880195617676,0.3059890866279602,-0.012716725468635559,0.5498003959655762,0.28496110439300537,-0.018084950745105743,0.55533367395401,0.3005278706550598,-0.016913842409849167,0.5614829659461975,0.22777524590492249,-0.00820053368806839,0.5259110927581787,0.365217924118042,0.012018224224448204,0.5330995321273804,0.3745102882385254,0.007521343417465687,0.5514222383499146,0.3906060755252838,-0.0019042142666876316,0.5114714503288269,0.3525031805038452,0.03316788747906685,0.541950523853302,0.23439791798591614,0.004814375191926956,0.5533074140548706,0.25313156843185425,-0.014106607995927334,0.5639382004737854,0.3919987678527832,-0.002421444281935692,0.5412498712539673,0.39285194873809814,0.007110862992703915,0.498517245054245,0.3066885769367218,0.03257310017943382,0.5501576066017151,0.35825902223587036,-0.008285054005682468,0.5485576391220093,0.3618471622467041,-0.008733462542295456,0.5468921065330505,0.36595726013183594,-0.009377998299896717,0.5458444356918335,0.36985650658607483,-0.00839995313435793,0.5474607944488525,0.3604695200920105,-0.004374063573777676,0.5429719686508179,0.33345383405685425,-0.00779932364821434,0.5413228869438171,0.33282145857810974,-0.0077555556781589985,0.5399210453033447,0.33180785179138184,-0.007639131508767605,0.5367243885993958,0.3221791684627533,-0.006097407080233097,0.5133917331695557,0.30323317646980286,0.004431822802871466,0.5529171228408813,0.24532395601272583,-0.008503434248268604,0.548361599445343,0.22972901165485382,0.002184191020205617,0.5444434285163879,0.23110051453113556,0.004087235778570175,0.5443515777587891,0.3333975672721863,-0.007252521347254515,0.5141834616661072,0.32672515511512756,0.012463556602597237,0.5537313222885132,0.22874969244003296,-0.00480324262753129,0.5449494123458862,0.36617687344551086,-0.0014748811954632401,0.5626203417778015,0.2538585960865021,-0.024184340611100197,0.5572747588157654,0.24803316593170166,-0.01727147027850151,0.5622748136520386,0.24576321244239807,-0.01821930892765522,0.5495753288269043,0.26661860942840576,-0.0152254868298769,0.5639216899871826,0.3827609419822693,-0.004086710512638092,0.5639116168022156,0.3737417459487915,-0.003137449733912945,0.5541037321090698,0.3726145625114441,-0.002767351223155856,0.5327761173248291,0.3466562330722809,0.0012285226257517934,0.5388913750648499,0.29184937477111816,-0.0064331647008657455,0.5379476547241211,0.35739463567733765,1.530756890133489e-05,0.5260207653045654,0.2930052578449249,-0.004427629057317972,0.534446656703949,0.3023223280906677,-0.0061093480326235294,0.522476851940155,0.30884429812431335,-0.000619997619651258,0.5524665117263794,0.3814159333705902,-0.0034660808742046356,0.5460916757583618,0.27213582396507263,-0.011749429628252983,0.5279161930084229,0.3541906177997589,0.006106008309870958,0.5349482893943787,0.3646746873855591,0.0038621879648417234,0.52900230884552,0.3340541422367096,0.0009365511359646916,0.5072698593139648,0.3161524832248688,0.01680549792945385,0.5216935276985168,0.33648616075515747,0.006066712085157633,0.503862202167511,0.32501453161239624,0.02917477861046791,0.5310710668563843,0.3155508041381836,-0.003919926472008228,0.5496428608894348,0.2595144808292389,-0.010843878611922264,0.550724446773529,0.28151440620422363,-0.024784021079540253,0.5473424196243286,0.28467053174972534,-0.019034530967473984,0.5532470345497131,0.2753889858722687,-0.028584830462932587,0.5432261824607849,0.2228635996580124,0.0007545087719336152,0.5325940847396851,0.21849378943443298,-0.0006077516009099782,0.5233922600746155,0.21856074035167694,-0.0007467071409337223,0.5160413384437561,0.22152484953403473,0.0011085061123594642,0.5111407041549683,0.22653985023498535,0.004446820821613073,0.5090690851211548,0.24174514412879944,0.012193701229989529,0.49251604080200195,0.26784634590148926,0.035095006227493286,0.5143378376960754,0.2527048587799072,0.007053057197481394,0.5207141637802124,0.25443750619888306,0.0037853980902582407,0.5288476943969727,0.25360116362571716,0.0017776710446923971,0.5364946126937866,0.25070858001708984,0.0014256166759878397,0.5424422025680542,0.24698659777641296,0.0015294236363843083,0.5465295910835266,0.24350912868976593,0.0015858877450227737,0.49051907658576965,0.2707296311855316,0.0561886765062809,0.5474992990493774,0.28734129667282104,-0.016334645450115204,0.5536209940910339,0.2602100968360901,-0.019203733652830124,0.5548007488250732,0.28126198053359985,-0.0290816780179739,0.5577011108398438,0.28573715686798096,-0.027039142325520515,0.5547446012496948,0.28301167488098145,-0.026418637484312057,0.5490031242370605,0.29008999466896057,-0.01438331138342619,0.5587721467018127,0.28634315729141235,-0.02856958471238613,0.5592508912086487,0.28864920139312744,-0.022085504606366158,0.54607754945755,0.2368306815624237,0.004831178579479456,0.549579381942749,0.23829863965511322,0.0014045612188056111,0.5516043305397034,0.2392466813325882,-0.002803309354931116,0.5168532729148865,0.23582828044891357,0.0069750533439219,0.5124028921127319,0.23309555649757385,0.007241928018629551,0.5671656131744385,0.2550274431705475,-0.021996961906552315,0.5994767546653748,0.23531877994537354,0.011994633823633194,0.5679388642311096,0.28689733147621155,-0.02162330411374569,0.6228559017181396,0.20334184169769287,0.04369207099080086,0.5839166641235352,0.24306660890579224,0.004941460210829973,0.5896683931350708,0.24372173845767975,0.005508932285010815,0.5951530337333679,0.2431512027978897,0.007270630449056625,0.6021467447280884,0.2384217381477356,0.012633172795176506,0.5789309144020081,0.24088211357593536,0.005175963044166565,0.5915387868881226,0.21829751133918762,0.00417889840900898,0.5850183963775635,0.21893522143363953,0.003981508314609528,0.5974479913711548,0.22017470002174377,0.006223385687917471,0.601235032081604,0.22379715740680695,0.008693479001522064,0.607526421546936,0.24378041923046112,0.015109512954950333,0.5840908885002136,0.37072640657424927,0.0021018923725932837,0.6014601588249207,0.23296543955802917,0.014094924554228783,0.626209020614624,0.2415444552898407,0.042051009833812714,0.614223837852478,0.23855891823768616,0.02170325256884098,0.5899819135665894,0.2775248885154724,-0.0030812520999461412,0.5688586831092834,0.3111734092235565,-0.01862523891031742,0.5680597424507141,0.3203730285167694,-0.017151731997728348,0.576206386089325,0.3164618909358978,-0.015042287297546864,0.5802449584007263,0.32326579093933105,-0.010208245366811752,0.5732956528663635,0.3227940797805786,-0.014418256469070911,0.576891303062439,0.32680875062942505,-0.00987182930111885,0.5881829261779785,0.34000346064567566,0.00040026570786722004,0.5677640438079834,0.2814473807811737,-0.031293876469135284,0.5684252381324768,0.27309450507164,-0.03240441530942917,0.609011173248291,0.21870003640651703,0.01154305785894394,0.578288733959198,0.25632572174072266,-0.003111964790150523,0.5799250602722168,0.2800808548927307,-0.016532843932509422,0.5801910161972046,0.2758901119232178,-0.014479676261544228,0.6068193912506104,0.2770651876926422,0.004446062259376049,0.5677939653396606,0.2631930112838745,-0.028178755193948746,0.5949527621269226,0.20977084338665009,0.0010506872786208987,0.6030479073524475,0.21273449063301086,0.005807923618704081,0.6167579889297485,0.18666291236877441,0.033283837139606476,0.570746660232544,0.21690377593040466,-0.005481587257236242,0.5794099569320679,0.22253593802452087,0.005315057467669249,0.5912914872169495,0.32877227663993835,0.0014605604810640216,0.6176637411117554,0.3269832134246826,0.050002895295619965,0.5756412148475647,0.2851041257381439,-0.014763686805963516,0.5712800621986389,0.2880643904209137,-0.016226118430495262,0.5835182070732117,0.33980581164360046,0.00017251503595616668,0.5817415118217468,0.3399096131324768,-0.001592438668012619,0.6061100363731384,0.2074805200099945,0.009525768458843231,0.5799865126609802,0.28438302874565125,-0.013687883503735065,0.5842593312263489,0.21049225330352783,-0.002803933573886752,0.5851412415504456,0.20359894633293152,-0.003276451490819454,0.5929272174835205,0.1647888422012329,0.011075295507907867,0.6125106811523438,0.1954631209373474,0.019740013405680656,0.5894917845726013,0.18205556273460388,0.0033562066964805126,0.612572193145752,0.2149423360824585,0.017268741503357887,0.6189184188842773,0.20868748426437378,0.02955883927643299,0.5686772465705872,0.3159544765949249,-0.01856737770140171,0.5748458504676819,0.3197706639766693,-0.015052489005029202,0.578732967376709,0.3250194191932678,-0.01061640027910471,0.5742557644844055,0.28690141439437866,-0.013988630846142769,0.5826272964477539,0.3399811089038849,-0.0008354004821740091,0.5822657346725464,0.3469081223011017,-0.003226557280868292,0.5809057354927063,0.3397236764431,-0.00172327586915344,0.5733253359794617,0.2817220985889435,-0.022523758932948112,0.5755003690719604,0.32760873436927795,-0.00900309905409813,0.5720239877700806,0.32438430190086365,-0.01221877709031105,0.5673837661743164,0.3229927122592926,-0.014668934978544712,0.5723211169242859,0.3650396466255188,-0.0028063529171049595,0.5728592872619629,0.3759363889694214,-0.008809699676930904,0.5717654228210449,0.3715205192565918,-0.010242925956845284,0.570482611656189,0.3657275438308716,-0.009404829703271389,0.5692699551582336,0.36085256934165955,-0.008944416418671608,0.5769981145858765,0.3507760763168335,-0.004832133185118437,0.5787810683250427,0.3524860739707947,-0.005343387834727764,0.5809993743896484,0.35433048009872437,-0.005960672628134489,0.5828484892845154,0.3559340536594391,-0.004984185565263033,0.585915744304657,0.3099536597728729,-0.007707799319177866,0.6254917979240417,0.2828686237335205,0.06233596056699753,0.5789494514465332,0.34585708379745483,-0.0027127687353640795,0.5806304812431335,0.3464546203613281,-0.003169810399413109,0.5700150728225708,0.2915264666080475,-0.016439728438854218,0.5780671834945679,0.2899208068847656,-0.009880712255835533,0.5706006288528442,0.28987637162208557,-0.01655115932226181,0.5843562483787537,0.261245459318161,-0.001364530180580914,0.5937337279319763,0.266781747341156,0.0001725925103528425,0.5810992121696472,0.2802041471004486,-0.011453517712652683,0.6072956919670105,0.1733497828245163,0.021605467423796654,0.6032027006149292,0.18617364764213562,0.011187364347279072,0.5967889428138733,0.20306944847106934,0.003008875995874405,0.5847617387771606,0.34888994693756104,-0.0012615001760423183,0.5722975134849548,0.20559218525886536,-0.006738577038049698,0.5758172869682312,0.18166977167129517,-0.0014551106141880155,0.5776369571685791,0.1612105369567871,0.004336636979132891,0.5996299386024475,0.2416149377822876,0.010025260969996452,0.6145056486129761,0.2499682605266571,0.01816762611269951,0.5756384134292603,0.2387314885854721,0.005987878888845444,0.6072112321853638,0.2282056212425232,0.014063527807593346,0.5742549896240234,0.25066307187080383,-0.005033661145716906,0.5767037868499756,0.2764400839805603,-0.021983565762639046,0.6214199066162109,0.2567777931690216,0.024230599403381348,0.6103816032409668,0.2555069029331207,0.012343076057732105,0.6029477715492249,0.2585292458534241,0.006526663433760405,0.5918965339660645,0.2574275732040405,0.003434927901253104,0.5837295651435852,0.2540152668952942,0.0021281877998262644,0.5776420831680298,0.2500656247138977,0.0005399392102845013,0.567075252532959,0.2390815168619156,-0.010538595728576183,0.6203116774559021,0.2750791311264038,0.021127671003341675,0.612054705619812,0.22754202783107758,0.017157873138785362,0.565925121307373,0.2863994240760803,-0.028972316533327103,0.5781259536743164,0.2640851140022278,-0.006230917293578386,0.6275770664215088,0.2425682246685028,0.06191239878535271,0.5730390548706055,0.24552090466022491,-0.00020536834199447185,0.5813810229301453,0.2812468111515045,-0.00555365439504385,0.604028046131134,0.23357802629470825,0.015230122953653336,0.5766953825950623,0.2713450789451599,-0.01943392865359783,0.6229400634765625,0.30411064624786377,0.05772551894187927,0.5753493309020996,0.2357589453458786,0.00782114639878273,0.5722872018814087,0.2663428783416748,-0.024782726541161537,0.6056583523750305,0.346782386302948,0.020907828584313393,0.6055356860160828,0.3582761585712433,0.02933446876704693,0.6257427334785461,0.2790907025337219,0.04159703850746155,0.6121476888656616,0.3345927894115448,0.027550112456083298,0.6228188872337341,0.22384314239025116,0.03761134669184685,0.5854399800300598,0.3799225091934204,0.004536231514066458,0.5651806592941284,0.28877559304237366,-0.021866928786039352,0.5831246376037598,0.27053630352020264,-0.004336460027843714,0.6198298931121826,0.24060851335525513,0.027717573568224907,0.5941492319107056,0.2383401244878769,0.00812900997698307,0.5893775224685669,0.23904293775558472,0.00642260629683733,0.5837780237197876,0.3471009135246277,-0.0024707242846488953,0.6185176372528076,0.29337450861930847,0.0213679950684309,0.5758314728736877,0.39572447538375854,0.00500843720510602,0.5919936895370483,0.37972140312194824,0.015717346221208572,0.5984725952148438,0.37048548460006714,0.02160157822072506,0.5845627188682556,0.23848706483840942,0.005951395258307457,0.5798793435096741,0.23721002042293549,0.006570793688297272,0.5768502354621887,0.2365485429763794,0.007689148187637329,0.6164233684539795,0.22579553723335266,0.023412391543388367,0.5805342197418213,0.22852450609207153,0.006288413889706135,0.5854274034500122,0.22559575736522675,0.005446524824947119,0.5903931260108948,0.22516986727714539,0.005977774038910866,0.5952569842338562,0.22677475214004517,0.007594130001962185,0.5982958078384399,0.22925764322280884,0.009626933373510838,0.6262412667274475,0.22087576985359192,0.05434899032115936,0.5972941517829895,0.2369188517332077,0.010163051076233387,0.5811427235603333,0.3035588264465332,-0.010830961167812347,0.5757652521133423,0.283418744802475,-0.016808953136205673,0.5711706280708313,0.29952412843704224,-0.016154788434505463,0.5992604494094849,0.3591920733451843,0.015683306381106377,0.5925861597061157,0.36918172240257263,0.010392016731202602,0.5760157108306885,0.38840988278388977,-0.0007932239095680416,0.6114326119422913,0.3451809883117676,0.03934449702501297,0.5769864916801453,0.23287010192871094,0.007209325209259987,0.5708768963813782,0.252035915851593,-0.013028373010456562,0.5847726464271545,0.3885367512702942,0.009497173130512238,0.6232069730758667,0.29909396171569824,0.0391201376914978,0.5739305019378662,0.356172651052475,-0.007039808202534914,0.5757834315299988,0.3595024049282074,-0.007430964149534702,0.5778374671936035,0.3634112477302551,-0.008023104630410671,0.5795389413833618,0.36709803342819214,-0.007014922797679901,0.579791247844696,0.3579012155532837,-0.002752661472186446,0.5796055793762207,0.3324097990989685,-0.005640899296849966,0.5812626481056213,0.3316468894481659,-0.005384850315749645,0.5826906561851501,0.33059197664260864,-0.0050887432880699635,0.5893296599388123,0.3184390962123871,-0.0031046285293996334,0.610420823097229,0.2971627414226532,0.009533129632472992,0.5704972743988037,0.24423766136169434,-0.007393093314021826,0.5714539289474487,0.22905859351158142,0.0036129909567534924,0.5747004151344299,0.22983695566654205,0.006122122053056955,0.5782421231269836,0.3323836624622345,-0.005150281358510256,0.6099864840507507,0.320306658744812,0.017565276473760605,0.5669090151786804,0.2289639264345169,-0.003952319268137217,0.5819100141525269,0.3630509674549103,0.00028152368031442165,0.5671528577804565,0.24739773571491241,-0.01670297421514988,0.5749554634094238,0.26503828167915344,-0.013852451927959919,0.5734215378761292,0.37101760506629944,-0.0019685050938278437,0.5931005477905273,0.34206706285476685,0.004228830337524414,0.5857970118522644,0.28882306814193726,-0.004086213186383247,0.5882794857025146,0.3532812297344208,0.002404568251222372,0.5983399152755737,0.2884877622127533,-0.0007903195801191032,0.5907275676727295,0.29865726828575134,-0.0031985794194042683,0.6021403074264526,0.30368295311927795,0.0034962582867592573,0.5750088095664978,0.379534512758255,-0.002431041095405817,0.5782450437545776,0.27006012201309204,-0.010041841305792332,0.5975354313850403,0.34867724776268005,0.009590801782906055,0.5910373330116272,0.35988470911979675,0.006507466081529856,0.5965913534164429,0.3292531371116638,0.004587127361446619,0.6161184310913086,0.30921345949172974,0.02258000709116459,0.6032832860946655,0.33065956830978394,0.010344142094254494,0.6188872456550598,0.31767594814300537,0.03538032993674278,0.5943966507911682,0.31129777431488037,-0.0004971775924786925,0.5742958784103394,0.2579636871814728,-0.009348608553409576,0.5750471353530884,0.2801027297973633,-0.023431090638041496,0.5782178044319153,0.28276699781417847,-0.017527442425489426,0.5727463364601135,0.27420932054519653,-0.02746633067727089,0.5754299759864807,0.22155871987342834,0.0026813806034624577,0.5845690369606018,0.2161988615989685,0.002209590980783105,0.5927935242652893,0.21536782383918762,0.002901955507695675,0.599629282951355,0.2174331545829773,0.005537522956728935,0.6044588088989258,0.2216458022594452,0.00938526913523674,0.6084445118904114,0.23611481487751007,0.017480021342635155,0.6268115043640137,0.26006126403808594,0.042196132242679596,0.6043000817298889,0.24734914302825928,0.011882691644132137,0.5985842347145081,0.24975283443927765,0.00802357867360115,0.5909790396690369,0.2499588578939438,0.005246344953775406,0.5836652517318726,0.24808259308338165,0.004178480710834265,0.5779761075973511,0.24526064097881317,0.0036037717945873737,0.5740711092948914,0.24240148067474365,0.0032776331063359976,0.6268181204795837,0.2628803253173828,0.06422574073076248,0.5779240131378174,0.28543323278427124,-0.014845944941043854,0.5712001323699951,0.25910598039627075,-0.01812128536403179,0.5713508725166321,0.28028973937034607,-0.0281930360943079,0.5684034824371338,0.2851537764072418,-0.026516437530517578,0.571215808391571,0.282155841588974,-0.02552393637597561,0.5764034390449524,0.2883191704750061,-0.013146634213626385,0.5675355792045593,0.28584685921669006,-0.028150558471679688,0.5667861104011536,0.2882198095321655,-0.021735576912760735,0.5735082626342773,0.2359767109155655,0.006642213091254234,0.5709924697875977,0.2376844584941864,0.002741366857662797,0.5695044994354248,0.2389678955078125,-0.0017018129583448172,0.6000455617904663,0.2312278300523758,0.011568769812583923,0.6038215756416321,0.22814679145812988,0.012101443484425545,0.5283491611480713,0.23418694734573364,0.0047685569152235985,0.5350683331489563,0.23340894281864166,0.0047685569152235985,0.5276615619659424,0.22634784877300262,0.0047685569152235985,0.5215723514556885,0.234898179769516,0.0047685569152235985,0.5289813280105591,0.24195575714111328,0.0047685569152235985,0.5897731781005859,0.23082076013088226,0.00828428566455841,0.5959498286247253,0.23083722591400146,0.00828428566455841,0.5897897481918335,0.22294218838214874,0.00828428566455841,0.5836625695228577,0.2307169884443283,0.00828428566455841,0.5898189544677734,0.23876215517520905,0.00828428566455841
1166.6666666666667,0.561553955078125,0.31388795375823975,-0.020036762580275536,0.5637466311454773,0.28245216608047485,-0.03239916265010834,0.5633318424224854,0.29236501455307007,-0.018564071506261826,0.5585240721702576,0.2562796473503113,-0.02306143194437027,0.5637681484222412,0.27369198203086853,-0.033747605979442596,0.5635387301445007,0.26311787962913513,-0.030667206272482872,0.5626422762870789,0.2379862666130066,-0.013353502377867699,0.519321084022522,0.2402750551700592,0.007244936190545559,0.5620627999305725,0.2191840261220932,-0.008476290851831436,0.5618627071380615,0.20757129788398743,-0.008664824068546295,0.5607543587684631,0.16233974695205688,0.001268896390683949,0.5616820454597473,0.3171011507511139,-0.01984344981610775,0.5618917346000671,0.3209195137023926,-0.018317202106118202,0.5620604157447815,0.3237658143043518,-0.015676582232117653,0.5628736615180969,0.3627844750881195,-0.009736175648868084,0.5630930662155151,0.36794954538345337,-0.010344131849706173,0.5633706450462341,0.37365496158599854,-0.011130271479487419,0.563649594783783,0.37842032313346863,-0.00900769978761673,0.5637208223342896,0.36834269762039185,-0.0026964249555021524,0.5636115670204163,0.2874300181865692,-0.029819639399647713,0.5583693981170654,0.2880203425884247,-0.022377250716090202,0.49389326572418213,0.21096205711364746,0.03596281260251999,0.5364670753479004,0.2461487054824829,0.0018272432498633862,0.5304669737815857,0.24763411283493042,0.001797289471141994,0.5246698260307312,0.247697651386261,0.002996966475620866,0.5169865489006042,0.24373729526996613,0.00763863418251276,0.54156494140625,0.2431747168302536,0.002701052464544773,0.5267329812049866,0.22257687151432037,0.00016839997260831296,0.5337474942207336,0.22269681096076965,0.0007665313896723092,0.5204200148582458,0.22491468489170074,0.0016174816992133856,0.5164358615875244,0.22878670692443848,0.003809872316196561,0.5121556520462036,0.2497280240058899,0.00981794111430645,0.5420359373092651,0.37512293457984924,0.0005749604315496981,0.5171322822570801,0.23816904425621033,0.009144771844148636,0.4929634928703308,0.24929401278495789,0.03504335135221481,0.5049383640289307,0.24498245120048523,0.015791116282343864,0.5342464447021484,0.281283974647522,-0.0060701631009578705,0.5536487698554993,0.3123815655708313,-0.01934903860092163,0.5553622245788574,0.3212921917438507,-0.017730526626110077,0.546538233757019,0.31782084703445435,-0.016455432400107384,0.5425517559051514,0.3244799077510834,-0.012030305340886116,0.5499707460403442,0.3237905502319336,-0.015511646866798401,0.5462195873260498,0.32767340540885925,-0.011293265037238598,0.5375294089317322,0.34404268860816956,-0.001673341728746891,0.5591493844985962,0.28257495164871216,-0.032075297087430954,0.558487594127655,0.2743332087993622,-0.03330029919743538,0.5078133940696716,0.22448626160621643,0.005780262406915426,0.5453563928604126,0.2590038776397705,-0.005267450585961342,0.5456632375717163,0.28262531757354736,-0.018611779436469078,0.5450218915939331,0.27854013442993164,-0.016601044684648514,0.5165594816207886,0.2826433479785919,-0.00035365193616598845,0.558528482913971,0.264456570148468,-0.029222099110484123,0.5221518278121948,0.2131008803844452,-0.0031843320466578007,0.5136045217514038,0.2174900621175766,0.0006830173661001027,0.5005044341087341,0.19365166127681732,0.026146341115236282,0.5493953227996826,0.2173088937997818,-0.00718342000618577,0.5399442911148071,0.22560866177082062,0.0027073496021330357,0.5341715812683105,0.3328072428703308,-0.001250003115274012,0.5040158629417419,0.3344336152076721,0.0434725284576416,0.5500562191009521,0.28714680671691895,-0.01635848544538021,0.5546351075172424,0.28955528140068054,-0.01712656207382679,0.5391865968704224,0.3400655686855316,-0.0021022299770265818,0.5409790873527527,0.34010154008865356,-0.003499627113342285,0.5100687146186829,0.21299615502357483,0.004074133466929197,0.5453889966011047,0.2869247794151306,-0.015681931748986244,0.5339327454566956,0.21238195896148682,-0.005828793626278639,0.5325087308883667,0.2058088183403015,-0.006458291318267584,0.5262607336044312,0.16917380690574646,0.006565647665411234,0.5061562657356262,0.20185944437980652,0.013803648762404919,0.5309322476387024,0.18598845601081848,-0.00024318709620274603,0.5040229558944702,0.22155222296714783,0.01112326793372631,0.4993775486946106,0.215712308883667,0.023046383634209633,0.5542819499969482,0.3170773983001709,-0.01922796480357647,0.5481088757514954,0.3209277391433716,-0.016281111165881157,0.5442246198654175,0.32613489031791687,-0.012189660221338272,0.5513992309570312,0.2887912392616272,-0.015282140113413334,0.5400885343551636,0.3401908278465271,-0.0028786668553948402,0.5410612225532532,0.3477429151535034,-0.004864643327891827,0.541773796081543,0.33995914459228516,-0.0035727329086512327,0.5527258515357971,0.2834157347679138,-0.024086516350507736,0.54771488904953,0.32842621207237244,-0.010393630713224411,0.5514647364616394,0.3253040313720703,-0.013294080272316933,0.5563746690750122,0.32383912801742554,-0.01530272513628006,0.5549753308296204,0.36735039949417114,-0.003153526457026601,0.5537746548652649,0.3762255311012268,-0.009265023283660412,0.554172694683075,0.3717758357524872,-0.010785817168653011,0.5549509525299072,0.36586686968803406,-0.009916719980537891,0.5558680891990662,0.3609369993209839,-0.009385568089783192,0.547002911567688,0.35155344009399414,-0.006078690756112337,0.545274019241333,0.3534887433052063,-0.006634395103901625,0.5431938171386719,0.35563352704048157,-0.0072538661770522594,0.5416052341461182,0.35741567611694336,-0.006379215978085995,0.5397931337356567,0.3131927251815796,-0.00993732362985611,0.4937698245048523,0.2906070649623871,0.054770346730947495,0.563435971736908,0.2898294925689697,-0.022624390199780464,0.5444343686103821,0.3464534282684326,-0.004280216991901398,0.5427090525627136,0.34717243909835815,-0.0047517986968159676,0.5561581254005432,0.292842298746109,-0.017286397516727448,0.547292947769165,0.2922438681125641,-0.011413219384849072,0.5554606318473816,0.2912369966506958,-0.017419418320059776,0.5390660762786865,0.26450464129447937,-0.0040902807377278805,0.52972811460495,0.27093425393104553,-0.0033585282508283854,0.5439975261688232,0.2829356789588928,-0.013601277954876423,0.5108742117881775,0.1792791485786438,0.015548904426395893,0.5162044167518616,0.19150477647781372,0.006265804171562195,0.5197925567626953,0.20707157254219055,-0.0014121457934379578,0.5413761138916016,0.3527860939502716,-0.0029327853117138147,0.5468729138374329,0.20620669424533844,-0.008590028621256351,0.5453416705131531,0.18421244621276855,-0.0036210911348462105,0.5422567129135132,0.1640346348285675,0.0016997117782011628,0.5198355913162231,0.24659961462020874,0.0052811456844210625,0.5059065222740173,0.25633105635643005,0.012384356930851936,0.5449209213256836,0.24039506912231445,0.0037094939034432173,0.5106722116470337,0.23387503623962402,0.00862729363143444,0.5495952367782593,0.25294050574302673,-0.006843336392194033,0.5491631031036377,0.278571754693985,-0.02379460819065571,0.4998944103717804,0.2640107274055481,0.017775043845176697,0.5104072690010071,0.26173070073127747,0.0068975696340203285,0.5184842348098755,0.2639405429363251,0.0019042349886149168,0.5300226211547852,0.26145970821380615,-0.00015588068345095962,0.5384109020233154,0.25706422328948975,-0.0006810674094595015,0.5447068214416504,0.2521741986274719,-0.0016790158115327358,0.5572564005851746,0.24055400490760803,-0.011603958904743195,0.5020161271095276,0.2821350693702698,0.014817553572356701,0.5058557987213135,0.2337580770254135,0.011198895052075386,0.5608488321304321,0.28735142946243286,-0.02965318039059639,0.5460523366928101,0.2666657567024231,-0.008308530785143375,0.48986247181892395,0.25061115622520447,0.05385869741439819,0.5493420362472534,0.24685820937156677,-0.0019975765608251095,0.5433270931243896,0.28401950001716614,-0.007561408448964357,0.5145086050033569,0.2390289008617401,0.010066421702504158,0.5487488508224487,0.2736101448535919,-0.0212709903717041,0.49756520986557007,0.3117876946926117,0.05059207230806351,0.5449361205101013,0.23734521865844727,0.005467334762215614,0.5536167025566101,0.2681160271167755,-0.026290109381079674,0.518781840801239,0.3534574806690216,0.01689700037240982,0.5181739926338196,0.365374892950058,0.024739310145378113,0.49539703130722046,0.2867611348628998,0.03487496078014374,0.511690616607666,0.34151557087898254,0.022602157667279243,0.4957197308540344,0.23122179508209229,0.03082047402858734,0.5405722260475159,0.38474035263061523,0.002872755518183112,0.561316192150116,0.289614737033844,-0.022338295355439186,0.5408545136451721,0.27358874678611755,-0.006759176962077618,0.49989593029022217,0.24712179601192474,0.021316319704055786,0.5250555872917175,0.24267983436584473,0.0039147185161709785,0.5301242470741272,0.24285374581813812,0.0026822311338037252,0.5395960807800293,0.3481374680995941,-0.004284100607037544,0.5044369101524353,0.30026015639305115,0.015449563041329384,0.5503330230712891,0.39882516860961914,0.004195449408143759,0.5328136682510376,0.3858470022678375,0.013040195219218731,0.5259407162666321,0.3772587180137634,0.01808629371225834,0.5613606572151184,0.18381288647651672,-0.004135533701628447,0.5629746317863464,0.40014493465423584,0.0034736848901957273,0.5352087020874023,0.24167336523532867,0.0027208151295781136,0.5399746298789978,0.23968666791915894,0.003769604954868555,0.5432344675064087,0.23842313885688782,0.005184249021112919,0.5014557838439941,0.23277364671230316,0.0170548465102911,0.539158284664154,0.23192210495471954,0.0033680780325084925,0.5338926315307617,0.23012423515319824,0.0020399175118654966,0.5286996364593506,0.23016592860221863,0.0020660641603171825,0.5235217809677124,0.23202034831047058,0.0032079643569886684,0.520340085029602,0.23451754450798035,0.0049765631556510925,0.4905819296836853,0.22884732484817505,0.04636920243501663,0.5216515064239502,0.24158933758735657,0.005620256531983614,0.5634699463844299,0.2996889352798462,-0.01734563335776329,0.5447726845741272,0.30621567368507385,-0.012700674124062061,0.5500079393386841,0.2854138910770416,-0.018354075029492378,0.5554414391517639,0.3009951114654541,-0.01702781207859516,0.5622854828834534,0.22878272831439972,-0.008620519191026688,0.5255813002586365,0.3655179738998413,0.012593872845172882,0.5326764583587646,0.3750096559524536,0.008063341490924358,0.5508691072463989,0.3915253281593323,-0.001463511842302978,0.5114251971244812,0.35252511501312256,0.033697035163640976,0.5430597066879272,0.23501995205879211,0.0045973206870257854,0.5538718104362488,0.253802627325058,-0.014438378624618053,0.5634101629257202,0.3931047320365906,-0.001970384269952774,0.5406773090362549,0.39348891377449036,0.007612911984324455,0.4988495409488678,0.306597501039505,0.032811131328344345,0.5507328510284424,0.35687047243118286,-0.007965118624269962,0.5490716099739075,0.36037904024124146,-0.008426076732575893,0.5473654866218567,0.3645157516002655,-0.009035312570631504,0.5462245941162109,0.36846116185188293,-0.00800654198974371,0.546891450881958,0.36129528284072876,-0.003937243018299341,0.5431602597236633,0.33313143253326416,-0.0073804473504424095,0.5414526462554932,0.3324947953224182,-0.007331176660954952,0.5399897694587708,0.33145636320114136,-0.007228686939924955,0.5362195372581482,0.32211172580718994,-0.005749269854277372,0.513352632522583,0.3032330572605133,0.004521465394645929,0.5535422563552856,0.24605804681777954,-0.008825979195535183,0.5493355393409729,0.23030176758766174,0.0019220132380723953,0.5454807281494141,0.23171371221542358,0.003849098226055503,0.5445595383644104,0.33307603001594543,-0.006826996337622404,0.5139966607093811,0.3267472982406616,0.012769634835422039,0.5547183752059937,0.22933334112167358,-0.005162403453141451,0.5444033145904541,0.3669692277908325,-0.0010228990577161312,0.5632408261299133,0.25460299849510193,-0.02460610866546631,0.5579124093055725,0.24877040088176727,-0.017671169713139534,0.5629523396492004,0.24656707048416138,-0.0186323169618845,0.5499666333198547,0.2671545147895813,-0.015522853471338749,0.5634905099868774,0.38395267724990845,-0.003693890990689397,0.5635737776756287,0.3749504089355469,-0.002821662463247776,0.5536061525344849,0.3736666142940521,-0.002422049641609192,0.5323172807693481,0.34685173630714417,0.001755387056618929,0.5389266610145569,0.2921287715435028,-0.0065045724622905254,0.5374374985694885,0.3578950762748718,0.0005477096419781446,0.5260154008865356,0.29317721724510193,-0.004460922908037901,0.5343308448791504,0.3025072515010834,-0.006023908965289593,0.5223215222358704,0.3089107573032379,-0.0004871984710916877,0.5519325733184814,0.38243138790130615,-0.003074008971452713,0.5463809370994568,0.27259188890457153,-0.011991462670266628,0.527542233467102,0.35444629192352295,0.006636848673224449,0.534498393535614,0.3651871979236603,0.004384578205645084,0.5285956859588623,0.33403003215789795,0.001341758412308991,0.5072498917579651,0.3160896897315979,0.017055615782737732,0.52140212059021,0.3365427255630493,0.00646118214353919,0.5039907693862915,0.3249603509902954,0.029524853453040123,0.530757486820221,0.31553778052330017,-0.0037104382645338774,0.5501144528388977,0.2601122260093689,-0.0111094880849123,0.551015317440033,0.28199172019958496,-0.02512631006538868,0.5475237369537354,0.2850848138332367,-0.019312674179673195,0.5536335706710815,0.2759050726890564,-0.028976626694202423,0.5443037748336792,0.22346097230911255,0.0004704355669673532,0.5339071154594421,0.21909020841121674,-0.0009222527733072639,0.5249583125114441,0.21910127997398376,-0.0010659372201189399,0.5177323818206787,0.2219899594783783,0.0008047511801123619,0.5128116607666016,0.22686240077018738,0.004176930524408817,0.5103985667228699,0.2418859302997589,0.012012495659291744,0.4932926297187805,0.2678371071815491,0.035137683153152466,0.5156504511833191,0.2529083490371704,0.006902098655700684,0.5219435691833496,0.2547062337398529,0.0036284218076616526,0.5299855470657349,0.25398650765419006,0.0016143417451530695,0.537545382976532,0.25118571519851685,0.0012695564655587077,0.5434539914131165,0.24745981395244598,0.0013410261599346995,0.5475255846977234,0.2439831644296646,0.0013835096033290029,0.49138709902763367,0.27069875597953796,0.05633413419127464,0.547641396522522,0.2877422273159027,-0.016580959782004356,0.5541266798973083,0.2608261704444885,-0.019557492807507515,0.5551612973213196,0.2818031907081604,-0.02944139763712883,0.5580542087554932,0.28632140159606934,-0.02735806629061699,0.5550791621208191,0.2835490107536316,-0.02675461582839489,0.5491271615028381,0.2904987335205078,-0.01459625642746687,0.5591309666633606,0.2869405150413513,-0.028896821662783623,0.5595881342887878,0.28925183415412903,-0.022345593199133873,0.547090470790863,0.23729287087917328,0.004614109639078379,0.5505518317222595,0.2388056218624115,0.001160487299785018,0.5526108741760254,0.23976901173591614,-0.003094511106610298,0.518568217754364,0.23642775416374207,0.006752538029104471,0.5140408277511597,0.23343965411186218,0.007020012009888887,0.567801296710968,0.2558313310146332,-0.022388722747564316,0.6004921197891235,0.2367887943983078,0.011906826868653297,0.5683345794677734,0.2876046895980835,-0.02187803015112877,0.6234067678451538,0.20515817403793335,0.04361554607748985,0.5853351354598999,0.24424658715724945,0.0048403008840978146,0.591029167175293,0.24493032693862915,0.005412229336798191,0.5964273810386658,0.24440942704677582,0.007182268891483545,0.6032488346099854,0.23997600376605988,0.012569618411362171,0.5803593397140503,0.24202090501785278,0.005042755510658026,0.592558741569519,0.22009529173374176,0.00398722430691123,0.586204469203949,0.22073990106582642,0.0037847307976335287,0.5983840823173523,0.22184763848781586,0.006053232122212648,0.602185845375061,0.2253706455230713,0.008556650951504707,0.6086820960044861,0.2454064041376114,0.01508642639964819,0.5838701128959656,0.3719962537288666,0.002624157816171646,0.6024184823036194,0.2346564531326294,0.014015914872288704,0.6264848113059998,0.24328963458538055,0.042169056832790375,0.6152442693710327,0.24046429991722107,0.021688582375645638,0.5906081199645996,0.2785290777683258,-0.003120560897514224,0.5693594813346863,0.31199270486831665,-0.018617529422044754,0.5685161352157593,0.3209942579269409,-0.017085116356611252,0.5768938660621643,0.3170783817768097,-0.014927842654287815,0.581117570400238,0.32362616062164307,-0.009894318878650665,0.5739338994026184,0.3232136368751526,-0.014242603443562984,0.577703058719635,0.32700997591018677,-0.009525872766971588,0.5885179042816162,0.3407996892929077,0.0010488557163625956,0.568207323551178,0.28215527534484863,-0.031651802361011505,0.5689309239387512,0.2738122045993805,-0.03280160576105118,0.6099312901496887,0.22000965476036072,0.011335120536386967,0.57896488904953,0.25730636715888977,-0.0032680374570190907,0.5805386900901794,0.2809201180934906,-0.01676812767982483,0.5808411240577698,0.2767479717731476,-0.01470355223864317,0.6074371933937073,0.27822330594062805,0.004516051150858402,0.5683755874633789,0.2639450430870056,-0.028588660061359406,0.5959005355834961,0.2107163369655609,0.000706029066350311,0.6039618849754333,0.21385586261749268,0.005506628192961216,0.6175227165222168,0.1884503960609436,0.03306761011481285,0.571696937084198,0.21784916520118713,-0.005902951117604971,0.5806986093521118,0.2242225706577301,0.005135444924235344,0.5917364358901978,0.32935312390327454,0.0020274766720831394,0.6172211170196533,0.32829415798187256,0.050690051168203354,0.576191246509552,0.28588077425956726,-0.01496148481965065,0.5717431306838989,0.2887968420982361,-0.016431696712970734,0.5848425030708313,0.33932870626449585,0.0008091621566563845,0.5829936265945435,0.33937838673591614,-0.0009468854987062514,0.6070139408111572,0.20871397852897644,0.00922250933945179,0.5805883407592773,0.2852066457271576,-0.013881639577448368,0.5852366089820862,0.2113918662071228,-0.003196021309122443,0.5860620141029358,0.20458155870437622,-0.00371956848539412,0.5940540432929993,0.16630682349205017,0.010586914606392384,0.613330066204071,0.19716927409172058,0.019489692524075508,0.5905285477638245,0.1835399866104126,0.0029028921853750944,0.6134191155433655,0.216547429561615,0.017066095024347305,0.6195802688598633,0.21042890846729279,0.029424874112010002,0.5691674947738647,0.3166551887989044,-0.018520615994930267,0.5755129456520081,0.32030031085014343,-0.014890824444591999,0.5795879364013672,0.32532650232315063,-0.010279645211994648,0.5747808218002319,0.2876599431037903,-0.014187502674758434,0.5839198231697083,0.3394660949707031,-0.00019633585179690272,0.5834075212478638,0.34647420048713684,-0.0025751744396984577,0.5821574330329895,0.3391682803630829,-0.0010826785583049059,0.5738356709480286,0.28248441219329834,-0.0228152833878994,0.5762576460838318,0.32773536443710327,-0.008670710027217865,0.572617769241333,0.32476523518562317,-0.012044785544276237,0.5678309798240662,0.3236076235771179,-0.014612467028200626,0.5722393989562988,0.36630991101264954,-0.002489811275154352,0.5733993053436279,0.3753373622894287,-0.008539956994354725,0.5723753571510315,0.3709162771701813,-0.00999404862523079,0.5711034536361694,0.36512163281440735,-0.009164066053926945,0.5698414444923401,0.36025431752204895,-0.008667663671076298,0.5778148174285889,0.35024285316467285,-0.004332433920353651,0.5796923637390137,0.3520005941390991,-0.004848488140851259,0.5819719433784485,0.3539750576019287,-0.005434960126876831,0.5838451981544495,0.3556745648384094,-0.004417789168655872,0.5864207148551941,0.3106131851673126,-0.007436644751578569,0.6253687143325806,0.28445497155189514,0.06282471120357513,0.5799074769020081,0.34532663226127625,-0.002090905560180545,0.5816872715950012,0.345952570438385,-0.0025401348248124123,0.5704324841499329,0.292231947183609,-0.016617167741060257,0.5786102414131165,0.2906931936740875,-0.010010589845478535,0.5710376501083374,0.2905953824520111,-0.0167531855404377,0.5850362181663513,0.26224493980407715,-0.0014641860034316778,0.5944066643714905,0.26783978939056396,0.00011680405441438779,0.5817369818687439,0.28105810284614563,-0.011632309295237064,0.6082426905632019,0.1750549077987671,0.021259799599647522,0.604130744934082,0.18780367076396942,0.010828693397343159,0.5977074503898621,0.2041427195072174,0.002643539337441325,0.5849664807319641,0.34992390871047974,-0.0006501030293293297,0.5731747150421143,0.20657095313072205,-0.007220263592898846,0.576918363571167,0.18293209373950958,-0.001966942334547639,0.5788624286651611,0.1625160276889801,0.0037432725075632334,0.6007924675941467,0.24296730756759644,0.009952185675501823,0.6156564950942993,0.2516612708568573,0.018201719969511032,0.5770606994628906,0.23981840908527374,0.005838793236762285,0.6082051992416382,0.22975318133831024,0.013968566432595253,0.5749455094337463,0.2516389489173889,-0.005245748441666365,0.5772838592529297,0.277250200510025,-0.022284626960754395,0.6218385696411133,0.2582884430885315,0.02434571646153927,0.6116583347320557,0.25693777203559875,0.012376852333545685,0.6043131947517395,0.259725958108902,0.006540557835251093,0.5933156609535217,0.25855928659439087,0.0033816497307270765,0.5851424932479858,0.2551198899745941,0.00203930982388556,0.5789636373519897,0.2511073648929596,0.00039663934148848057,0.5678234100341797,0.24002507328987122,-0.010916690342128277,0.6207091212272644,0.2764464318752289,0.021316660568118095,0.6130083799362183,0.2292405664920807,0.01706732250750065,0.566308856010437,0.287090927362442,-0.02929668501019478,0.5787884593009949,0.2650095224380493,-0.006388880778104067,0.6277313232421875,0.2443465292453766,0.062133971601724625,0.5742962956428528,0.24645231664180756,-0.00039873679634183645,0.5820172429084778,0.28209733963012695,-0.005652012303471565,0.605067253112793,0.23523181676864624,0.015163437463343143,0.577322244644165,0.27218151092529297,-0.01972837559878826,0.6226344108581543,0.3055729568004608,0.058315761387348175,0.5767471790313721,0.236927330493927,0.007676935289055109,0.5728840231895447,0.2671464681625366,-0.025146009400486946,0.6053356528282166,0.3479405641555786,0.021556779742240906,0.6049473285675049,0.3594442307949066,0.03006276674568653,0.6258397102355957,0.28062552213668823,0.041915055364370346,0.6118896007537842,0.3358248472213745,0.028135787695646286,0.6232777237892151,0.2256094515323639,0.037608712911605835,0.5850098729133606,0.3811677098274231,0.0050780619494616985,0.565545916557312,0.2894590198993683,-0.02211759053170681,0.5837862491607666,0.27147600054740906,-0.004440858960151672,0.6207684278488159,0.24281130731105804,0.027748676016926765,0.5953283309936523,0.23953849077224731,0.008028306066989899,0.5906651616096497,0.2402074635028839,0.0063095190562307835,0.5849665999412537,0.3467591404914856,-0.0018055799882858992,0.6188075542449951,0.29467660188674927,0.02167101390659809,0.575193464756012,0.39680594205856323,0.0055185784585773945,0.5913780331611633,0.3808736503124237,0.016366709023714066,0.5978477001190186,0.37164178490638733,0.022311240434646606,0.585920512676239,0.23966066539287567,0.005824447143822908,0.5813003778457642,0.23839658498764038,0.006435278337448835,0.5782909989356995,0.23771071434020996,0.007549302652478218,0.6173004508018494,0.22784557938575745,0.023340299725532532,0.581851601600647,0.23058746755123138,0.006131067406386137,0.5866681933403015,0.22813071310520172,0.005267601925879717,0.5914455652236938,0.22777163982391357,0.005807164590805769,0.5961752533912659,0.22919517755508423,0.007443318609148264,0.5991884469985962,0.2313835620880127,0.00950305350124836,0.6265832185745239,0.22270099818706512,0.05441071093082428,0.5983726382255554,0.23822404444217682,0.010068374685943127,0.5816003680229187,0.30424764752388,-0.010754060931503773,0.5763199925422668,0.2842014729976654,-0.017044762149453163,0.5715343356132507,0.3001907169818878,-0.016240589320659637,0.5988649725914001,0.3603508174419403,0.016364017501473427,0.5921695232391357,0.37037554383277893,0.011018157936632633,0.5755317807197571,0.38962671160697937,-0.0003189372073393315,0.6109036207199097,0.34639692306518555,0.04005156457424164,0.5783556699752808,0.23433083295822144,0.0070589627139270306,0.5715523958206177,0.2529353201389313,-0.01333475112915039,0.5841568112373352,0.38967984914779663,0.010068121366202831,0.6231527328491211,0.3005232810974121,0.039534442126750946,0.5746154189109802,0.3556574583053589,-0.006663781125098467,0.576537013053894,0.3590056896209717,-0.0070673879235982895,0.5786072015762329,0.3629896938800812,-0.0076221683993935585,0.5802906155586243,0.36675089597702026,-0.0065663764253258705,0.5798704624176025,0.35910165309906006,-0.002258139429613948,0.5806360244750977,0.3323386609554291,-0.005130569450557232,0.5823445916175842,0.3316499888896942,-0.00486562168225646,0.5837917923927307,0.33061379194259644,-0.004585129674524069,0.5898454785346985,0.319033682346344,-0.002659148070961237,0.6108483076095581,0.29835045337677,0.00977298617362976,0.5712165832519531,0.24519965052604675,-0.007685923017561436,0.5726472735404968,0.2302497923374176,0.003389400662854314,0.5759907364845276,0.23119251430034637,0.0059365443885326385,0.5792558193206787,0.33224570751190186,-0.004639012739062309,0.610097348690033,0.32148993015289307,0.018021712079644203,0.567969799041748,0.22996829450130463,-0.0042925504967570305,0.58184814453125,0.36426645517349243,0.0007898769108578563,0.5678379535675049,0.24826300144195557,-0.01709047518670559,0.5755949020385742,0.2659061551094055,-0.014111881144344807,0.5732475519180298,0.37229326367378235,-0.0015955526614561677,0.5931895971298218,0.34298744797706604,0.004858171567320824,0.5863679647445679,0.2897045910358429,-0.004085116554051638,0.5882789492607117,0.35436803102493286,0.003017440205439925,0.598924994468689,0.2895509600639343,-0.0007135153282433748,0.5912497639656067,0.29954513907432556,-0.0030210099648684263,0.6025881767272949,0.30473485589027405,0.0037576425820589066,0.5746980905532837,0.38081616163253784,-0.0020078420639038086,0.578900158405304,0.2709387540817261,-0.010236194357275963,0.5973978638648987,0.3497582674026489,0.010230384767055511,0.5908371210098267,0.3610531985759735,0.007113080937415361,0.5968244075775146,0.330066442489624,0.005118336994200945,0.616244912147522,0.3104739189147949,0.022990476340055466,0.6033481359481812,0.3317045569419861,0.010874672792851925,0.6186912059783936,0.31901103258132935,0.03589316084980965,0.5948621034622192,0.3120851516723633,-0.00016989579307846725,0.5749594569206238,0.2588835656642914,-0.009575542993843555,0.575584352016449,0.2808822989463806,-0.02373829483985901,0.5787959098815918,0.2835800051689148,-0.01776537112891674,0.5732858180999756,0.2749757766723633,-0.02782791294157505,0.5766136050224304,0.22285380959510803,0.00244969897903502,0.5856866240501404,0.21749848127365112,0.001961059868335724,0.5938065052032471,0.21664196252822876,0.002665325766429305,0.600599467754364,0.21872319281101227,0.0053334529511630535,0.6054338812828064,0.2230004370212555,0.009228996932506561,0.6094985008239746,0.23785348236560822,0.017432762309908867,0.6270006895065308,0.26171746850013733,0.042420268058776855,0.605539858341217,0.24880224466323853,0.011863530613481998,0.5999147295951843,0.2510400712490082,0.007980513386428356,0.5923782587051392,0.25117170810699463,0.005174623802304268,0.5850765705108643,0.24927832186222076,0.004093867260962725,0.5793436169624329,0.2463994026184082,0.0034664326813071966,0.5753858685493469,0.24347281455993652,0.003118164138868451,0.6268523931503296,0.2645636796951294,0.0645870789885521,0.5784929394721985,0.2862323224544525,-0.015052450820803642,0.5718351006507874,0.2599525451660156,-0.01844894513487816,0.5718280673027039,0.28103312849998474,-0.028535107150673866,0.5688065886497498,0.2858674228191376,-0.02682376094162464,0.5716825723648071,0.28289276361465454,-0.025838486850261688,0.5769453048706055,0.28909146785736084,-0.01332413125783205,0.5679298043251038,0.2865525484085083,-0.02846827730536461,0.5671621561050415,0.28891927003860474,-0.0219863373786211,0.5748698711395264,0.2370467483997345,0.006473443005234003,0.5722376108169556,0.23872239887714386,0.0025293207727372646,0.5707012414932251,0.239874005317688,-0.0019668207969516516,0.6009708642959595,0.23312413692474365,0.011462518945336342,0.6048119068145752,0.22970515489578247,0.012004397809505463,0.529583752155304,0.23529021441936493,0.004547335207462311,0.5360814929008484,0.2345876693725586,0.004547335207462311,0.5289633870124817,0.22760790586471558,0.004547335207462311,0.5230010747909546,0.23592881858348846,0.004547335207462311,0.5301355123519897,0.242916077375412,0.004547335207462311,0.5907376408576965,0.2325509935617447,0.008155536837875843,0.5965698957443237,0.23258033394813538,0.008155536837875843,0.5907899141311646,0.22507178783416748,0.008155536837875843,0.5849921703338623,0.23246261477470398,0.008155536837875843,0.5907508730888367,0.2400818020105362,0.008155536837875843
1200.0,0.5614749193191528,0.3143666088581085,-0.019862942397594452,0.5635572075843811,0.2828942537307739,-0.03245905041694641,0.5631781816482544,0.29296445846557617,-0.01849588006734848,0.5582672953605652,0.256553590297699,-0.023139940574765205,0.5635614395141602,0.27406826615333557,-0.03385993465781212,0.5633261203765869,0.2634047269821167,-0.030810391530394554,0.5624383687973022,0.23814137279987335,-0.013512256555259228,0.5194181799888611,0.241262286901474,0.007604203186929226,0.5618473887443542,0.2193286120891571,-0.008680285885930061,0.5616230368614197,0.20764552056789398,-0.008941149339079857,0.5605050325393677,0.16262082755565643,0.0008374839089810848,0.5615267157554626,0.3173939287662506,-0.019605416804552078,0.561693549156189,0.3208591938018799,-0.01803048513829708,0.5618512034416199,0.3234331011772156,-0.015329649671912193,0.5622614026069641,0.36001867055892944,-0.010083277709782124,0.5624058246612549,0.36517322063446045,-0.010708033107221127,0.5626088976860046,0.3708953559398651,-0.011606868356466293,0.562822699546814,0.3756158947944641,-0.009714843705296516,0.5635186433792114,0.36626094579696655,-0.003557921154424548,0.5634378790855408,0.2879106402397156,-0.029839253053069115,0.5581281781196594,0.28853839635849,-0.022297624498605728,0.493289053440094,0.21197447180747986,0.036543626338243484,0.5365924835205078,0.24720162153244019,0.0020387975964695215,0.5304819345474243,0.24867001175880432,0.0020656457636505365,0.524638295173645,0.2486092448234558,0.0033333399333059788,0.5170106291770935,0.2447306215763092,0.008068876340985298,0.5417922139167786,0.24407550692558289,0.0028694907668977976,0.5268911123275757,0.22338984906673431,0.00028269007452763617,0.5339058041572571,0.22352378070354462,0.0008411530288867652,0.5205332040786743,0.22569039463996887,0.0018184375949203968,0.5165215730667114,0.22954505681991577,0.0040836213156580925,0.5120547413825989,0.25067564845085144,0.010344929061830044,0.5420204401016235,0.37441006302833557,8.958900434663519e-05,0.5172813534736633,0.2392420619726181,0.009529775008559227,0.4927040636539459,0.25016120076179504,0.03595763072371483,0.504796028137207,0.2460254430770874,0.016400352120399475,0.5340099930763245,0.2819046676158905,-0.005729825235903263,0.5534137487411499,0.312831848859787,-0.019137011840939522,0.5550550222396851,0.3211947977542877,-0.017391303554177284,0.5461794137954712,0.3179410696029663,-0.01615379936993122,0.542056679725647,0.3244071304798126,-0.011741657741367817,0.5495818853378296,0.32356327772140503,-0.015135555528104305,0.5457353591918945,0.32733795046806335,-0.010944545269012451,0.5373721718788147,0.3436470925807953,-0.0016544889658689499,0.5588894486427307,0.28302693367004395,-0.03210366144776344,0.5582000613212585,0.2747180759906769,-0.03337636962532997,0.5075217485427856,0.2247450202703476,0.006124337203800678,0.5451162457466125,0.2595258355140686,-0.0050696879625320435,0.5452530980110168,0.2832064926624298,-0.018411539494991302,0.5446503162384033,0.27908527851104736,-0.01639883778989315,0.516305685043335,0.28334206342697144,0.00027785293059423566,0.5582508444786072,0.26477280259132385,-0.029304903000593185,0.5218745470046997,0.21318328380584717,-0.003112073987722397,0.5133143067359924,0.21760782599449158,0.0008965805754996836,0.4998689293861389,0.19453707337379456,0.026468420401215553,0.549221932888031,0.2175665944814682,-0.007318529300391674,0.5401443839073181,0.2264002561569214,0.002782542956992984,0.5338360071182251,0.3329510986804962,-0.0010148840956389904,0.504221498966217,0.33506879210472107,0.044819485396146774,0.5496678352355957,0.28774017095565796,-0.016162216663360596,0.5543221235275269,0.29013925790786743,-0.01697690226137638,0.5385896563529968,0.3396754860877991,-0.001849049236625433,0.540423572063446,0.3395369350910187,-0.0032796335872262716,0.5096980929374695,0.213080033659935,0.0043197874911129475,0.5450039505958557,0.28752878308296204,-0.015447327867150307,0.5337017178535461,0.21252921223640442,-0.005872293375432491,0.5321943163871765,0.20595508813858032,-0.006529670208692551,0.5257387161254883,0.1696961671113968,0.006404637824743986,0.5055827498435974,0.20265302062034607,0.014112991280853748,0.5304379463195801,0.1864328384399414,-0.000314861856168136,0.503699004650116,0.221966952085495,0.011524607427418232,0.49886202812194824,0.21663427352905273,0.023562978953123093,0.5539944171905518,0.3172895908355713,-0.0189560204744339,0.5477277636528015,0.32092568278312683,-0.015945693477988243,0.543728768825531,0.32597872614860535,-0.011874080635607243,0.5510339736938477,0.28939124941825867,-0.015097259543836117,0.5395040512084961,0.3397195041179657,-0.0026411842554807663,0.5402715802192688,0.3468552231788635,-0.004883000161498785,0.5412535667419434,0.3393085300922394,-0.0033674382138997316,0.5523905158042908,0.28392332792282104,-0.02398230880498886,0.547304093837738,0.32795533537864685,-0.010017123073339462,0.5511198043823242,0.3249298632144928,-0.012873035855591297,0.5560758113861084,0.32353028655052185,-0.014900345355272293,0.5549629330635071,0.36541125178337097,-0.003933947999030352,0.5528782606124878,0.3737874925136566,-0.009897234849631786,0.5533472895622253,0.3693135380744934,-0.01124880462884903,0.5542041659355164,0.36338210105895996,-0.010249534621834755,0.5551942586898804,0.35846513509750366,-0.00967953260987997,0.546307384967804,0.3499164879322052,-0.006213244050741196,0.5445027351379395,0.3520030975341797,-0.0068366071209311485,0.5423182249069214,0.3543761968612671,-0.007536944933235645,0.5406189560890198,0.356314480304718,-0.00667749485000968,0.5395447611808777,0.3137248754501343,-0.009627633728086948,0.49374890327453613,0.29164814949035645,0.05608855187892914,0.5632777810096741,0.29034435749053955,-0.02256999909877777,0.5438058376312256,0.3451851010322571,-0.004270295146852732,0.5420039296150208,0.34610608220100403,-0.004772198852151632,0.5559249520301819,0.29345589876174927,-0.017168624326586723,0.5469937324523926,0.29287564754486084,-0.011181581765413284,0.5551866888999939,0.29183173179626465,-0.01727575808763504,0.5388138890266418,0.26513126492500305,-0.003791655646637082,0.529474139213562,0.271632581949234,-0.0029382070060819387,0.5436536073684692,0.2834993600845337,-0.013351263478398323,0.5102746486663818,0.17999255657196045,0.015612771734595299,0.5156508684158325,0.19214719533920288,0.006386199966073036,0.5194507837295532,0.20716217160224915,-0.0013384883059188724,0.5413806438446045,0.35178810358047485,-0.003187185153365135,0.5465789437294006,0.20647385716438293,-0.008794744499027729,0.5449427366256714,0.18454483151435852,-0.0038531029131263494,0.5418468117713928,0.16440720856189728,0.0013791952515020967,0.5198339819908142,0.2475181221961975,0.005684589501470327,0.5057589411735535,0.257217139005661,0.013027839362621307,0.5452139973640442,0.24114318192005157,0.003858134150505066,0.5105592012405396,0.234625443816185,0.009027314372360706,0.5493530035018921,0.2533671259880066,-0.00672115245833993,0.5487818717956543,0.27907660603523254,-0.02368500642478466,0.4996986985206604,0.26480889320373535,0.018582746386528015,0.5102635025978088,0.26248133182525635,0.007498282939195633,0.5183445811271667,0.2645553946495056,0.0023959088139235973,0.529973566532135,0.26211363077163696,0.0002146530314348638,0.5384793877601624,0.25774896144866943,-0.0004119645745959133,0.5448950529098511,0.2527306377887726,-0.001483337371610105,0.5570161938667297,0.24076218903064728,-0.011684531345963478,0.5018923282623291,0.2829284071922302,0.015712954103946686,0.5056621432304382,0.23455071449279785,0.011670964770019054,0.5606421232223511,0.28783172369003296,-0.02964579313993454,0.545796275138855,0.2671892046928406,-0.008081273175776005,0.4895232319831848,0.25167614221572876,0.05493178591132164,0.5495386719703674,0.24726048111915588,-0.0018701013177633286,0.543027937412262,0.28460508584976196,-0.007284761406481266,0.5145739912986755,0.24003559350967407,0.01049578282982111,0.5483884215354919,0.2740887999534607,-0.021159671247005463,0.49771881103515625,0.312710702419281,0.05195816233754158,0.5452582240104675,0.238089919090271,0.005597732029855251,0.5532932877540588,0.26850199699401855,-0.026290949434041977,0.5187055468559265,0.35348159074783325,0.017452649772167206,0.5183606147766113,0.3653286397457123,0.025592181831598282,0.49545207619667053,0.28761255741119385,0.03602898493409157,0.5116603374481201,0.3417685031890869,0.023510407656431198,0.4953062832355499,0.23211558163166046,0.03155681863427162,0.5406065583229065,0.38408783078193665,0.0025001687463372946,0.561124861240387,0.2901328504085541,-0.022266898304224014,0.5406104326248169,0.2742049992084503,-0.006460272707045078,0.49971073865890503,0.24823972582817078,0.02203909493982792,0.5250542163848877,0.24363423883914948,0.004202304407954216,0.5301432013511658,0.24392390251159668,0.00292192492634058,0.5387415289878845,0.34738487005233765,-0.004265598952770233,0.5043810606002808,0.30100107192993164,0.016412917524576187,0.5504472851753235,0.3978695273399353,0.003860356518998742,0.5330071449279785,0.3854058086872101,0.013160650618374348,0.5261356234550476,0.3769930899143219,0.018535088747739792,0.5610893368721008,0.18410328030586243,-0.004485935904085636,0.5630397200584412,0.39905214309692383,0.003012681845575571,0.5353203415870667,0.24278177320957184,0.0029179290868341923,0.5401692986488342,0.24070441722869873,0.00393370445817709,0.5434930324554443,0.23928438127040863,0.005333600100129843,0.5012131929397583,0.2337234914302826,0.017603855580091476,0.5394559502601624,0.23304174840450287,0.003481305669993162,0.5342020988464355,0.23147904872894287,0.0021572045516222715,0.5290347933769226,0.23153585195541382,0.0022233014460653067,0.5238427519798279,0.23330628871917725,0.003424814436584711,0.5206061005592346,0.23568877577781677,0.005241515580564737,0.49007269740104675,0.2298944741487503,0.04720943793654442,0.5216915011405945,0.24251778423786163,0.005949757993221283,0.5633209347724915,0.30040737986564636,-0.017273301258683205,0.5445849895477295,0.30683019757270813,-0.012433384545147419,0.5496180057525635,0.28599467873573303,-0.018197504803538322,0.5552780628204346,0.3016994893550873,-0.016923917457461357,0.5620871186256409,0.2289646565914154,-0.008788942359387875,0.5255468487739563,0.36535540223121643,0.01279901247471571,0.5327001810073853,0.37464848160743713,0.007965370081365108,0.5509071946144104,0.39054441452026367,-0.0020915016066282988,0.5116081833839417,0.3527665436267853,0.03491894528269768,0.5433768033981323,0.2358565330505371,0.004725128877907991,0.5535996556282043,0.2541278600692749,-0.01442425511777401,0.5634458065032959,0.3919192850589752,-0.0027345186099410057,0.5408434867858887,0.39279207587242126,0.00746612623333931,0.49901819229125977,0.30733686685562134,0.03400406241416931,0.5500252842903137,0.35481393337249756,-0.008181196637451649,0.5482878684997559,0.3584232032299042,-0.008716899901628494,0.5464869737625122,0.3626958131790161,-0.00944558810442686,0.5452392101287842,0.3667454123497009,-0.008500488474965096,0.5469556450843811,0.35972484946250916,-0.004460567142814398,0.542608916759491,0.3326691687107086,-0.007069465704262257,0.5408567786216736,0.3321842551231384,-0.007025843486189842,0.5393829941749573,0.3312360346317291,-0.006926726549863815,0.535880982875824,0.3225213587284088,-0.0054432544857263565,0.5131142139434814,0.30387693643569946,0.005262302700430155,0.553298830986023,0.2463718056678772,-0.008798308670520782,0.5494829416275024,0.23084792494773865,0.0019719137344509363,0.5457673072814941,0.23241375386714935,0.003937365487217903,0.5440917611122131,0.33251044154167175,-0.006515472661703825,0.5138105750083923,0.3271593749523163,0.013524672947824001,0.5547012090682983,0.22967562079429626,-0.005241646431386471,0.5444386601448059,0.3659559488296509,-0.0015772337792441249,0.5630323886871338,0.25483739376068115,-0.024760525673627853,0.5576506853103638,0.24900676310062408,-0.017778119072318077,0.5627471804618835,0.2467515766620636,-0.018800880759954453,0.5496752262115479,0.2676030397415161,-0.01540366094559431,0.5634581446647644,0.38263893127441406,-0.004605017602443695,0.5634551644325256,0.37330445647239685,-0.0037635585758835077,0.5535843372344971,0.37222400307655334,-0.0032671880908310413,0.5321264863014221,0.3467023968696594,0.0017829749267548323,0.5386280417442322,0.2927178740501404,-0.006202596239745617,0.5374350547790527,0.35734111070632935,0.0002693845599424094,0.5256919264793396,0.2937430739402771,-0.0040586842224001884,0.533976137638092,0.30302661657333374,-0.005694712046533823,0.5219005346298218,0.30946001410484314,-2.50658777076751e-05,0.5519078373908997,0.38134604692459106,-0.003850779728963971,0.546082615852356,0.27311912178993225,-0.011788860894739628,0.5273841619491577,0.3543069362640381,0.0067609320394694805,0.5344735980033875,0.3647754192352295,0.004181965719908476,0.5282396674156189,0.33424776792526245,0.001622707350179553,0.5072044730186462,0.3166932165622711,0.01800907589495182,0.521141767501831,0.33671388030052185,0.006896838545799255,0.5041018724441528,0.32549813389778137,0.03068429045379162,0.5302951335906982,0.31604093313217163,-0.0033515337854623795,0.5498482584953308,0.2605360150337219,-0.01098006870597601,0.5506487488746643,0.28250259160995483,-0.025029711425304413,0.5471107959747314,0.2856764793395996,-0.01913132704794407,0.553284764289856,0.27633827924728394,-0.02893885038793087,0.5443751811981201,0.22392991185188293,0.0004943513195030391,0.5338764190673828,0.21952511370182037,-0.0008775444002822042,0.5249053835868835,0.2195156216621399,-0.000980119570158422,0.5176413655281067,0.22245196998119354,0.000994160771369934,0.5127078890800476,0.22737941145896912,0.0044691842049360275,0.5103311538696289,0.24283447861671448,0.012513497844338417,0.4931756258010864,0.2687039375305176,0.03618656471371651,0.5155667066574097,0.25378528237342834,0.007388341706246138,0.5218466520309448,0.25552791357040405,0.004035480786114931,0.529948353767395,0.25488781929016113,0.00194074516184628,0.5376386642456055,0.25210633873939514,0.0015111056854948401,0.5436784625053406,0.2482268214225769,0.001530921901576221,0.5477815270423889,0.2445974051952362,0.0015237050829455256,0.4912184178829193,0.2717631459236145,0.05755263566970825,0.547244668006897,0.28834855556488037,-0.016373196616768837,0.5538424849510193,0.26117146015167236,-0.01953464187681675,0.5548499226570129,0.2822682857513428,-0.02941986918449402,0.557819664478302,0.2868155539035797,-0.0273259449750185,0.5547798871994019,0.28403496742248535,-0.026702677831053734,0.5487844347953796,0.29111766815185547,-0.014392133802175522,0.558904230594635,0.28742626309394836,-0.028877999633550644,0.5593687891960144,0.28976669907569885,-0.022269567474722862,0.5474228262901306,0.23794783651828766,0.004730693530291319,0.5507863163948059,0.23932704329490662,0.0012419515987858176,0.5527500510215759,0.24011068046092987,-0.0030426487792283297,0.5187767744064331,0.23752975463867188,0.007072283420711756,0.5140636563301086,0.23427993059158325,0.007371471729129553,0.5676535964012146,0.2560727894306183,-0.022554557770490646,0.600415825843811,0.2379370927810669,0.011676880531013012,0.5682474970817566,0.2880893349647522,-0.02186998538672924,0.623799741268158,0.20580878853797913,0.0433335080742836,0.5848745703697205,0.2452910840511322,0.004676251206547022,0.5907160639762878,0.2460244596004486,0.005229503381997347,0.5962187647819519,0.24544599652290344,0.006988235749304295,0.6031316518783569,0.24099504947662354,0.01237187348306179,0.5797536969184875,0.24296776950359344,0.004922507330775261,0.5924843549728394,0.22060872614383698,0.003610338317230344,0.5859537124633789,0.22115904092788696,0.0034723300486803055,0.5984295010566711,0.22249169647693634,0.005682445131242275,0.6022799611091614,0.22612906992435455,0.008217542432248592,0.6085614562034607,0.24621540307998657,0.014961563982069492,0.583934485912323,0.3712483048439026,0.0018707402050495148,0.6023520827293396,0.23575861752033234,0.013788838870823383,0.6266863942146301,0.24393871426582336,0.042164646089076996,0.6152694225311279,0.24107037484645844,0.021551629528403282,0.590584397315979,0.2790270745754242,-0.0031573011074215174,0.5694936513900757,0.3122378885746002,-0.01851799339056015,0.5684463977813721,0.32075777649879456,-0.01684553176164627,0.5771697163581848,0.31692707538604736,-0.014856006018817425,0.5814595818519592,0.3232373297214508,-0.009909983724355698,0.5740238428115845,0.32285404205322266,-0.014061401598155499,0.577903687953949,0.326547235250473,-0.009430598467588425,0.5884385704994202,0.3403378427028656,0.0007060636999085546,0.5680907964706421,0.28258055448532104,-0.03173724561929703,0.5688064098358154,0.2741674780845642,-0.032941579818725586,0.6102840304374695,0.2203294038772583,0.010971734300255775,0.5789290070533752,0.25775018334388733,-0.0033316253684461117,0.5806043148040771,0.28139832615852356,-0.016824793070554733,0.5808716416358948,0.2771974205970764,-0.014766218140721321,0.6074604392051697,0.27872297167778015,0.0045549157075583935,0.5682350993156433,0.2642299234867096,-0.028755703940987587,0.5961906909942627,0.2107011377811432,0.00032038550125434995,0.6043017506599426,0.21403998136520386,0.005130051635205746,0.6178823113441467,0.1889631152153015,0.032615020871162415,0.5715731382369995,0.2173711657524109,-0.006169422063976526,0.5802829265594482,0.22462522983551025,0.004889533855021,0.5918502807617188,0.3293510675430298,0.001832469366490841,0.6173709630966187,0.32857364416122437,0.051208171993494034,0.5762463808059692,0.2863905727863312,-0.014979380182921886,0.5717405676841736,0.2893126308917999,-0.016382969915866852,0.5851522088050842,0.33856070041656494,0.0006869555218145251,0.5832300782203674,0.3385288119316101,-0.0010648943716660142,0.6074892282485962,0.2088010609149933,0.008819782175123692,0.5806515216827393,0.28570473194122314,-0.013895413838326931,0.5853986740112305,0.21111227571964264,-0.0035580098628997803,0.5863171815872192,0.2042076289653778,-0.0041337888687849045,0.5941175222396851,0.1665763556957245,0.009992511942982674,0.6136878132820129,0.19758252799510956,0.01906479150056839,0.590569257736206,0.1837182343006134,0.0024231665302067995,0.6138889789581299,0.21674032509326935,0.016694707795977592,0.6199448704719543,0.21100294589996338,0.029103253036737442,0.5691815614700317,0.316709965467453,-0.018357083201408386,0.5756846070289612,0.32008472084999084,-0.014769128523766994,0.579849898815155,0.32493826746940613,-0.010243788361549377,0.5748220086097717,0.28817644715309143,-0.014157054014503956,0.5841977596282959,0.3386533558368683,-0.0003073437255807221,0.5835984945297241,0.34528887271881104,-0.002899318467825651,0.5823416113853455,0.33830365538597107,-0.001207830966450274,0.5738228559494019,0.2829342186450958,-0.022888125851750374,0.5763840675354004,0.32728007435798645,-0.008540691807866096,0.5726489424705505,0.3243376314640045,-0.011806480586528778,0.5677095651626587,0.323211669921875,-0.014315634034574032,0.5718954801559448,0.3643932044506073,-0.0033513365779072046,0.5727981328964233,0.372758686542511,-0.009265153668820858,0.5718070268630981,0.3682994246482849,-0.010567829012870789,0.5705726742744446,0.3624615967273712,-0.009601215831935406,0.5693560242652893,0.3576109707355499,-0.009062321856617928,0.57769775390625,0.34843307733535767,-0.004705606959760189,0.5796374082565308,0.3502974808216095,-0.005289744585752487,0.5820021629333496,0.352461040019989,-0.0059550441801548,0.5839272737503052,0.3543079197406769,-0.004965893924236298,0.586408257484436,0.31104177236557007,-0.0074745831079781055,0.6255838871002197,0.28515294194221497,0.06325957924127579,0.5799299478530884,0.34389376640319824,-0.0023765615187585354,0.5817810297012329,0.3446430563926697,-0.002856183098629117,0.5703632235527039,0.2928076982498169,-0.016593128442764282,0.5786221027374268,0.29123473167419434,-0.009972263127565384,0.5710002779960632,0.2911373972892761,-0.01670815236866474,0.585023045539856,0.26277732849121094,-0.0014950231416150928,0.5943968892097473,0.26840582489967346,0.00011186074698343873,0.5817657709121704,0.2815208435058594,-0.011654870584607124,0.6084924936294556,0.17542442679405212,0.020693032070994377,0.6043850183486938,0.18807440996170044,0.010357256978750229,0.5981230735778809,0.20403867959976196,0.0022122454829514027,0.5846931338310242,0.3489084243774414,-0.001198553596623242,0.5731869339942932,0.20593760907649994,-0.0075760046020150185,0.5767796635627747,0.1831406056880951,-0.0024113173130899668,0.5787621736526489,0.16275537014007568,0.0031985952518880367,0.6006472706794739,0.2440134882926941,0.00975350383669138,0.6155385375022888,0.2523912787437439,0.01811029575765133,0.5763593316078186,0.2406701147556305,0.005720000248402357,0.6083248257637024,0.23044270277023315,0.01369051355868578,0.5748929381370544,0.25199851393699646,-0.005330767948180437,0.577300488948822,0.27766919136047363,-0.02238384075462818,0.6219339966773987,0.2588694095611572,0.024323895573616028,0.6114671230316162,0.25769472122192383,0.012286382727324963,0.6040624976158142,0.26043277978897095,0.006455307826399803,0.5929760932922363,0.2592482566833496,0.0033205351792275906,0.5847104787826538,0.25580844283103943,0.001973033184185624,0.5784559845924377,0.25173380970954895,0.0003296454669907689,0.5676851868629456,0.24019542336463928,-0.01107934769243002,0.6207213401794434,0.2769855558872223,0.021384965628385544,0.6132179498672485,0.2297559380531311,0.01677388697862625,0.5661659836769104,0.2875575125217438,-0.02933400496840477,0.5787423849105835,0.26545223593711853,-0.006423203274607658,0.6280502080917358,0.24510499835014343,0.06230910122394562,0.5737664699554443,0.24699518084526062,-0.00047118146903812885,0.5820224285125732,0.2825811207294464,-0.005628666840493679,0.605027973651886,0.23619167506694794,0.014951881021261215,0.5773197412490845,0.27257952094078064,-0.019832242280244827,0.6227699518203735,0.3061208426952362,0.058810293674468994,0.5760008096694946,0.23778000473976135,0.0075286440551280975,0.5728179812431335,0.26747316122055054,-0.025295890867710114,0.6056393980979919,0.347795695066452,0.021476704627275467,0.605219304561615,0.3592921197414398,0.030275417491793633,0.6258214712142944,0.2812008559703827,0.042139604687690735,0.6121026277542114,0.3358008861541748,0.028280014172196388,0.6235598921775818,0.226233571767807,0.03743966668844223,0.5851712822914124,0.38049253821372986,0.0044101569801568985,0.5654180645942688,0.2899644076824188,-0.022075949236750603,0.5837551355361938,0.2719920575618744,-0.004453857429325581,0.6208986639976501,0.24326245486736298,0.027638887986540794,0.5951593518257141,0.2407611757516861,0.007804798427969217,0.5903841853141785,0.24143365025520325,0.006097824778407812,0.5852376222610474,0.3456870913505554,-0.002109551802277565,0.6188048720359802,0.29511770606040955,0.021830065175890923,0.5752747654914856,0.39588120579719543,0.005022455472499132,0.5915740132331848,0.38048598170280457,0.016079390421509743,0.5981027483940125,0.3713982105255127,0.02224005199968815,0.5854921936988831,0.24083322286605835,0.005634469445794821,0.5807005763053894,0.23945607244968414,0.0062716566026210785,0.5775826573371887,0.23866106569766998,0.007400540169328451,0.6176207661628723,0.22820591926574707,0.023072732612490654,0.5813373327255249,0.23141328990459442,0.0058835227973759174,0.5863527059555054,0.22901295125484467,0.004970565438270569,0.5912756323814392,0.22873899340629578,0.0054825227707624435,0.596073567867279,0.23022682964801788,0.007115519139915705,0.5991127490997314,0.23245938122272491,0.009196288883686066,0.626948893070221,0.22341492772102356,0.05436556041240692,0.5982656478881836,0.23942050337791443,0.009839079342782497,0.5815055966377258,0.3048122525215149,-0.010759339667856693,0.5763731002807617,0.2846974730491638,-0.0170698594301939,0.5713943243026733,0.3008803427219391,-0.0162559412419796,0.5991733074188232,0.36011502146720886,0.016053764149546623,0.592402458190918,0.36997804045677185,0.010514308698475361,0.5756263732910156,0.3886341154575348,-0.0010983720421791077,0.6111374497413635,0.3463849127292633,0.04050373286008835,0.5776769518852234,0.2351626604795456,0.006868263706564903,0.571467399597168,0.253204345703125,-0.013465029187500477,0.5842750072479248,0.3890393376350403,0.009620890952646732,0.6230828762054443,0.30095478892326355,0.03982044383883476,0.5743266344070435,0.35338538885116577,-0.007054577581584454,0.5762550234794617,0.3567974865436554,-0.007540307939052582,0.5783600807189941,0.36092710494995117,-0.008216846734285355,0.5800437331199646,0.364801824092865,-0.007246553897857666,0.5794916152954102,0.3575479984283447,-0.002987486310303211,0.5808860659599304,0.33173853158950806,-0.005143254995346069,0.5826500058174133,0.33107542991638184,-0.00490537378937006,0.5841701030731201,0.33004066348075867,-0.004647428635507822,0.5899403095245361,0.31929269433021545,-0.0027689544949680567,0.6109409928321838,0.2987200915813446,0.0098424032330513,0.5711266398429871,0.2454593926668167,-0.007804803550243378,0.5721731781959534,0.2305416613817215,0.0032352604903280735,0.5753979682922363,0.2317299097776413,0.005762203596532345,0.5794286131858826,0.3316993713378906,-0.004627141635864973,0.6103153228759766,0.3216160833835602,0.018073223531246185,0.5676202178001404,0.22999408841133118,-0.004474943038076162,0.5816880464553833,0.3632528781890869,5.834042895003222e-06,0.5677045583724976,0.24846383929252625,-0.01727055385708809,0.5755469799041748,0.26628628373146057,-0.014193941839039326,0.5730863809585571,0.3708491325378418,-0.00255080359056592,0.5932877063751221,0.34274953603744507,0.004475520458072424,0.5864049196243286,0.29018399119377136,-0.004111798945814371,0.5882033705711365,0.35379916429519653,0.0024166307412087917,0.5989984273910522,0.28991660475730896,-0.0007756181294098496,0.5913589000701904,0.29991504549980164,-0.003089336445555091,0.6028339266777039,0.30502837896347046,0.0036859773099422455,0.5747165679931641,0.3797167241573334,-0.0029218809213489294,0.5788782238960266,0.2713810205459595,-0.010279891081154346,0.5976389646530151,0.34953075647354126,0.009876682423055172,0.5909423828125,0.3606058955192566,0.006545015145093203,0.5970503687858582,0.33011138439178467,0.004905222449451685,0.6163259148597717,0.3107699751853943,0.023164689540863037,0.6036047339439392,0.33167359232902527,0.010729783214628696,0.6187295913696289,0.31922900676727295,0.03618019074201584,0.5951080918312073,0.3123861849308014,-0.0002788305573631078,0.5749008059501648,0.25923851132392883,-0.009652111679315567,0.5755930542945862,0.2813204526901245,-0.02383386343717575,0.5788645148277283,0.28407302498817444,-0.017801882699131966,0.5732399821281433,0.275349497795105,-0.02795781008899212,0.5762931108474731,0.22292301058769226,0.002200858201831579,0.5855916738510132,0.21766164898872375,0.0016417679144069552,0.5938849449157715,0.2169862985610962,0.00230388343334198,0.600757896900177,0.2192244529724121,0.004965309053659439,0.6056220531463623,0.22359336912631989,0.008894852362573147,0.6094662547111511,0.23859751224517822,0.017251843586564064,0.6271069645881653,0.2623519003391266,0.04252956435084343,0.6053662300109863,0.24965766072273254,0.011733205989003181,0.5996771454811096,0.25185921788215637,0.007851318456232548,0.5920401215553284,0.2520388066768646,0.005061233416199684,0.5846209526062012,0.2501249611377716,0.003987070173025131,0.5787743330001831,0.24716056883335114,0.003392695216462016,0.5747743248939514,0.24412596225738525,0.0030426867306232452,0.627118706703186,0.2653231918811798,0.0649021714925766,0.5785612463951111,0.28673937916755676,-0.015057487413287163,0.5717431306838989,0.2602430582046509,-0.018578043207526207,0.5717688202857971,0.28144699335098267,-0.02863054908812046,0.5686945915222168,0.28633221983909607,-0.026858653873205185,0.5716294050216675,0.28332608938217163,-0.02591012977063656,0.5769753456115723,0.289619117975235,-0.013299046084284782,0.5678064227104187,0.2870126962661743,-0.028507916256785393,0.5670556426048279,0.28940773010253906,-0.021961189806461334,0.5741561055183411,0.23777951300144196,0.006355131510645151,0.5716395974159241,0.2392352968454361,0.002441133139654994,0.5701993107795715,0.2402772754430771,-0.0020559413824230433,0.600899338722229,0.23420612514019012,0.011187952943146229,0.6048882603645325,0.23054392635822296,0.011717007495462894,0.5300107002258301,0.2367529273033142,0.004769780673086643,0.536716639995575,0.23605453968048096,0.004769780673086643,0.5293484330177307,0.2290177047252655,0.004769780673086643,0.5232291221618652,0.2373999059200287,0.004769780673086643,0.5306245684623718,0.24443715810775757,0.004769780673086643,0.5905811190605164,0.23381060361862183,0.00792171061038971,0.5968198180198669,0.23386335372924805,0.00792171061038971,0.5906809568405151,0.22593529522418976,0.00792171061038971,0.5844036936759949,0.233682781457901,0.00792171061038971,0.5905288457870483,0.24172313511371613,0.00792171061038971
1233.3333333333333,0.5611711740493774,0.3144035339355469,-0.019919821992516518,0.5636511445045471,0.2825779318809509,-0.03234279900789261,0.563220202922821,0.29271870851516724,-0.01845189556479454,0.5583759546279907,0.2563713490962982,-0.023012636229395866,0.5636705160140991,0.27378183603286743,-0.03372562676668167,0.5634328722953796,0.26317715644836426,-0.030659377574920654,0.5625181198120117,0.23805321753025055,-0.013329693116247654,0.5192680954933167,0.24139633774757385,0.007553700357675552,0.5619346499443054,0.2192048579454422,-0.008475540205836296,0.5617324113845825,0.2075178325176239,-0.008712923154234886,0.5607003569602966,0.16275247931480408,0.001095545245334506,0.5612726807594299,0.3173356354236603,-0.01967485249042511,0.5614957809448242,0.32069048285484314,-0.018100447952747345,0.5617048740386963,0.32318881154060364,-0.015404931269586086,0.562813401222229,0.35954615473747253,-0.010282409377396107,0.5630290508270264,0.36447349190711975,-0.01090802252292633,0.5633105635643005,0.3699951171875,-0.011809703893959522,0.5636361241340637,0.37460094690322876,-0.009935690090060234,0.5634809732437134,0.3653970956802368,-0.003795263823121786,0.5635130405426025,0.2876017689704895,-0.0297376848757267,0.5582407116889954,0.28825804591178894,-0.022241562604904175,0.49323099851608276,0.21205168962478638,0.03647523373365402,0.5365152359008789,0.247344970703125,0.0020206766203045845,0.5303635001182556,0.24879348278045654,0.002035890705883503,0.5245032906532288,0.24870510399341583,0.0032922730315476656,0.5168786644935608,0.24487841129302979,0.008011211641132832,0.5417715311050415,0.24425409734249115,0.0028861574828624725,0.5268391370773315,0.2234438955783844,0.00028638236108236015,0.53389573097229,0.2235928773880005,0.0008616985287517309,0.5204417109489441,0.22574740648269653,0.0018093283288180828,0.5164039731025696,0.22961558401584625,0.004054673947393894,0.5119526982307434,0.2507275640964508,0.010280277580022812,0.5420399904251099,0.3736035227775574,-0.0003047186182811856,0.517144501209259,0.23940083384513855,0.00948054064065218,0.4926154613494873,0.2501949965953827,0.035810548812150955,0.5047343373298645,0.2460317760705948,0.016325119882822037,0.534108579158783,0.281807541847229,-0.005787019617855549,0.5531653165817261,0.31292539834976196,-0.019216090440750122,0.5548739433288574,0.3209955096244812,-0.017491092905402184,0.5460483431816101,0.3178887367248535,-0.016284188255667686,0.5420424938201904,0.3242008090019226,-0.011943228542804718,0.549456000328064,0.3233097791671753,-0.015281290747225285,0.545691192150116,0.3269965946674347,-0.011145356111228466,0.5374994277954102,0.3431856036186218,-0.0019920470658689737,0.55900639295578,0.2827063202857971,-0.03200271725654602,0.5583285689353943,0.274432510137558,-0.033259280025959015,0.5073866844177246,0.224641352891922,0.006128598935902119,0.5451852083206177,0.2594723701477051,-0.005038029048591852,0.5454308390617371,0.2829946279525757,-0.01840369775891304,0.5448195934295654,0.27891093492507935,-0.016393855214118958,0.5163553357124329,0.28328177332878113,0.0001739141152938828,0.558373749256134,0.264542818069458,-0.02918047271668911,0.5217750072479248,0.21306811273097992,-0.0030187778174877167,0.5131769776344299,0.21748414635658264,0.0009574177674949169,0.499848335981369,0.1945597529411316,0.02645135298371315,0.5492768883705139,0.21752768754959106,-0.007158136926591396,0.5401674509048462,0.2264920324087143,0.0028065277729183435,0.5339823365211487,0.332626074552536,-0.0013310195645317435,0.5040826797485352,0.33499735593795776,0.044502370059490204,0.549831211566925,0.2875117063522339,-0.016161369159817696,0.55445796251297,0.28991764783859253,-0.016941409558057785,0.5387457013130188,0.3391703963279724,-0.0021636500023305416,0.5405730605125427,0.3390275835990906,-0.0035861844662576914,0.5095707178115845,0.21285323798656464,0.0043729012832045555,0.5451823472976685,0.287343293428421,-0.015454004518687725,0.5336673259735107,0.212432861328125,-0.005748590920120478,0.532170295715332,0.20574960112571716,-0.006389729678630829,0.5258607268333435,0.16972416639328003,0.006523666903376579,0.5055686831474304,0.20252925157546997,0.01413512509316206,0.5305264592170715,0.18631955981254578,-0.00017186850891448557,0.5036068558692932,0.22177942097187042,0.011517662554979324,0.49881768226623535,0.21656419336795807,0.02352260798215866,0.5537773966789246,0.3172355890274048,-0.019049469381570816,0.5476024150848389,0.3207648992538452,-0.01609056442975998,0.5437051653862,0.32569658756256104,-0.012078586034476757,0.5511912703514099,0.28917640447616577,-0.015077886171638966,0.5396578311920166,0.3392019271850586,-0.0029489907901734114,0.5406513810157776,0.34629371762275696,-0.005204340908676386,0.5413895845413208,0.33881714940071106,-0.003670714795589447,0.5525349378585815,0.28363344073295593,-0.023934757336974144,0.5472210645675659,0.32757943868637085,-0.010213597677648067,0.5509735345840454,0.3245982527732849,-0.013017797842621803,0.5559180974960327,0.32323551177978516,-0.015003621578216553,0.5549935102462769,0.3645823001861572,-0.004193972330540419,0.553708016872406,0.3726966381072998,-0.010143564082682133,0.5540735125541687,0.3683378994464874,-0.01148283015936613,0.5548282861709595,0.36259931325912476,-0.010480821132659912,0.5557345151901245,0.3578971028327942,-0.009905390441417694,0.5467100739479065,0.34940946102142334,-0.00649993447586894,0.5449602007865906,0.35138311982154846,-0.007130381651222706,0.5428704023361206,0.3536456227302551,-0.007846830412745476,0.5412720441818237,0.3555362820625305,-0.006999936420470476,0.5397167801856995,0.3135029375553131,-0.009803969413042068,0.4936498701572418,0.29172465205192566,0.05585816875100136,0.563335120677948,0.29006168246269226,-0.022500894963741302,0.5441036820411682,0.3447452187538147,-0.004576362203806639,0.5423392653465271,0.34557947516441345,-0.005085642449557781,0.5560367107391357,0.2932310402393341,-0.017152464017271996,0.5471571683883667,0.29270732402801514,-0.01120216678828001,0.5553107857704163,0.2916082441806793,-0.017244571819901466,0.538878858089447,0.2650900185108185,-0.00379154272377491,0.5295353531837463,0.27158305048942566,-0.0029624314047396183,0.5438248515129089,0.2833394408226013,-0.013364405371248722,0.510313868522644,0.1799945831298828,0.015657268464565277,0.5156735777854919,0.1919919103384018,0.006464107893407345,0.519355297088623,0.2069305181503296,-0.0012503756443038583,0.5414999127388,0.3511929214000702,-0.003524407045915723,0.546658456325531,0.20629343390464783,-0.008610296994447708,0.5450723171234131,0.18449804186820984,-0.003655172185972333,0.5420229434967041,0.16448727250099182,0.0015660389326512814,0.5196965336799622,0.24763187766075134,0.0056332191452383995,0.5056646466255188,0.2572350800037384,0.012928865849971771,0.5452480912208557,0.24134910106658936,0.003884488483890891,0.5104448199272156,0.23465584218502045,0.008983946405351162,0.5494236350059509,0.25329914689064026,-0.006658473052084446,0.5489429831504822,0.2788216769695282,-0.02364032343029976,0.49966147541999817,0.2648008465766907,0.01844317652285099,0.5101209878921509,0.26250359416007996,0.007398062851279974,0.5181751251220703,0.26459747552871704,0.002321047242730856,0.5298113226890564,0.2622409760951996,0.00019153386529069394,0.538360059261322,0.2579314708709717,-0.0004107844433747232,0.5448259711265564,0.2529342770576477,-0.0014513761270791292,0.5571026802062988,0.2406669557094574,-0.01153661124408245,0.5018712282180786,0.28290626406669617,0.015535065904259682,0.5055726766586304,0.23449598252773285,0.011620523408055305,0.5607365965843201,0.2875194251537323,-0.029556933790445328,0.5459038615226746,0.2670949101448059,-0.008066825568675995,0.48942509293556213,0.25179627537727356,0.05477629601955414,0.5495140552520752,0.247454434633255,-0.0018108939984813333,0.5431941151618958,0.2844790816307068,-0.0073205241933465,0.514444887638092,0.24018047749996185,0.010442695580422878,0.5485478043556213,0.27388301491737366,-0.021113239228725433,0.4975946247577667,0.3127475380897522,0.05169038474559784,0.5453222990036011,0.23828157782554626,0.005618398543447256,0.5534301996231079,0.2682807743549347,-0.02619992196559906,0.5187056660652161,0.3530746102333069,0.017038557678461075,0.5183098316192627,0.3649047613143921,0.025213301181793213,0.4953712522983551,0.28761500120162964,0.035794634371995926,0.5116100907325745,0.3415062725543976,0.02313205413520336,0.49524450302124023,0.2321176528930664,0.03146276995539665,0.5406036376953125,0.3831630349159241,0.002077293349429965,0.5612034797668457,0.2898486256599426,-0.02220587432384491,0.540720522403717,0.274120032787323,-0.00648041907697916,0.4997061491012573,0.24825797975063324,0.021934635937213898,0.524904727935791,0.24372711777687073,0.004160895477980375,0.5300211310386658,0.24401259422302246,0.0028938492760062218,0.5391636490821838,0.346832275390625,-0.004592267330735922,0.5043660402297974,0.30093687772750854,0.016180459409952164,0.5503828525543213,0.39679640531539917,0.0034714755602180958,0.5330213904380798,0.38460296392440796,0.012739068828523159,0.5261385440826416,0.37636205554008484,0.018123893067240715,0.5612365007400513,0.18410733342170715,-0.0042276629246771336,0.5628954768180847,0.397954523563385,0.0026604761369526386,0.5352457165718079,0.2428833395242691,0.0029102035332471132,0.5401533842086792,0.24084612727165222,0.003943133633583784,0.5435281991958618,0.23946721851825714,0.005352364387363195,0.5011755228042603,0.23362115025520325,0.017543863505125046,0.5394362807273865,0.23319965600967407,0.003486525034531951,0.5341284275054932,0.23160648345947266,0.0021659734193235636,0.5289286971092224,0.23163780570030212,0.00221784389577806,0.5237135291099548,0.2334112823009491,0.0034051525872200727,0.5204617977142334,0.23581638932228088,0.005206804722547531,0.48999252915382385,0.23001061379909515,0.04710002988576889,0.5215322971343994,0.24262823164463043,0.005903506185859442,0.5633636116981506,0.30018243193626404,-0.01726524904370308,0.5447497963905334,0.30662620067596436,-0.01253260113298893,0.5497788190841675,0.2857465445995331,-0.01817208155989647,0.5553963780403137,0.3014771342277527,-0.016953153535723686,0.5621572732925415,0.2288855016231537,-0.008603578433394432,0.525570273399353,0.3647850453853607,0.012359707616269588,0.5327246189117432,0.37389734387397766,0.007528230082243681,0.550846517086029,0.3895217776298523,-0.0024863453581929207,0.5114951729774475,0.35252609848976135,0.034580063074827194,0.5434148907661438,0.2360328733921051,0.004741115029901266,0.5536984205245972,0.25399497151374817,-0.014327560551464558,0.5633185505867004,0.3908421993255615,-0.0030973488464951515,0.5408358573913574,0.39182108640670776,0.007049271836876869,0.49893808364868164,0.3072933852672577,0.033719900995492935,0.5505232810974121,0.3542214035987854,-0.008436971344053745,0.5488653182983398,0.3576495051383972,-0.008984063751995564,0.5471686720848083,0.36176469922065735,-0.00972877349704504,0.5460514426231384,0.36570316553115845,-0.008799723349511623,0.5470458269119263,0.3589882552623749,-0.004769028164446354,0.5426527261734009,0.33227458596229553,-0.007323638070374727,0.5409270524978638,0.3318171799182892,-0.007287536282092333,0.5394589304924011,0.33089983463287354,-0.0071905916556715965,0.5360479354858398,0.3222668468952179,-0.005696885287761688,0.5131436586380005,0.3037678599357605,0.005063704214990139,0.5533782243728638,0.2462877631187439,-0.008693143725395203,0.5495394468307495,0.23095615208148956,0.0020369880367070436,0.5458226203918457,0.23255079984664917,0.0039781732484698296,0.5440925359725952,0.332084596157074,-0.00676626805216074,0.5138238668441772,0.3269502818584442,0.013211713172495365,0.5547541975975037,0.22976014018058777,-0.0051163542084395885,0.5444888472557068,0.36522793769836426,-0.0019257789244875312,0.5631299614906311,0.25465792417526245,-0.024602938443422318,0.5577498078346252,0.24886725842952728,-0.017635410651564598,0.5628366470336914,0.2466181218624115,-0.018632670864462852,0.5498027801513672,0.26745113730430603,-0.015350562520325184,0.5633619427680969,0.3816584646701813,-0.00494556175544858,0.5633898377418518,0.3724047541618347,-0.004062863532453775,0.5535823106765747,0.37137576937675476,-0.003596771042793989,0.532218873500824,0.3462768793106079,0.0014198803110048175,0.5387753844261169,0.2925889492034912,-0.006278280168771744,0.537514328956604,0.35676056146621704,-9.804170986171812e-05,0.5257735848426819,0.29361435770988464,-0.0041762362234294415,0.5340994596481323,0.302867591381073,-0.005837895907461643,0.5219621658325195,0.3092970550060272,-0.000237789296079427,0.5518720746040344,0.38042765855789185,-0.004221432376652956,0.546223521232605,0.2729872167110443,-0.011775926686823368,0.5274428725242615,0.3538203835487366,0.006362374871969223,0.5345261693000793,0.3641139268875122,0.0037729376927018166,0.5283363461494446,0.333950936794281,0.0012975590070709586,0.5071840286254883,0.3165719509124756,0.01772376149892807,0.521196186542511,0.33640384674072266,0.006556324195116758,0.5040147304534912,0.32537227869033813,0.030346805229783058,0.5304082036018372,0.31585365533828735,-0.0035683547612279654,0.5499501824378967,0.26042279601097107,-0.010927044786512852,0.5508024096488953,0.2822161912918091,-0.024978986009955406,0.5472838282585144,0.28544121980667114,-0.01911524124443531,0.5534314513206482,0.27605652809143066,-0.02885132096707821,0.5444086790084839,0.22399139404296875,0.0005503129214048386,0.533854067325592,0.21954695880413055,-0.0008224085904657841,0.5248361229896545,0.2195196896791458,-0.0009366442682221532,0.5175334215164185,0.2224450707435608,0.001011113403365016,0.512575626373291,0.22738270461559296,0.004459652118384838,0.5102390646934509,0.24289780855178833,0.012455962598323822,0.4930877387523651,0.2687278985977173,0.035994045436382294,0.5154401063919067,0.2538541555404663,0.007320464588701725,0.5217143893241882,0.2555917799472809,0.003989410120993853,0.529819905757904,0.25500553846359253,0.0019185054115951061,0.5375483632087708,0.2522735893726349,0.0014980010455474257,0.543643593788147,0.24842822551727295,0.0015602289931848645,0.5477870106697083,0.24480083584785461,0.0015649704728275537,0.49111875891685486,0.27187076210975647,0.05735651031136513,0.5474174618721008,0.2881374955177307,-0.016367478296160698,0.5539577603340149,0.2609994113445282,-0.019445376470685005,0.5549872517585754,0.281954824924469,-0.029337387531995773,0.5579379796981812,0.28651344776153564,-0.027247784659266472,0.5549156665802002,0.28373056650161743,-0.026632847264409065,0.5489493012428284,0.2909241318702698,-0.014388996176421642,0.5590113997459412,0.28711676597595215,-0.02879425510764122,0.5594663619995117,0.2894863188266754,-0.02221151813864708,0.5474892258644104,0.23814161121845245,0.004767900332808495,0.5508280992507935,0.2395012080669403,0.0013069137930870056,0.5527656078338623,0.24026304483413696,-0.002945462241768837,0.5186307430267334,0.23767580091953278,0.007033555768430233,0.5139344334602356,0.23437289893627167,0.007325302809476852,0.5677229762077332,0.2559141218662262,-0.022383471950888634,0.6003291606903076,0.23807792365550995,0.01193101704120636,0.5682417154312134,0.287835955619812,-0.021778497844934464,0.6236938834190369,0.20617008209228516,0.04374563694000244,0.5849855542182922,0.24543049931526184,0.004847696516662836,0.5907686352729797,0.2461485117673874,0.00543033704161644,0.5962193012237549,0.2455645054578781,0.007219468243420124,0.6030684113502502,0.24117016792297363,0.012638255953788757,0.5799028873443604,0.24310603737831116,0.005087385419756174,0.592336118221283,0.2207854688167572,0.0038612617645412683,0.5859009027481079,0.2213481366634369,0.003686298383399844,0.5982360243797302,0.2226421982049942,0.005964938551187515,0.602091908454895,0.22626490890979767,0.008505591191351414,0.6085097193717957,0.24642935395240784,0.015238597057759762,0.5836902856826782,0.37052011489868164,0.0016078606713563204,0.6022406816482544,0.23594364523887634,0.014060244895517826,0.6264558434486389,0.24424879252910614,0.042494408786296844,0.6151921153068542,0.24135461449623108,0.021871056407690048,0.5904877781867981,0.27903038263320923,-0.003029733896255493,0.5690633654594421,0.31244462728500366,-0.01854681223630905,0.5681945085525513,0.32061436772346497,-0.01690286211669445,0.5766953825950623,0.3170907497406006,-0.014883802272379398,0.5810690522193909,0.32323768734931946,-0.009978435933589935,0.5737608671188354,0.32269951701164246,-0.014123461209237576,0.5776959657669067,0.3263431787490845,-0.009523950517177582,0.5882536768913269,0.3399464786052704,0.0005240333848632872,0.5681561827659607,0.2822827100753784,-0.03160560876131058,0.5688785314559937,0.2739027440547943,-0.03279139846563339,0.6100819706916809,0.22043384611606598,0.011353735812008381,0.5788965821266174,0.25777286291122437,-0.003169653005897999,0.5804963111877441,0.2812715172767639,-0.016684280708432198,0.580761194229126,0.27710503339767456,-0.014623834751546383,0.6073391437530518,0.2788182199001312,0.004749894607812166,0.5683099031448364,0.264021098613739,-0.02858841046690941,0.5959149599075317,0.21073007583618164,0.0006647416157647967,0.6040456891059875,0.214090958237648,0.005512555595487356,0.6178598403930664,0.18926844000816345,0.033034224063158035,0.5715003609657288,0.21743816137313843,-0.0059317005798220634,0.5803238153457642,0.22479189932346344,0.00506927352398634,0.5916684865951538,0.32910817861557007,0.001707949792034924,0.6171060800552368,0.328755259513855,0.05133025720715523,0.5761529207229614,0.2862287759780884,-0.01487214770168066,0.5716784596443176,0.28913235664367676,-0.016297610476613045,0.5851945877075195,0.3382294178009033,0.0005330023705027997,0.5833115577697754,0.3382055163383484,-0.001232358394190669,0.6072208881378174,0.2088332623243332,0.009221930988132954,0.5805187821388245,0.28560274839401245,-0.013774753548204899,0.585168719291687,0.21115854382514954,-0.003259352408349514,0.5860404372215271,0.20420673489570618,-0.0038076320197433233,0.5942153334617615,0.16679733991622925,0.010350726544857025,0.6136459112167358,0.19778788089752197,0.019478602334856987,0.5906448364257812,0.1838310956954956,0.002786437515169382,0.6136859059333801,0.21687686443328857,0.01709490641951561,0.6198407411575317,0.2112608253955841,0.02950398437678814,0.5688352584838867,0.3167317807674408,-0.018402548506855965,0.575312614440918,0.3200681209564209,-0.014820924028754234,0.579547643661499,0.32482028007507324,-0.010327163152396679,0.5747272968292236,0.28802141547203064,-0.014056398533284664,0.5842627286911011,0.338316410779953,-0.0004687428008764982,0.5837924480438232,0.3450363874435425,-0.003096862928941846,0.582438051700592,0.3380100727081299,-0.0013753341045230627,0.5737960934638977,0.28270313143730164,-0.022749410942196846,0.5762699246406555,0.3270401954650879,-0.008636445738375187,0.5724767446517944,0.324110209941864,-0.011876283213496208,0.5675428509712219,0.3229813575744629,-0.0143779581412673,0.5717759728431702,0.3635849952697754,-0.003578717354685068,0.5734156966209412,0.3718954622745514,-0.009472666308283806,0.5723581910133362,0.36757251620292664,-0.010760033503174782,0.5710846781730652,0.3619592785835266,-0.00978811550885439,0.5698236227035522,0.3572985529899597,-0.009248693473637104,0.5780568718910217,0.3483235538005829,-0.0048935627564787865,0.579975426197052,0.3500995337963104,-0.005485211499035358,0.582306444644928,0.3521827459335327,-0.0061669428832829,0.5842260122299194,0.35399168729782104,-0.005182771477848291,0.5862685441970825,0.3108895421028137,-0.0074931359849870205,0.625273585319519,0.28550732135772705,0.0634966492652893,0.5801882743835449,0.3437364399433136,-0.0025639154482632875,0.5820095539093018,0.3444223999977112,-0.0030494765378534794,0.5703197121620178,0.2926100492477417,-0.01653200015425682,0.5784849524497986,0.29113462567329407,-0.009892698377370834,0.5709465146064758,0.29094791412353516,-0.01662895269691944,0.584969162940979,0.2628333568572998,-0.0013298399280756712,0.5943220257759094,0.26847749948501587,0.00029972699121572077,0.5816326141357422,0.2814452052116394,-0.011529047973453999,0.6085381507873535,0.17568722367286682,0.02109041064977646,0.6044024229049683,0.1882363259792328,0.010753775015473366,0.5978128910064697,0.20403112471103668,0.002578579820692539,0.5845136046409607,0.34837275743484497,-0.0014109284384176135,0.573032557964325,0.20594385266304016,-0.007302800193428993,0.5768977403640747,0.18320471048355103,-0.0020983570721000433,0.5789092779159546,0.1629374623298645,0.0035060392692685127,0.6006062626838684,0.24415276944637299,0.010008599609136581,0.6154701709747314,0.2526620030403137,0.01839524134993553,0.5765240788459778,0.24080738425254822,0.005876907147467136,0.6081748604774475,0.23061005771160126,0.01401297003030777,0.5748835802078247,0.25199416279792786,-0.005164927337318659,0.5772520899772644,0.27748343348503113,-0.02223125658929348,0.6217315793037415,0.25909820199012756,0.02461531199514866,0.611411452293396,0.2579011023044586,0.01254721824079752,0.6040405035018921,0.2605699300765991,0.0066767493262887,0.5930379629135132,0.2593795359134674,0.0035173045471310616,0.5848292112350464,0.25593724846839905,0.002142563695088029,0.5785923600196838,0.2518347501754761,0.000494560634251684,0.5677364468574524,0.24013152718544006,-0.010890353471040726,0.6205309629440308,0.27718284726142883,0.0216315146535635,0.6130658388137817,0.22996363043785095,0.017129892483353615,0.5662157535552979,0.28725937008857727,-0.029221154749393463,0.5786792039871216,0.2654280364513397,-0.006278420798480511,0.6277759075164795,0.24550330638885498,0.06264075636863708,0.5739037990570068,0.24705944955348969,-0.00030881285783834755,0.5818795561790466,0.28253427147865295,-0.005533664021641016,0.604928731918335,0.23638202250003815,0.015236246399581432,0.5772623419761658,0.27244067192077637,-0.019676510244607925,0.6224879026412964,0.306437611579895,0.05900563672184944,0.5761678814888,0.2379303276538849,0.007686960976570845,0.5728321671485901,0.26729536056518555,-0.025129226967692375,0.6053555011749268,0.3475577235221863,0.021378234028816223,0.6048831939697266,0.35905060172080994,0.030229423195123672,0.6255676746368408,0.28146490454673767,0.042379967868328094,0.6118568181991577,0.3357405662536621,0.028281928971409798,0.6233938932418823,0.22652608156204224,0.03781235218048096,0.5848813056945801,0.37966188788414,0.004137479234486818,0.5654518008232117,0.28969287872314453,-0.02200070396065712,0.5836601257324219,0.27199268341064453,-0.004319466184824705,0.6208410859107971,0.2436247318983078,0.027968913316726685,0.5951400995254517,0.24085281789302826,0.008027736097574234,0.5904180407524109,0.24153482913970947,0.006302686873823404,0.5854048728942871,0.34544047713279724,-0.0023019774816930294,0.6186152696609497,0.295267254114151,0.022002995014190674,0.5750275254249573,0.39485716819763184,0.004715427756309509,0.5911991596221924,0.3798010051250458,0.015881482511758804,0.5977192521095276,0.37091004848480225,0.022104088217020035,0.5855817794799805,0.24095293879508972,0.005821741186082363,0.5808437466621399,0.23959574103355408,0.0064461869187653065,0.5777521133422852,0.23880964517593384,0.007567531429231167,0.6174830794334412,0.2284775674343109,0.023439351469278336,0.5814124345779419,0.2316296249628067,0.00606624037027359,0.586348831653595,0.22927674651145935,0.005185907240957022,0.5911885499954224,0.2290063202381134,0.005719851702451706,0.5959332585334778,0.23047035932540894,0.007373972795903683,0.5989627242088318,0.2326655089855194,0.009457074105739594,0.6267594695091248,0.22380663454532623,0.05474963039159775,0.5982054471969604,0.23952800035476685,0.01008353941142559,0.5813905596733093,0.30466020107269287,-0.010735958814620972,0.5762962102890015,0.28452035784721375,-0.016949808225035667,0.5713598728179932,0.30068349838256836,-0.01623426005244255,0.5988515615463257,0.3596842885017395,0.01587233878672123,0.5920799970626831,0.3693472743034363,0.010281025432050228,0.5754068493843079,0.38765913248062134,-0.0014146072790026665,0.6108496189117432,0.3463634252548218,0.04056406393647194,0.5778111815452576,0.23533090949058533,0.0070383744314312935,0.5714890956878662,0.25311601161956787,-0.013296020217239857,0.583946168422699,0.3881624937057495,0.009367816150188446,0.6228452920913696,0.3011641204357147,0.03999524563550949,0.5747361779212952,0.3532315492630005,-0.0072364178486168385,0.5766729116439819,0.35650062561035156,-0.007732761558145285,0.5787639617919922,0.36048582196235657,-0.008424744941294193,0.5804775357246399,0.3642411231994629,-0.0074676768854260445,0.5793238878250122,0.3568558096885681,-0.00321131176315248,0.5807992219924927,0.3314952254295349,-0.005264961626380682,0.5824968814849854,0.33086898922920227,-0.005022098775953054,0.5839451551437378,0.32990121841430664,-0.0047533647157251835,0.5897839069366455,0.3191099762916565,-0.0028363578021526337,0.6107854247093201,0.29878222942352295,0.009969254955649376,0.5711491703987122,0.24542328715324402,-0.007629324682056904,0.5722761154174805,0.23063600063323975,0.0033999623265117407,0.5755150318145752,0.2318679392337799,0.005931680090725422,0.5794063210487366,0.33143770694732666,-0.00475804740563035,0.6101083755493164,0.32158398628234863,0.018101628869771957,0.5676953196525574,0.23003359138965607,-0.004294177517294884,0.581484317779541,0.36258429288864136,-0.00024110410595312715,0.5677652359008789,0.24835151433944702,-0.017090270295739174,0.5755103826522827,0.26618900895118713,-0.014041407965123653,0.5729385614395142,0.3700317144393921,-0.0028298639226704836,0.5930759906768799,0.34241217374801636,0.004297410137951374,0.5862640738487244,0.29014045000076294,-0.004032085184007883,0.5879776477813721,0.3532937169075012,0.0021935109980404377,0.5988907217979431,0.2899124026298523,-0.0006694913608953357,0.5912383198738098,0.29984769225120544,-0.0030464420560747385,0.6027028560638428,0.305001437664032,0.003725971095263958,0.5745368003845215,0.37883907556533813,-0.0032232715748250484,0.5787929892539978,0.2713187038898468,-0.010142791084945202,0.5973769426345825,0.3491603136062622,0.009708309546113014,0.5906724333763123,0.36004382371902466,0.006314093247056007,0.5968640446662903,0.3299131691455841,0.004805663134902716,0.6161261200904846,0.31085631251335144,0.02326653152704239,0.6033908724784851,0.3315030038356781,0.010663298889994621,0.6185042262077332,0.31933844089508057,0.036279406398534775,0.5949794054031372,0.3122909367084503,-0.0002846132847480476,0.5748787522315979,0.25918084383010864,-0.009495141915977001,0.5755615234375,0.2810990810394287,-0.023684749379754066,0.578767716884613,0.283918172121048,-0.01767399162054062,0.5732565522193909,0.2751135230064392,-0.027788180857896805,0.5762964487075806,0.22304052114486694,0.002394642448052764,0.5854634642601013,0.2177741825580597,0.0018865156453102827,0.5936731696128845,0.2170649766921997,0.0025879950262606144,0.6005266308784485,0.21929621696472168,0.005282880738377571,0.6054196357727051,0.22369441390037537,0.009224604815244675,0.6093807220458984,0.23883318901062012,0.017555324360728264,0.6268499493598938,0.2626405358314514,0.04282033443450928,0.6053320169448853,0.24983768165111542,0.011984807439148426,0.5996822714805603,0.2519996464252472,0.008082411251962185,0.5921078324317932,0.2521764636039734,0.005265313666313887,0.5847455263137817,0.2502695918083191,0.004151466768234968,0.5789281129837036,0.2472967803478241,0.0035573376808315516,0.5749356746673584,0.24423952400684357,0.0031927679665386677,0.6268060207366943,0.26570355892181396,0.06518552452325821,0.5784469246864319,0.28660571575164795,-0.01494283601641655,0.5717681050300598,0.260110467672348,-0.01841275952756405,0.5717915892601013,0.2811758816242218,-0.028488527983427048,0.5687066912651062,0.2860572636127472,-0.02674584649503231,0.5716301798820496,0.28306838870048523,-0.02577635459601879,0.5768572688102722,0.28949257731437683,-0.013205409981310368,0.5678357481956482,0.28672492504119873,-0.028394032269716263,0.5670671463012695,0.28914740681648254,-0.021878140047192574,0.5743193626403809,0.23790840804576874,0.006507541052997112,0.5717940330505371,0.2393244504928589,0.0025918162427842617,0.5703270435333252,0.24031442403793335,-0.0018878456903621554,0.6007638573646545,0.23439553380012512,0.011455399915575981,0.6047362089157104,0.23070217669010162,0.01200597919523716,0.5299439430236816,0.23701103031635284,0.004754597321152687,0.5366610288619995,0.23633480072021484,0.004754597321152687,0.5292863249778748,0.22924591600894928,0.004754597321152687,0.523140013217926,0.237636998295784,0.004754597321152687,0.530548632144928,0.24471896886825562,0.004754597321152687,0.5904569029808044,0.2339763045310974,0.008139029145240784,0.5966262817382812,0.23400399088859558,0.008139029145240784,0.5905360579490662,0.22616997361183167,0.008139029145240784,0.5843484997749329,0.23387154936790466,0.008139029145240784,0.5904273390769958,0.24181757867336273,0.008139029145240784
1266.6666666666665,0.5609070658683777,0.3132003843784332,-0.019269689917564392,0.5640397071838379,0.28348153829574585,-0.03165392950177193,0.5634768605232239,0.293743371963501,-0.017731331288814545,0.5587781071662903,0.25675612688064575,-0.022648004814982414,0.5640820264816284,0.27457690238952637,-0.03312766179442406,0.563849151134491,0.26374608278274536,-0.03018268011510372,0.5629132986068726,0.23818397521972656,-0.013267257250845432,0.5191219449043274,0.241779625415802,0.007687224540859461,0.5623542666435242,0.21927174925804138,-0.008735595270991325,0.5621774792671204,0.20750948786735535,-0.009177775122225285,0.5612521171569824,0.1626448631286621,0.00017757560999598354,0.5608989596366882,0.3160726726055145,-0.018941739574074745,0.5610411763191223,0.31911927461624146,-0.017263514921069145,0.561227560043335,0.3212766647338867,-0.014470642432570457,0.5614392757415771,0.35440513491630554,-0.011039935052394867,0.5615051984786987,0.3586222529411316,-0.011653781868517399,0.5616413950920105,0.36356186866760254,-0.012663079425692558,0.5618628263473511,0.36840003728866577,-0.011111068539321423,0.5634351968765259,0.3615938425064087,-0.005083106458187103,0.5638698935508728,0.28852465748786926,-0.029003961011767387,0.5585500001907349,0.28915151953697205,-0.02149709314107895,0.4933967888355255,0.2117205411195755,0.03631768748164177,0.5364757776260376,0.2476697862148285,0.002133534289896488,0.5303352475166321,0.2491382509469986,0.002183802193030715,0.524477481842041,0.24910515546798706,0.003491082228720188,0.516757071018219,0.2453310340642929,0.00821799598634243,0.5417308211326599,0.24460604786872864,0.002967098029330373,0.5268505811691284,0.22355809807777405,0.00018841930432245135,0.5339434742927551,0.22374172508716583,0.0007051188731566072,0.5203898549079895,0.22587203979492188,0.0017733986023813486,0.5162845253944397,0.2297978699207306,0.004059889819473028,0.5119503140449524,0.25120192766189575,0.010605241172015667,0.542184054851532,0.37278854846954346,-0.0013259524712339044,0.516975462436676,0.23979298770427704,0.009593779221177101,0.4928162395954132,0.25019732117652893,0.03621497005224228,0.5047385096549988,0.24642275273799896,0.016610637307167053,0.5347170829772949,0.28247174620628357,-0.005236335098743439,0.5530533790588379,0.31190136075019836,-0.018590034916996956,0.5544330477714539,0.31951767206192017,-0.01668182760477066,0.5458397269248962,0.3167065680027008,-0.015710197389125824,0.5415759682655334,0.32324543595314026,-0.0117030693218112,0.5489364862442017,0.32200124859809875,-0.01462328340858221,0.5449801087379456,0.32601866126060486,-0.010785264894366264,0.5380690693855286,0.3425791561603546,-0.0025991564616560936,0.5593714714050293,0.2835901081562042,-0.03130544722080231,0.558714747428894,0.27519935369491577,-0.03264550492167473,0.5073440074920654,0.22470776736736298,0.006087648216634989,0.5456582903862,0.25985971093177795,-0.004715823568403721,0.5459121465682983,0.2838265895843506,-0.01767067052423954,0.5453528761863708,0.2796568274497986,-0.015713665634393692,0.5169851779937744,0.28396132588386536,0.0008812678279355168,0.5587806701660156,0.26510679721832275,-0.028675688430666924,0.5218390226364136,0.21291835606098175,-0.003285875078290701,0.5131679177284241,0.21743685007095337,0.0007895751041360199,0.5001224875450134,0.1941322386264801,0.026001054793596268,0.5496336817741394,0.2173646241426468,-0.0074192313477396965,0.5402149558067322,0.22670584917068481,0.002664345083758235,0.5343804359436035,0.33296293020248413,-0.0016124608227983117,0.5039656162261963,0.33528080582618713,0.045853208750486374,0.5502342581748962,0.28838178515434265,-0.015425184741616249,0.5548187494277954,0.2908232808113098,-0.016187457367777824,0.5379321575164795,0.3386109173297882,-0.002451588399708271,0.5396981239318848,0.338297575712204,-0.003904542652890086,0.5095680952072144,0.21272626519203186,0.004139098804444075,0.5456904172897339,0.28820231556892395,-0.014695615507662296,0.53385329246521,0.2122173309326172,-0.006037125363945961,0.5323972105979919,0.20541167259216309,-0.006749068386852741,0.5263698101043701,0.16941234469413757,0.005715973675251007,0.5058125853538513,0.20220452547073364,0.013750352896749973,0.5309118628501892,0.18611741065979004,-0.000764952739700675,0.5036125779151917,0.2218097597360611,0.01144212856888771,0.49900147318840027,0.21633358299732208,0.023356176912784576,0.5534851551055908,0.31600332260131836,-0.01834678277373314,0.5472601652145386,0.3196064233779907,-0.01550536509603262,0.5431383848190308,0.3247520625591278,-0.011786937713623047,0.5515934228897095,0.2900640070438385,-0.014338774606585503,0.5387957096099854,0.33854857087135315,-0.0032493649050593376,0.5398773550987244,0.34487518668174744,-0.005910418462008238,0.54050612449646,0.3380317687988281,-0.004019252024590969,0.5529205799102783,0.284465491771698,-0.02321377769112587,0.5464362502098083,0.32647040486335754,-0.009776041842997074,0.5503474473953247,0.3231510519981384,-0.01227276399731636,0.5554011464118958,0.32151854038238525,-0.014104175381362438,0.5554891228675842,0.3610255718231201,-0.0054465727880597115,0.5527941584587097,0.3669692575931549,-0.011301154270768166,0.5531232357025146,0.3623236119747162,-0.012434863485395908,0.5537949204444885,0.3572833836078644,-0.011299680918455124,0.5546318292617798,0.35331782698631287,-0.010690966621041298,0.5456404089927673,0.3470357060432434,-0.0072890087030828,0.5441341400146484,0.34873050451278687,-0.007996617816388607,0.5422837734222412,0.3509381413459778,-0.008813883177936077,0.5408759117126465,0.35316556692123413,-0.00799140427261591,0.5403102040290833,0.3143049478530884,-0.00951351411640644,0.49363499879837036,0.2919715344905853,0.056925199925899506,0.5636545419692993,0.2909928262233734,-0.021743642166256905,0.5430315732955933,0.34330299496650696,-0.005237778183072805,0.541418194770813,0.3440725803375244,-0.0057853651233017445,0.5564586520195007,0.2942219078540802,-0.016439151018857956,0.5477114319801331,0.2936464250087738,-0.01047724112868309,0.5557054281234741,0.2925579845905304,-0.016489533707499504,0.5394080281257629,0.26562610268592834,-0.00336103281006217,0.5301095247268677,0.2722468376159668,-0.002405177801847458,0.5443903803825378,0.2840942442417145,-0.012656626291573048,0.5107129216194153,0.1795702874660492,0.014972887933254242,0.5159952640533447,0.19165560603141785,0.005955633707344532,0.5194381475448608,0.20667415857315063,-0.0015904424944892526,0.5422329902648926,0.34952977299690247,-0.004432538524270058,0.5470556020736694,0.20591700077056885,-0.00903333630412817,0.5455275177955627,0.18441832065582275,-0.004338598810136318,0.5425848364830017,0.1642918884754181,0.0006775910151191056,0.5196231603622437,0.24805954098701477,0.005855029448866844,0.505719006061554,0.25776100158691406,0.013360023498535156,0.5452243685722351,0.24169763922691345,0.003939012531191111,0.5103423595428467,0.2348901331424713,0.009031460620462894,0.5498520135879517,0.25357091426849365,-0.006401445716619492,0.5494003891944885,0.279620885848999,-0.022948503494262695,0.5001015067100525,0.2650776207447052,0.019016791135072708,0.5101898908615112,0.26309630274772644,0.00787892285734415,0.5182642936706543,0.2652246952056885,0.002761612646281719,0.5299085974693298,0.26285433769226074,0.000572834862396121,0.5384699106216431,0.258502721786499,-0.00011843913671327755,0.5449739098548889,0.2534602880477905,-0.0012271605664864182,0.5574928522109985,0.24079367518424988,-0.01143824402242899,0.5024574995040894,0.2834220826625824,0.01630655862390995,0.5055574774742126,0.23470279574394226,0.0116979805752635,0.56108558177948,0.2884257435798645,-0.028815889731049538,0.546442985534668,0.267614483833313,-0.007579553406685591,0.4894386827945709,0.2517010569572449,0.05531894415616989,0.5497136116027832,0.24789683520793915,-0.0016453732969239354,0.5438103079795837,0.2852480709552765,-0.006676981691271067,0.5142661333084106,0.24058133363723755,0.010572425089776516,0.549048662185669,0.274594247341156,-0.020483050495386124,0.49762779474258423,0.31314903497695923,0.05294337123632431,0.5452753305435181,0.23859785497188568,0.00559983029961586,0.553859531879425,0.26889318227767944,-0.02563546411693096,0.5184873342514038,0.3532903492450714,0.017228173092007637,0.518072247505188,0.36505797505378723,0.025960324332118034,0.49580147862434387,0.28796523809432983,0.03670436888933182,0.5115085244178772,0.3416982889175415,0.023852519690990448,0.49542203545570374,0.23197698593139648,0.03157511726021767,0.5406089425086975,0.38266468048095703,0.0012691003503277898,0.5615186095237732,0.2907644808292389,-0.021439459174871445,0.5413275957107544,0.27477210760116577,-0.005919548217207193,0.4997449517250061,0.2486780285835266,0.022276826202869415,0.5248126983642578,0.24403689801692963,0.00428398884832859,0.5299460887908936,0.2442682683467865,0.0029968165326863527,0.53855299949646,0.3457435369491577,-0.0052331010811030865,0.5049600005149841,0.30148112773895264,0.017078407108783722,0.5505276322364807,0.3959658145904541,0.0027988494839519262,0.5330415368080139,0.38455745577812195,0.012539132498204708,0.5260165333747864,0.37651240825653076,0.018314186483621597,0.5617168545722961,0.18409428000450134,-0.004940600600093603,0.5630086660385132,0.3969261050224304,0.001887825201265514,0.535163164138794,0.24311716854572296,0.0029827554244548082,0.5400577187538147,0.24111755192279816,0.00398124847561121,0.5434561967849731,0.23977677524089813,0.005356072913855314,0.5012254118919373,0.2338215410709381,0.017639927566051483,0.5393802523612976,0.23353098332881927,0.0034168781712651253,0.5340752005577087,0.23193573951721191,0.0021075597032904625,0.5288739204406738,0.2319483757019043,0.002176509238779545,0.5236309766769409,0.23371979594230652,0.0033995474223047495,0.5203370451927185,0.2361556738615036,0.005234538111835718,0.49007654190063477,0.229770228266716,0.04729221761226654,0.5214109420776367,0.2429812252521515,0.006042742636054754,0.563554048538208,0.30136141180992126,-0.0166221521794796,0.545428991317749,0.3075730800628662,-0.0119865033775568,0.5501725077629089,0.2865946292877197,-0.017455745488405228,0.5558693408966064,0.30258262157440186,-0.01638072356581688,0.5625598430633545,0.22897790372371674,-0.008698444813489914,0.5254035592079163,0.364926278591156,0.012075316160917282,0.5326225757598877,0.3738754093647003,0.006954762153327465,0.5508998036384583,0.38849759101867676,-0.0035196326207369566,0.5112479329109192,0.3526204228401184,0.03585289046168327,0.5433598160743713,0.2363496869802475,0.00469770235940814,0.5541122555732727,0.2542862296104431,-0.014042040333151817,0.5633661150932312,0.3895707130432129,-0.004241869784891605,0.5409647822380066,0.3913925886154175,0.006546633783727884,0.49939483404159546,0.3076534569263458,0.03476582467556,0.5494740605354309,0.35065871477127075,-0.009216058999300003,0.5480321049690247,0.3536168038845062,-0.009874173440039158,0.5465839505195618,0.3573589026927948,-0.010757865384221077,0.5456362962722778,0.3614719808101654,-0.009946338832378387,0.5478217005729675,0.3562057614326477,-0.005888090468943119,0.5417443513870239,0.3314678966999054,-0.007292022462934256,0.5401256084442139,0.3310816287994385,-0.00730896694585681,0.5387687683105469,0.33021554350852966,-0.007223467342555523,0.5364876985549927,0.32293030619621277,-0.005725341849029064,0.5136175751686096,0.30437979102134705,0.005791656672954559,0.5537781715393066,0.24647127091884613,-0.008512213826179504,0.5497004985809326,0.2311604619026184,0.001955050742253661,0.5458620190620422,0.23281730711460114,0.003890439635142684,0.543157160282135,0.3311871290206909,-0.006689149420708418,0.5139757394790649,0.3273250460624695,0.013774990104138851,0.5551188588142395,0.2298949658870697,-0.005186721682548523,0.5449273586273193,0.36372441053390503,-0.0030364219564944506,0.563541054725647,0.25503408908843994,-0.024279648438096046,0.55813068151474,0.24910761415958405,-0.017444055527448654,0.5632401704788208,0.2468404918909073,-0.0184746365994215,0.5503088235855103,0.26800253987312317,-0.014849021099507809,0.5633860230445862,0.37996789813041687,-0.006379520986229181,0.5633801221847534,0.36977237462997437,-0.005523536819964647,0.5538647770881653,0.3690415024757385,-0.005001588258892298,0.5324432849884033,0.34623807668685913,0.0008151027141138911,0.539306640625,0.29336169362068176,-0.005729532800614834,0.5379316210746765,0.3561047315597534,-0.0010019578039646149,0.5262243151664734,0.29419419169425964,-0.0036750566214323044,0.534458577632904,0.30354365706443787,-0.00546678202226758,0.5221266150474548,0.30993103981018066,0.0001276858674827963,0.5519798994064331,0.37899550795555115,-0.005532131530344486,0.5467827320098877,0.27362707257270813,-0.01120854914188385,0.5274360775947571,0.35389310121536255,0.00592032540589571,0.5346349477767944,0.36387017369270325,0.003001026576384902,0.5284460186958313,0.33443203568458557,0.0011013014009222388,0.5075975656509399,0.3170256018638611,0.018584104254841805,0.5212414264678955,0.336719274520874,0.006594754755496979,0.5042142868041992,0.32562923431396484,0.03139081969857216,0.5305261015892029,0.3166308104991913,-0.003400285029783845,0.550421416759491,0.2608100473880768,-0.010538722388446331,0.5512068867683411,0.2830427289009094,-0.024270551279187202,0.5477169752120972,0.28630542755126953,-0.01836269162595272,0.5538267493247986,0.27683401107788086,-0.028178803622722626,0.5445637106895447,0.2241056263446808,0.00033890202757902443,0.5339617729187012,0.2195754051208496,-0.0010673346696421504,0.5248735547065735,0.21953928470611572,-0.001152305630967021,0.5175034999847412,0.22249871492385864,0.0008696651784703135,0.5124815702438354,0.22750623524188995,0.004382885526865721,0.5101509094238281,0.2432931363582611,0.01265188679099083,0.49336713552474976,0.26892024278640747,0.03665689006447792,0.5154291391372681,0.25436872243881226,0.0076522063463926315,0.5217592716217041,0.25609609484672546,0.004284169990569353,0.5298607349395752,0.25548070669174194,0.002171732485294342,0.537588357925415,0.2527221441268921,0.0016868662787601352,0.5436994433403015,0.2488737404346466,0.0017147951293736696,0.5478810667991638,0.24520832300186157,0.0016795730916783214,0.49109405279159546,0.27193373441696167,0.0581611767411232,0.547867476940155,0.2890262007713318,-0.01560561079531908,0.5543947219848633,0.2614341378211975,-0.01900877244770527,0.5553513765335083,0.28279566764831543,-0.028633443638682365,0.5582736730575562,0.2873944342136383,-0.026514040306210518,0.5552783608436584,0.2845779061317444,-0.02592025324702263,0.5494417548179626,0.2918429374694824,-0.01363897230476141,0.5593537092208862,0.2880042493343353,-0.028052061796188354,0.5597785711288452,0.29038795828819275,-0.02145726978778839,0.5474886298179626,0.238455131649971,0.0047802673652768135,0.5509690642356873,0.23982897400856018,0.0013532344019040465,0.5530162453651428,0.24059024453163147,-0.002843380207195878,0.5184782147407532,0.23804305493831635,0.007104991469532251,0.5137770175933838,0.2346319705247879,0.007378354202955961,0.568126916885376,0.2563338875770569,-0.022055350244045258,0.600358784198761,0.23825834691524506,0.011787576600909233,0.5685563087463379,0.28874266147613525,-0.021063828840851784,0.6236609816551208,0.20627374947071075,0.04324883222579956,0.5853604674339294,0.24554648995399475,0.004777271766215563,0.591037929058075,0.24630191922187805,0.0053720492869615555,0.5964055061340332,0.24579715728759766,0.007173400837928057,0.6031439304351807,0.24149230122566223,0.012553609907627106,0.5803571939468384,0.24317394196987152,0.00502959918230772,0.5923598408699036,0.2210635244846344,0.0035465178079903126,0.5860700011253357,0.221616730093956,0.003359696129336953,0.598180890083313,0.2228851169347763,0.005672067403793335,0.6020200252532959,0.2264881730079651,0.008231245912611485,0.6086320281028748,0.24697916209697723,0.015258715488016605,0.5836200714111328,0.3699079155921936,0.000489252561237663,0.6022543907165527,0.23621810972690582,0.013883078470826149,0.6261054277420044,0.24461257457733154,0.04246363416314125,0.6152157187461853,0.24198845028877258,0.02181142568588257,0.5903207659721375,0.2800038158893585,-0.002619157312437892,0.568760871887207,0.31154879927635193,-0.017950905486941338,0.5677767992019653,0.31926628947257996,-0.016110101714730263,0.5764184594154358,0.3161216378211975,-0.014378652907907963,0.5808922648429871,0.32250145077705383,-0.009837931953370571,0.5734546780586243,0.3216780126094818,-0.013514431193470955,0.5775230526924133,0.3256717920303345,-0.009235531091690063,0.5874816179275513,0.3397725820541382,-0.00020966560987289995,0.5685516595840454,0.28318923711776733,-0.030934877693653107,0.5692838430404663,0.2747019827365875,-0.03220787271857262,0.6099233031272888,0.22071893513202667,0.010997465811669827,0.5790479183197021,0.25832003355026245,-0.002951744943857193,0.5805774927139282,0.2822364568710327,-0.016060125082731247,0.5807892680168152,0.2780015170574188,-0.014058711007237434,0.6070258617401123,0.27994295954704285,0.005224202759563923,0.5687167644500732,0.2646256685256958,-0.028119677677750587,0.5957592129707336,0.21088077127933502,0.00021905350149609149,0.603859543800354,0.2142704427242279,0.005101765040308237,0.6180182099342346,0.18925559520721436,0.03226440027356148,0.5716590285301208,0.21763676404953003,-0.006241338327527046,0.5806285738945007,0.22498652338981628,0.0047825234942138195,0.5910955667495728,0.32993242144584656,0.0012775528011843562,0.6169374585151672,0.3295450806617737,0.05234146863222122,0.5762912631034851,0.2872067391872406,-0.014219480566680431,0.5718722343444824,0.29011282324790955,-0.015578648075461388,0.5848098993301392,0.33777955174446106,0.00011125730816274881,0.582976758480072,0.33764299750328064,-0.0016735298559069633,0.6069561839103699,0.2090153843164444,0.008723178878426552,0.5805158019065857,0.2866330146789551,-0.013118677772581577,0.585107684135437,0.21132059395313263,-0.0036747301928699017,0.58592289686203,0.20432224869728088,-0.004310589283704758,0.5945955514907837,0.16675303876399994,0.00934633519500494,0.6139420866966248,0.19765925407409668,0.018773913383483887,0.5910767316818237,0.18376505374908447,0.002013944089412689,0.6134573221206665,0.21722042560577393,0.016673779115080833,0.6199544668197632,0.21126151084899902,0.028954477980732918,0.5684414505958557,0.31566178798675537,-0.017726439982652664,0.5749636292457581,0.3191623389720917,-0.014292961917817593,0.5793309211730957,0.3241625726222992,-0.010122185572981834,0.57485032081604,0.28901055455207825,-0.01337980106472969,0.5838994383811951,0.33779340982437134,-0.0008954551885835826,0.582819402217865,0.3436906635761261,-0.003924716264009476,0.5820897221565247,0.33741506934165955,-0.0018435954116284847,0.5740562677383423,0.28359270095825195,-0.02210599184036255,0.5761693716049194,0.3262805640697479,-0.008272006176412106,0.5722312331199646,0.3229410648345947,-0.011184598319232464,0.5671442747116089,0.32137617468833923,-0.013502786867320538,0.571183979511261,0.3601371645927429,-0.004837028216570616,0.5710810422897339,0.3662359118461609,-0.010651227086782455,0.5702270269393921,0.36161017417907715,-0.011733912862837315,0.5692844986915588,0.35663729906082153,-0.01062909048050642,0.5683726668357849,0.35266920924186707,-0.010056519880890846,0.5771746635437012,0.34602126479148865,-0.0057610152289271355,0.5787586569786072,0.34749773144721985,-0.006437314674258232,0.5807367563247681,0.34948986768722534,-0.007214551325887442,0.582373857498169,0.3516387641429901,-0.006266729440540075,0.5857407450675964,0.3120487332344055,-0.0073326826095581055,0.6248165369033813,0.28629305958747864,0.06418190151453018,0.5796104073524475,0.3424157500267029,-0.0033393946941941977,0.5812129378318787,0.34300461411476135,-0.0038646755274385214,0.5704153180122375,0.29368099570274353,-0.015849651768803596,0.5783815979957581,0.29226213693618774,-0.009243863634765148,0.5710971355438232,0.2919747829437256,-0.01590714231133461,0.585007905960083,0.263603150844574,-0.0010291356593370438,0.5942280292510986,0.26946842670440674,0.0006872062222100794,0.5815809369087219,0.2823938727378845,-0.01093678642064333,0.6088262796401978,0.17562587559223175,0.020131342113018036,0.604788601398468,0.1880762279033661,0.00999192800372839,0.5975831747055054,0.20415055751800537,0.0020351640414446592,0.5836259126663208,0.34704115986824036,-0.0024275444447994232,0.5730853080749512,0.2060605138540268,-0.007793924305588007,0.5773378610610962,0.1832054853439331,-0.0028720188420265913,0.579362154006958,0.1628868281841278,0.0025266152806580067,0.6007187366485596,0.244425967335701,0.009955688379704952,0.6155873537063599,0.2534041404724121,0.018495414406061172,0.5770354270935059,0.24081209301948547,0.0058004832826554775,0.6081352829933167,0.23092982172966003,0.013742711395025253,0.5751309394836426,0.2523746192455292,-0.004993766080588102,0.5774601697921753,0.2783766984939575,-0.021631522104144096,0.6213763952255249,0.25979527831077576,0.024811221286654472,0.6116122007369995,0.2586662173271179,0.012718387879431248,0.6043212413787842,0.2613179385662079,0.006873591803014278,0.5934023857116699,0.26001328229904175,0.0037173761520534754,0.585254430770874,0.2564273774623871,0.0022925324738025665,0.5790553092956543,0.252210408449173,0.0006089707021601498,0.5681151151657104,0.24029938876628876,-0.010832682251930237,0.6200318336486816,0.27817514538764954,0.022033676505088806,0.6129874587059021,0.2304048091173172,0.016855280846357346,0.566565215587616,0.2881740629673004,-0.0284999068826437,0.5787346959114075,0.2661091089248657,-0.005894812289625406,0.6274019479751587,0.24590925872325897,0.0628429502248764,0.574383556842804,0.24732209742069244,-0.00023318511375691742,0.5817570090293884,0.2835249602794647,-0.004994172602891922,0.6049609780311584,0.23669981956481934,0.015070336870849133,0.5774278044700623,0.27326536178588867,-0.0191377941519022,0.6220492124557495,0.30736252665519714,0.05988641083240509,0.5766746997833252,0.23789557814598083,0.00753068458288908,0.5731539726257324,0.26798099279403687,-0.024632073938846588,0.605623722076416,0.3481619656085968,0.02130560204386711,0.605190634727478,0.35965093970298767,0.030746398493647575,0.6249256134033203,0.28223320841789246,0.04285160452127457,0.6119170188903809,0.3363425135612488,0.028677435591816902,0.6232610940933228,0.22668670117855072,0.03751300275325775,0.5850159525871277,0.37934401631355286,0.0032130174804478884,0.565774142742157,0.2906181216239929,-0.021249718964099884,0.5835946798324585,0.27287423610687256,-0.003879773896187544,0.6208128929138184,0.24441693723201752,0.027935758233070374,0.59526127576828,0.24089443683624268,0.007909116335213184,0.590628981590271,0.24153286218643188,0.006189955864101648,0.5842961668968201,0.344419002532959,-0.003072137711569667,0.6180824637413025,0.29629895091056824,0.02255278080701828,0.5751240253448486,0.39412280917167664,0.004012010991573334,0.5914207696914673,0.3800511360168457,0.015539766289293766,0.5980271100997925,0.37143129110336304,0.022113144397735596,0.5859036445617676,0.2409287542104721,0.005703531671315432,0.5812717080116272,0.2395557463169098,0.006322025787085295,0.5782461762428284,0.23876075446605682,0.007428224664181471,0.6173353791236877,0.22903582453727722,0.023161236196756363,0.5817040205001831,0.23183979094028473,0.005828629247844219,0.5865147709846497,0.22967647016048431,0.0049378154799342155,0.5912440419197083,0.22947411239147186,0.005464162211865187,0.5959177613258362,0.23091840744018555,0.007122611161321402,0.59893798828125,0.23303605616092682,0.00922149233520031,0.6265347003936768,0.22403480112552643,0.05460108444094658,0.5982629656791687,0.23962923884391785,0.009963206946849823,0.5809201598167419,0.30586355924606323,-0.010286516509950161,0.5764731764793396,0.28546974062919617,-0.01631135866045952,0.5712253451347351,0.30189669132232666,-0.01569605991244316,0.5991453528404236,0.36016470193862915,0.015381465665996075,0.5923271179199219,0.3695891797542572,0.009542601183056831,0.5754750967025757,0.3867223858833313,-0.002487399848178029,0.6109981536865234,0.34695905447006226,0.0415494330227375,0.5782460570335388,0.2353585958480835,0.006841375958174467,0.5718173980712891,0.253473699092865,-0.013071104884147644,0.5840696692466736,0.38794270157814026,0.008772698231041431,0.6221966743469238,0.3019595742225647,0.04062366113066673,0.5734992623329163,0.3496491312980652,-0.008067075163125992,0.5750351548194885,0.3524409830570221,-0.00868046935647726,0.5767092704772949,0.35607120394706726,-0.009514681063592434,0.5780971050262451,0.36007142066955566,-0.008673997595906258,0.578415036201477,0.3543040156364441,-0.004389466252177954,0.5806706547737122,0.3309571146965027,-0.005343492142856121,0.5823063254356384,0.33036619424819946,-0.005163890775293112,0.5837432742118835,0.3293883502483368,-0.00491870753467083,0.5892584323883057,0.3202018141746521,-0.0030208060052245855,0.6104444861412048,0.29986831545829773,0.010440208949148655,0.5714805126190186,0.24567630887031555,-0.007510528899729252,0.5726577639579773,0.23074018955230713,0.0032290189992636442,0.5759280920028687,0.23193879425525665,0.0057160938158631325,0.5793112516403198,0.33085107803344727,-0.004782817326486111,0.6100178956985474,0.32242146134376526,0.018390003591775894,0.5680683255195618,0.23018258810043335,-0.004411893896758556,0.5810175538063049,0.36129552125930786,-0.0014326401287689805,0.5681707859039307,0.24862338602542877,-0.016933830454945564,0.5756749510765076,0.2668532431125641,-0.013620829209685326,0.5726360082626343,0.3678043782711029,-0.004269426688551903,0.5928000807762146,0.34275829792022705,0.0035479457583278418,0.5861126780509949,0.2911967635154724,-0.0036081436555832624,0.5875194668769836,0.3529541790485382,0.001174573670141399,0.5987235903739929,0.2908819913864136,-0.00032539546373300254,0.5910941362380981,0.30087149143218994,-0.002820140914991498,0.6026979088783264,0.30605795979499817,0.0039054781664162874,0.5744918584823608,0.3775032162666321,-0.004575781058520079,0.5788221955299377,0.272117018699646,-0.009682556614279747,0.5974534749984741,0.34960174560546875,0.009083747863769531,0.5906234979629517,0.3600950241088867,0.005403952673077583,0.5967182517051697,0.330820769071579,0.004436259623616934,0.6157547235488892,0.3117932081222534,0.02380048669874668,0.6034038066864014,0.3322474956512451,0.010486402548849583,0.6181756258010864,0.32003140449523926,0.03694836050271988,0.59490966796875,0.31347548961639404,-0.0002728519029915333,0.5750811100006104,0.2596774995326996,-0.009191184304654598,0.5758180022239685,0.2819967567920685,-0.023060288280248642,0.5788918733596802,0.28489911556243896,-0.017016567289829254,0.5736076235771179,0.27594736218452454,-0.027185548096895218,0.5765476226806641,0.22318783402442932,0.002068031346425414,0.5855393409729004,0.21794956922531128,0.0014873588224872947,0.5936271548271179,0.21720874309539795,0.0021752386819571257,0.600432813167572,0.2194322794675827,0.004891728051006794,0.6053223609924316,0.22389376163482666,0.008858077228069305,0.6094262003898621,0.23930542171001434,0.017431247979402542,0.6263597011566162,0.263222336769104,0.04305259510874748,0.6055054068565369,0.25036484003067017,0.012033618986606598,0.5999345183372498,0.25250035524368286,0.00813711155205965,0.5924388766288757,0.25258225202560425,0.005328400991857052,0.5851481556892395,0.2505814731121063,0.004180752672255039,0.5793876647949219,0.2475358098745346,0.0035932501778006554,0.5754160284996033,0.2444176971912384,0.0032030483707785606,0.6263737082481384,0.2662988007068634,0.06564628332853317,0.5785175561904907,0.2876296639442444,-0.014269039034843445,0.5720928311347961,0.2606159746646881,-0.018042849376797676,0.5721469521522522,0.2820517420768738,-0.02783988043665886,0.5690316557884216,0.2869504392147064,-0.02604273334145546,0.5719450116157532,0.28394442796707153,-0.025119956582784653,0.5768603682518005,0.2905519902706146,-0.01252654381096363,0.5681735277175903,0.28762805461883545,-0.027676042169332504,0.5673815011978149,0.2900623083114624,-0.02114691399037838,0.5748322606086731,0.23789724707603455,0.00639908155426383,0.5722689032554626,0.23944400250911713,0.0025565000250935555,0.5707887411117554,0.2404765486717224,-0.0018485947512090206,0.6007595062255859,0.23471800982952118,0.011250019073486328,0.6047061085700989,0.2309606671333313,0.011765025556087494,0.5297393798828125,0.23735244572162628,0.004791386891156435,0.5364134907722473,0.23662595450878143,0.004791386891156435,0.5290582776069641,0.22948333621025085,0.004791386891156435,0.5229644775390625,0.2380274087190628,0.004791386891156435,0.5303694605827332,0.2451583743095398,0.004791386891156435,0.5904843211174011,0.23415765166282654,0.007961468771100044,0.596429705619812,0.23418694734573364,0.007961468771100044,0.59055095911026,0.22643551230430603,0.007961468771100044,0.5846170783042908,0.2340523898601532,0.007961468771100044,0.590484619140625,0.24191710352897644,0.007961468771100044
1299.9999999999998,0.5613994598388672,0.3133505582809448,-0.01898689940571785,0.5638834238052368,0.28374797105789185,-0.03154858201742172,0.5632495880126953,0.29429659247398376,-0.017546799033880234,0.5586448907852173,0.2563215494155884,-0.022546136751770973,0.5639305710792542,0.27457791566848755,-0.03307125344872475,0.5637198686599731,0.2634736895561218,-0.030145829543471336,0.5628683567047119,0.23752902448177338,-0.0132068432867527,0.5189990997314453,0.2412029504776001,0.008259687572717667,0.5623535513877869,0.2187853455543518,-0.008683633990585804,0.5621858835220337,0.20692256093025208,-0.009197679348289967,0.5613356232643127,0.16163089871406555,0.00015353092749137431,0.5613834261894226,0.31627607345581055,-0.018581505864858627,0.5613530278205872,0.31945720314979553,-0.016847463324666023,0.5613653063774109,0.32163193821907043,-0.01405638363212347,0.5618356466293335,0.33760830760002136,-0.011999516747891903,0.5618653893470764,0.3410501480102539,-0.012745138257741928,0.561919093132019,0.34576213359832764,-0.013972558081150055,0.5619760751724243,0.3510424494743347,-0.012877861969172955,0.562961757183075,0.35749122500419617,-0.007200703956186771,0.563721239566803,0.2889406979084015,-0.028852347284555435,0.5583198666572571,0.28954601287841797,-0.02127019688487053,0.4932907223701477,0.21116183698177338,0.03725017234683037,0.5362815856933594,0.24715951085090637,0.0025774601381272078,0.5301916599273682,0.24863947927951813,0.0026650617364794016,0.524362325668335,0.24863986670970917,0.004035280551761389,0.5166216492652893,0.24482710659503937,0.00884600356221199,0.5414944291114807,0.24411627650260925,0.0033822727855294943,0.5267212390899658,0.22299718856811523,0.0005622817552648485,0.5337597131729126,0.2232123613357544,0.0010435619624331594,0.5203015804290771,0.22529780864715576,0.002208599355071783,0.5162031650543213,0.2292330265045166,0.004545039497315884,0.5118333101272583,0.25083744525909424,0.011347814463078976,0.5417299270629883,0.3719649016857147,-0.003050204599276185,0.5168395638465881,0.23920707404613495,0.010184550657868385,0.4927152991294861,0.250153124332428,0.03731371462345123,0.5045899152755737,0.2460627555847168,0.01741732284426689,0.5344765782356262,0.2824532091617584,-0.00486149312928319,0.5543307065963745,0.3120933771133423,-0.018337778747081757,0.5552562475204468,0.3198179006576538,-0.01625334471464157,0.5473201870918274,0.3168828785419464,-0.015418419614434242,0.543027937412262,0.3228823244571686,-0.011519410647451878,0.5500830411911011,0.32223549485206604,-0.014213149435818195,0.5462620258331299,0.32590728998184204,-0.010478482581675053,0.5374251008033752,0.34112632274627686,-0.0031362285371869802,0.5591515302658081,0.28384536504745483,-0.031175559386610985,0.5585050582885742,0.2751670479774475,-0.032563820481300354,0.5072839260101318,0.22419272363185883,0.006615678314119577,0.5455814599990845,0.2596451938152313,-0.004354666452854872,0.5456112623214722,0.2839546501636505,-0.017341123893857002,0.5451239943504333,0.2796582281589508,-0.015376479364931583,0.5166232585906982,0.283880352973938,0.0016028760001063347,0.5586161017417908,0.26483288407325745,-0.02858920581638813,0.5218127965927124,0.21226564049720764,-0.0030040843412280083,0.5131338834762573,0.21683034300804138,0.0011806902475655079,0.500064492225647,0.19329528510570526,0.026684312149882317,0.5495844483375549,0.21691390872001648,-0.007289969362318516,0.5399840474128723,0.22620299458503723,0.0030130972154438496,0.5334051847457886,0.3321489691734314,-0.0017974842339754105,0.5037052631378174,0.3363586962223053,0.04720228537917137,0.5498999357223511,0.28867366909980774,-0.015110407955944538,0.5545370578765869,0.2911672592163086,-0.01591523177921772,0.5391886234283447,0.33536750078201294,-0.0024942841846495867,0.540888786315918,0.33487993478775024,-0.003953516483306885,0.5095188617706299,0.21209824085235596,0.004566431511193514,0.545373797416687,0.2883462607860565,-0.014341762289404869,0.5338342785835266,0.21163493394851685,-0.005844178609549999,0.5323998928070068,0.20476371049880981,-0.006577675696462393,0.526451051235199,0.16827338933944702,0.005964237730950117,0.5057328343391418,0.20145216584205627,0.014244510792195797,0.5309677124023438,0.1851087510585785,-0.0005554802482947707,0.5035282373428345,0.22130881249904633,0.012019230984151363,0.4988616108894348,0.21584269404411316,0.02406267449259758,0.5546208620071411,0.3161734342575073,-0.018001392483711243,0.5486649870872498,0.31978875398635864,-0.015157676301896572,0.5445569753646851,0.3244664967060089,-0.011542048305273056,0.5512697100639343,0.2903631329536438,-0.014033971354365349,0.5400422811508179,0.3351552188396454,-0.0032849330455064774,0.5421653985977173,0.3379646837711334,-0.006397461052983999,0.5416908860206604,0.3345775604248047,-0.00409716134890914,0.5526610612869263,0.28478196263313293,-0.022969607263803482,0.5475528240203857,0.3264995515346527,-0.009454644285142422,0.5512164831161499,0.32350650429725647,-0.011838915757834911,0.555939257144928,0.3218986392021179,-0.013665110804140568,0.5553258657455444,0.3571838140487671,-0.007454180158674717,0.5547631978988647,0.350470632314682,-0.012970397248864174,0.5550976395606995,0.3451380729675293,-0.013774697668850422,0.555620014667511,0.34043657779693604,-0.012383423745632172,0.5562224984169006,0.33730989694595337,-0.011619818396866322,0.5477099418640137,0.3362561762332916,-0.007956370711326599,0.5465348958969116,0.3379223644733429,-0.008825776167213917,0.5450465679168701,0.3405275344848633,-0.009782149456441402,0.5438173413276672,0.34359437227249146,-0.008996358141303062,0.5396683216094971,0.314147412776947,-0.009272121824324131,0.4935036599636078,0.29276567697525024,0.0584992840886116,0.5634841918945312,0.2914644181728363,-0.021532468497753143,0.5448765754699707,0.3357050120830536,-0.005641985684633255,0.5435566306114197,0.3366406261920929,-0.006265490781515837,0.5562357306480408,0.29465463757514954,-0.01624099723994732,0.5474327206611633,0.29384899139404297,-0.010166575200855732,0.5554603934288025,0.29295048117637634,-0.016237897798419,0.539301335811615,0.265530526638031,-0.0029201507568359375,0.5299019813537598,0.2721661627292633,-0.0018683645175769925,0.5441444516181946,0.2841164767742157,-0.012289161793887615,0.5107494592666626,0.17852993309497833,0.015417087823152542,0.5160122513771057,0.19072788953781128,0.0063045392744243145,0.5194169878959656,0.20596441626548767,-0.0012996522709727287,0.5419052839279175,0.3472939729690552,-0.00545757869258523,0.547042191028595,0.2053852081298828,-0.008975274860858917,0.5455993413925171,0.18338865041732788,-0.00426600594073534,0.5426779985427856,0.16316360235214233,0.0007562821847386658,0.519499659538269,0.2475862056016922,0.006454601883888245,0.5056230425834656,0.25749680399894714,0.014195047318935394,0.544964611530304,0.24122241139411926,0.004346840083599091,0.5102452635765076,0.23438674211502075,0.009617849253118038,0.5497778654098511,0.25322291254997253,-0.006101107224822044,0.5491631627082825,0.2797466218471527,-0.022699439898133278,0.49998220801353455,0.2649786174297333,0.019997254014015198,0.5101398229598999,0.26285600662231445,0.008658530190587044,0.5182424187660217,0.26500260829925537,0.0034253110643476248,0.5298427939414978,0.2625901997089386,0.0011158137349411845,0.538343608379364,0.2581820487976074,0.00033473060466349125,0.544810950756073,0.2531099319458008,-0.0008429082809016109,0.5574110150337219,0.2401702105998993,-0.011304814368486404,0.502308189868927,0.28349408507347107,0.017312293872237206,0.5054471492767334,0.23425090312957764,0.0123520502820611,0.560896635055542,0.28881436586380005,-0.028646308928728104,0.5463551878929138,0.2674936056137085,-0.0071995677426457405,0.4893268346786499,0.2518225908279419,0.05672631412744522,0.5495456457138062,0.24751794338226318,-0.0012946476927027106,0.5436012744903564,0.28529709577560425,-0.00629855552688241,0.5141258239746094,0.24003644287586212,0.011199889704585075,0.5488736629486084,0.2745789587497711,-0.02022610977292061,0.4975784122943878,0.31423091888427734,0.05445101484656334,0.5449838638305664,0.23811201751232147,0.005998652428388596,0.5536867380142212,0.2687232494354248,-0.025476139038801193,0.5177405476570129,0.3536425828933716,0.017180170863866806,0.5176163911819458,0.36583375930786133,0.02636183612048626,0.49583590030670166,0.2883928418159485,0.03796425461769104,0.5108359456062317,0.34217965602874756,0.024395529180765152,0.4952971935272217,0.2316862940788269,0.03248986974358559,0.5402151942253113,0.3821977972984314,-0.00038565497379750013,0.5613185167312622,0.2912130653858185,-0.021213579922914505,0.5412059426307678,0.2747606039047241,-0.005503788590431213,0.4995816946029663,0.24836429953575134,0.02318158932030201,0.5246871113777161,0.2434617429971695,0.0047972737811505795,0.529796302318573,0.24368013441562653,0.003472435986623168,0.5409034490585327,0.339565634727478,-0.005664723925292492,0.5047043561935425,0.3017765283584595,0.01806279830634594,0.5504530072212219,0.3951188027858734,0.001086306176148355,0.5328491926193237,0.384815514087677,0.011686969548463821,0.5256864428520203,0.3771270513534546,0.01803300902247429,0.561779260635376,0.18316495418548584,-0.004955466836690903,0.5628949999809265,0.3958553969860077,2.398245305812452e-05,0.5349688529968262,0.2425312101840973,0.00342794181779027,0.5398144125938416,0.2405604124069214,0.004407381638884544,0.5431812405586243,0.23926103115081787,0.005770418792963028,0.5010884404182434,0.23339872062206268,0.01837112382054329,0.5391170382499695,0.23305752873420715,0.0038047225680202246,0.533844530582428,0.2314510941505432,0.0025052677374333143,0.5286921262741089,0.23144149780273438,0.0025836790446192026,0.5234876871109009,0.23318636417388916,0.0038454649038612843,0.5202063322067261,0.23559680581092834,0.00572357838973403,0.4899904429912567,0.22950485348701477,0.048487450927495956,0.521294116973877,0.24240921437740326,0.00659588910639286,0.5632272362709045,0.30189403891563416,-0.01646321825683117,0.5450912714004517,0.3076583743095398,-0.011720203794538975,0.5498412251472473,0.28689298033714294,-0.0171595960855484,0.5555949807167053,0.3029760718345642,-0.016270963475108147,0.5625540614128113,0.2284097969532013,-0.008616598322987556,0.5247932076454163,0.3651958107948303,0.011420728638768196,0.5321272611618042,0.3739238679409027,0.00577328447252512,0.5505850315093994,0.387459397315979,-0.005585718899965286,0.5108102560043335,0.3534958064556122,0.03689270839095116,0.5430790781974792,0.23587161302566528,0.0050911735743284225,0.5539996027946472,0.25385770201683044,-0.013847678899765015,0.5630982518196106,0.3882259726524353,-0.006475742906332016,0.5408658385276794,0.3910832107067108,0.005185670685023069,0.49942415952682495,0.30825087428092957,0.035955771803855896,0.5515108704566956,0.3367213308811188,-0.010018945671617985,0.5504443645477295,0.339273065328598,-0.010884173214435577,0.5493617653846741,0.3431195616722107,-0.011968857608735561,0.5486056804656982,0.34785449504852295,-0.011325557716190815,0.5477165579795837,0.35303759574890137,-0.007402770686894655,0.5431326627731323,0.3302425742149353,-0.00712965615093708,0.5415375232696533,0.32975420355796814,-0.007171178236603737,0.540183961391449,0.3288971781730652,-0.007100952789187431,0.5355197787284851,0.32247936725616455,-0.005637883674353361,0.5130062103271484,0.30452316999435425,0.006462976802140474,0.553703248500824,0.24597489833831787,-0.008275151252746582,0.5494934916496277,0.2307024896144867,0.002288815099745989,0.5456002354621887,0.23234054446220398,0.0042593288235366344,0.5445420145988464,0.3301618695259094,-0.00651872344315052,0.5131703615188599,0.3275737464427948,0.014232293702661991,0.5549963116645813,0.22947871685028076,-0.005000121891498566,0.5446268916130066,0.362053781747818,-0.004721997305750847,0.5634376406669617,0.2545858323574066,-0.024239832535386086,0.558011531829834,0.24855680763721466,-0.017361121252179146,0.5631619095802307,0.24625566601753235,-0.01844714768230915,0.5501991510391235,0.2678563594818115,-0.01456998661160469,0.563057541847229,0.37818610668182373,-0.008815603330731392,0.562980592250824,0.3669659197330475,-0.007909167557954788,0.5535529851913452,0.3665919303894043,-0.0072591365315020084,0.5317621231079102,0.34561794996261597,0.0001512957678642124,0.5389537811279297,0.29342159628868103,-0.005423296242952347,0.5375401377677917,0.3551304340362549,-0.00219659972935915,0.5256189107894897,0.29408493638038635,-0.0033643736969679594,0.5337595343589783,0.3034653961658478,-0.00522239226847887,0.5211442708969116,0.3099394142627716,0.00037311678170226514,0.5515856146812439,0.37756115198135376,-0.007776916958391666,0.546661376953125,0.27358579635620117,-0.010865196585655212,0.5267367362976074,0.35374391078948975,0.005267086438834667,0.5341306328773499,0.3635045886039734,0.0017579775303602219,0.5274868011474609,0.33409830927848816,0.00088164844783023,0.5071396231651306,0.3174262046813965,0.019421497359871864,0.5203627347946167,0.33665645122528076,0.006536828354001045,0.5039389133453369,0.32624855637550354,0.032401666045188904,0.5294084548950195,0.31646728515625,-0.003269741777330637,0.5503281950950623,0.26054123044013977,-0.010242913849651814,0.5509393215179443,0.2832951247692108,-0.024038709700107574,0.5473829507827759,0.2865368127822876,-0.018050141632556915,0.5535916090011597,0.27689552307128906,-0.028001125901937485,0.5443950891494751,0.22363029420375824,0.0006268463912419975,0.533858060836792,0.2190200835466385,-0.0007836694712750614,0.5248144268989563,0.21893034875392914,-0.0008391890441998839,0.5174601078033447,0.2218945473432541,0.0012540110619738698,0.5124185085296631,0.2269439399242401,0.004848505835980177,0.5100106596946716,0.2428535670042038,0.013354885391891003,0.49329665303230286,0.26911842823028564,0.03785833716392517,0.5153313279151917,0.2540159523487091,0.008343994617462158,0.5216789245605469,0.2557586431503296,0.004886357579380274,0.529747724533081,0.2551032602787018,0.002689846558496356,0.537421703338623,0.25230973958969116,0.0021380281541496515,0.5434914827346802,0.24845999479293823,0.0021288637071847916,0.5476589798927307,0.24479463696479797,0.0020632892847061157,0.4909307360649109,0.2724010944366455,0.059673573821783066,0.5475298166275024,0.28925764560699463,-0.015269754454493523,0.554265558719635,0.2611134350299835,-0.018813956528902054,0.5551000833511353,0.28304970264434814,-0.02846112661063671,0.5580571889877319,0.2877776026725769,-0.0263283122330904,0.5550296306610107,0.2849123775959015,-0.025719473138451576,0.5491393208503723,0.2920919954776764,-0.013325615786015987,0.5591408610343933,0.28837722539901733,-0.027876727283000946,0.5595632791519165,0.29080870747566223,-0.02122994139790535,0.547207236289978,0.23798128962516785,0.005176073405891657,0.5507454872131348,0.2393963485956192,0.0017042728140950203,0.5528504252433777,0.2401760071516037,-0.0025452051777392626,0.5183472037315369,0.23747126758098602,0.007641959935426712,0.5136784315109253,0.23407208919525146,0.007919310592114925,0.568055272102356,0.25596046447753906,-0.022008122876286507,0.6003780961036682,0.2381611168384552,0.011932526715099812,0.5684962868690491,0.28917086124420166,-0.020881405100226402,0.623801052570343,0.20654284954071045,0.04352797567844391,0.5854081511497498,0.2453177273273468,0.004935060162097216,0.5910934805870056,0.24618497490882874,0.005524782929569483,0.5964610576629639,0.2457457035779953,0.007334113121032715,0.6031773090362549,0.24149399995803833,0.012729007750749588,0.5804057717323303,0.24275244772434235,0.00522116431966424,0.5924308896064758,0.22097580134868622,0.003570590168237686,0.586155116558075,0.22145211696624756,0.0034170786384493113,0.5982406735420227,0.22280269861221313,0.005703104194253683,0.6020655632019043,0.22638948261737823,0.008284812793135643,0.6086838841438293,0.24716711044311523,0.015517860651016235,0.5835318565368652,0.36940479278564453,-0.0013737508561462164,0.6022756695747375,0.23618465662002563,0.014028320088982582,0.6260120868682861,0.2453254610300064,0.04290406405925751,0.615231990814209,0.2422529011964798,0.022084366530179977,0.5902867913246155,0.2804465591907501,-0.002462321426719427,0.5684951543807983,0.31205084919929504,-0.017741091549396515,0.5675464272499084,0.31980812549591064,-0.015712006017565727,0.575611412525177,0.3167282044887543,-0.01417638175189495,0.5798609256744385,0.322727233171463,-0.009775646030902863,0.5727387070655823,0.32234445214271545,-0.013170243240892887,0.5765206813812256,0.326056569814682,-0.009019332937896252,0.587091863155365,0.33879196643829346,-0.0008920283289626241,0.5684790015220642,0.2834760546684265,-0.030841641128063202,0.5691827535629272,0.2747247517108917,-0.032167937606573105,0.6100338697433472,0.22063948214054108,0.011025848798453808,0.5790319442749023,0.2583494782447815,-0.002762201940640807,0.5805816054344177,0.2825683653354645,-0.015890439972281456,0.580737292766571,0.2782418131828308,-0.01388621423393488,0.6071493625640869,0.28055065870285034,0.005559596233069897,0.5686272382736206,0.2644192576408386,-0.028086300939321518,0.5958693027496338,0.21058079600334167,0.00017422738892491907,0.6039774417877197,0.21408045291900635,0.005081089213490486,0.6181910037994385,0.18917140364646912,0.03234504908323288,0.5717207193374634,0.21714337170124054,-0.006220623385161161,0.5807018876075745,0.22468283772468567,0.00489865941926837,0.5910359621047974,0.32967519760131836,0.0009238930069841444,0.617213249206543,0.3315676152706146,0.05304054543375969,0.576327383518219,0.28764358162879944,-0.014021280221641064,0.5718505382537842,0.29058191180229187,-0.015363125130534172,0.5835705995559692,0.33544114232063293,-7.624703721376136e-05,0.5818651914596558,0.33498504757881165,-0.00184297701343894,0.6070752739906311,0.20884767174720764,0.008705594576895237,0.5805168151855469,0.2870267331600189,-0.012911752797663212,0.5851958394050598,0.21092595160007477,-0.0037056668661534786,0.586037278175354,0.20391090214252472,-0.004383807070553303,0.5946577191352844,0.16607694327831268,0.009228060021996498,0.6140919327735901,0.1974526345729828,0.01877376064658165,0.5911095142364502,0.18308651447296143,0.0019454939756542444,0.6135439872741699,0.21723923087120056,0.01671477034687996,0.6200794577598572,0.21138544380664825,0.02908339537680149,0.5681981444358826,0.3161495327949524,-0.017418941482901573,0.5742202401161194,0.3197964131832123,-0.014025862328708172,0.5782984495162964,0.3244509696960449,-0.009982614777982235,0.5748658776283264,0.2894613444805145,-0.013165603391826153,0.5827186107635498,0.3352515697479248,-0.001062333001755178,0.5808467268943787,0.337919682264328,-0.0045319246128201485,0.5810549259185791,0.3346818685531616,-0.0020423149690032005,0.574063241481781,0.2839701771736145,-0.02197105810046196,0.5751194357872009,0.32668590545654297,-0.008038990199565887,0.5715027451515198,0.3236570656299591,-0.01081736572086811,0.5668556094169617,0.3219406306743622,-0.013096784241497517,0.5704239010810852,0.3564285933971405,-0.006866872776299715,0.569187581539154,0.35016581416130066,-0.01235476415604353,0.5686995983123779,0.3449253737926483,-0.013117071241140366,0.5680988430976868,0.3403296172618866,-0.011753867380321026,0.5674501061439514,0.3372996747493744,-0.011020736768841743,0.5755434632301331,0.3364437222480774,-0.006519264541566372,0.5767432451248169,0.33794617652893066,-0.007360802032053471,0.5782549977302551,0.34032896161079407,-0.008277371525764465,0.5795370936393738,0.34321293234825134,-0.007376455701887608,0.5855097770690918,0.31231361627578735,-0.007248901296406984,0.6248559951782227,0.2880159616470337,0.06500176340341568,0.5781042575836182,0.33587437868118286,-0.0038599062245339155,0.5794312357902527,0.3367031514644623,-0.004468386061489582,0.5702461004257202,0.2942388355731964,-0.015699049457907677,0.5783079862594604,0.2927403151988983,-0.00904523953795433,0.5710044503211975,0.29249367117881775,-0.015710929408669472,0.5850114822387695,0.263842910528183,-0.0008047415176406503,0.5942691564559937,0.2698754668235779,0.0009434118983335793,0.5815275311470032,0.2827003002166748,-0.010735523886978626,0.6089390516281128,0.17522823810577393,0.020064590498805046,0.6048699617385864,0.1876026690006256,0.00994203146547079,0.5977053046226501,0.2038579136133194,0.001982452580705285,0.582969605922699,0.3451957404613495,-0.0035743084736168385,0.5731897950172424,0.20555049180984497,-0.007861647754907608,0.577358603477478,0.18236994743347168,-0.002945014275610447,0.5794079303741455,0.16202440857887268,0.002424485981464386,0.6007558107376099,0.2444082349538803,0.010128871537744999,0.6155843734741211,0.2537851333618164,0.018809344619512558,0.5770750641822815,0.24023450911045074,0.00600050762295723,0.608204185962677,0.23089589178562164,0.013837016187608242,0.5751162171363831,0.2522054612636566,-0.004833240061998367,0.5774440169334412,0.27864396572113037,-0.021511968225240707,0.6213047504425049,0.2604736387729645,0.025202088057994843,0.6116566061973572,0.2590518295764923,0.01301115844398737,0.604375958442688,0.26164549589157104,0.007134884130209684,0.5934497117996216,0.26016807556152344,0.003955485299229622,0.5852921009063721,0.2563847005367279,0.002506584394723177,0.5790751576423645,0.2519815266132355,0.0008103903965093195,0.5681027770042419,0.23974627256393433,-0.01076524518430233,0.6199896931648254,0.27907595038414,0.022468294948339462,0.6130462884902954,0.23048843443393707,0.016973191872239113,0.5664488673210144,0.28857988119125366,-0.028363589197397232,0.5786582231521606,0.2662360966205597,-0.005670822225511074,0.6274383068084717,0.24692030251026154,0.06355764716863632,0.574402391910553,0.24693050980567932,-2.962473445222713e-05,0.5816946029663086,0.28388711810112,-0.004768412094563246,0.6050014495849609,0.2366904467344284,0.015232203528285027,0.5773705244064331,0.2734329402446747,-0.019010212272405624,0.6220673322677612,0.3094082772731781,0.060672327876091,0.5767223834991455,0.23725931346416473,0.007712958846241236,0.5730822682380676,0.26793166995048523,-0.024570517241954803,0.6060829758644104,0.34920036792755127,0.02088606357574463,0.6056404113769531,0.3611796498298645,0.030707934871315956,0.6246899962425232,0.2834955155849457,0.043456315994262695,0.6123666167259216,0.33757930994033813,0.028754252940416336,0.6232507824897766,0.22709178924560547,0.03781174495816231,0.5850257873535156,0.37922006845474243,0.0013914325973019004,0.565647542476654,0.29108741879463196,-0.021042849868535995,0.5835352540016174,0.2732038199901581,-0.003647903446108103,0.6207411289215088,0.24484919011592865,0.028260840103030205,0.5953003168106079,0.2407175600528717,0.008046380244195461,0.5906729698181152,0.24131453037261963,0.006325331050902605,0.5821540951728821,0.33942508697509766,-0.003637433284893632,0.618145763874054,0.2974227964878082,0.02299891598522663,0.5750060677528381,0.39342474937438965,0.0022407718934118748,0.591537594795227,0.3808056712150574,0.014438038691878319,0.5983023047447205,0.37266266345977783,0.021505726501345634,0.5859526991844177,0.24062690138816833,0.005850763991475105,0.5813314914703369,0.23909729719161987,0.006491747219115496,0.5783073902130127,0.23817658424377441,0.007612524088472128,0.6173422336578369,0.22925835847854614,0.023319747298955917,0.581700325012207,0.23165389895439148,0.005952571518719196,0.5865054130554199,0.2297998070716858,0.005030442029237747,0.5912073850631714,0.2297128140926361,0.005530493799597025,0.5958751440048218,0.2311348021030426,0.0071843392215669155,0.5989112854003906,0.23315006494522095,0.009298432618379593,0.6265817880630493,0.22463656961917877,0.05512236803770065,0.5982884168624878,0.23947761952877045,0.010110145434737206,0.580551028251648,0.3062607944011688,-0.010141213424503803,0.5765164494514465,0.28588658571243286,-0.016125990077853203,0.5708245038986206,0.3024148643016815,-0.015635138377547264,0.5994433164596558,0.3610125184059143,0.014441123232245445,0.5924969911575317,0.3701229989528656,0.008133284747600555,0.5753130316734314,0.3858475089073181,-0.004631698597222567,0.6114822030067444,0.3487078547477722,0.04204573482275009,0.578274667263031,0.23485399782657623,0.006997537799179554,0.5717809200286865,0.25316107273101807,-0.01297447644174099,0.5840277075767517,0.38797086477279663,0.007246128749102354,0.6219916343688965,0.303409218788147,0.04120459780097008,0.5720061659812927,0.3368265926837921,-0.008934075944125652,0.5730946660041809,0.3391604423522949,-0.009761150926351547,0.5742435455322266,0.34278935194015503,-0.010801197029650211,0.5751856565475464,0.3473588824272156,-0.010125045664608479,0.5775688886642456,0.3514189124107361,-0.005982520524412394,0.5795986652374268,0.3302989602088928,-0.005295001436024904,0.5812153220176697,0.3297254145145416,-0.005152247380465269,0.5826237201690674,0.32877230644226074,-0.004936080891638994,0.5892136693000793,0.3202544152736664,-0.0031086597591638565,0.6107333302497864,0.30076444149017334,0.010707165114581585,0.5714696049690247,0.24530039727687836,-0.007381183560937643,0.5726721286773682,0.2301838994026184,0.0034265245776623487,0.5759480595588684,0.2314041554927826,0.005881070625036955,0.578154981136322,0.3302674889564514,-0.004718944896012545,0.6104863882064819,0.3234249949455261,0.018441418185830116,0.5680957436561584,0.22962234914302826,-0.004301031585782766,0.5805916786193848,0.35992664098739624,-0.0032267156057059765,0.5681347250938416,0.24813374876976013,-0.016903705894947052,0.5755836367607117,0.2668834328651428,-0.013464865274727345,0.5721935033798218,0.36549684405326843,-0.006578342989087105,0.5926991105079651,0.342647522687912,0.0027123799081891775,0.5860833525657654,0.2916632890701294,-0.0034764031879603863,0.5871680974960327,0.35240036249160767,-0.0001611119951121509,0.5989280343055725,0.2913636565208435,-0.00026300267199985683,0.5912023782730103,0.30128684639930725,-0.0027666399255394936,0.6031908988952637,0.30671757459640503,0.0038740236777812243,0.5742821097373962,0.3762142062187195,-0.006898491643369198,0.5787346363067627,0.27231958508491516,-0.009491694159805775,0.5976227521896362,0.35000288486480713,0.00819474458694458,0.5905854105949402,0.3601798117160797,0.003982428926974535,0.5968992710113525,0.33106496930122375,0.004000631161034107,0.6159813404083252,0.3130045235157013,0.02414284646511078,0.6037656664848328,0.33284541964530945,0.010132407769560814,0.6182782649993896,0.32147860527038574,0.03740392625331879,0.5952594876289368,0.3138805031776428,-0.0003494605771265924,0.5750228762626648,0.25958317518234253,-0.009027156047523022,0.5758346915245056,0.28233686089515686,-0.022942697629332542,0.5789234638214111,0.2852971851825714,-0.01683635264635086,0.5735818147659302,0.2761055827140808,-0.02710660733282566,0.5766080617904663,0.22272348403930664,0.0021763620898127556,0.5856354236602783,0.21762330830097198,0.0015121730975806713,0.5937240123748779,0.2169540524482727,0.002150433138012886,0.6005379557609558,0.2192273736000061,0.004869946278631687,0.6054158210754395,0.2237532138824463,0.008863463997840881,0.6094790697097778,0.23943059146404266,0.017634719610214233,0.6262128949165344,0.26422616839408875,0.043591003865003586,0.6055828928947449,0.2505371868610382,0.01227495726197958,0.6000272035598755,0.2526370882987976,0.00834901724010706,0.5925124883651733,0.2526051104068756,0.005530554801225662,0.585198163986206,0.25044500827789307,0.004373800475150347,0.5794203281402588,0.24721059203147888,0.0038127382285892963,0.5754350423812866,0.24396415054798126,0.0034255345817655325,0.626442015171051,0.2676617503166199,0.06646081060171127,0.5785389542579651,0.2880557179450989,-0.014062631875276566,0.5720283389091492,0.26041221618652344,-0.017944930121302605,0.5721290111541748,0.28235477209091187,-0.027745671570301056,0.5689647197723389,0.28735172748565674,-0.025899391621351242,0.5719298124313354,0.2843111455440521,-0.02499845251441002,0.576836347579956,0.2910122871398926,-0.012314725667238235,0.568083643913269,0.2880289852619171,-0.027536574751138687,0.56728595495224,0.2905119061470032,-0.020954174920916557,0.5748592019081116,0.23724904656410217,0.006607948802411556,0.572276771068573,0.23889151215553284,0.0027778553776443005,0.5708082318305969,0.2399553656578064,-0.0016530138673260808,0.6007601618766785,0.2347523272037506,0.011355523951351643,0.6047597527503967,0.23088599741458893,0.01185237430036068,0.5294870734214783,0.23682557046413422,0.005256880074739456,0.5360989570617676,0.2360764890909195,0.005256880074739456,0.5287989974021912,0.2289612740278244,0.005256880074739456,0.5227727890014648,0.23752200603485107,0.005256880074739456,0.5301224589347839,0.24462269246578217,0.005256880074739456,0.5905653238296509,0.2339206039905548,0.00809125229716301,0.5964403748512268,0.23401755094528198,0.00809125229716301,0.5906715989112854,0.22633096575737,0.00809125229716301,0.5847747921943665,0.2337380200624466,0.00809125229716301,0.5905340313911438,0.24154303967952728,0.00809125229716301
1333.333333333333,0.5604730248451233,0.31431785225868225,-0.018216276541352272,0.5634371638298035,0.28265392780303955,-0.031677160412073135,0.5630266666412354,0.2927953600883484,-0.017402350902557373,0.5579703450202942,0.25569602847099304,-0.02299737185239792,0.5633760094642639,0.27358806133270264,-0.03334725648164749,0.5630843043327332,0.2626268267631531,-0.030562331900000572,0.562129557132721,0.23722675442695618,-0.01397530734539032,0.5185297131538391,0.24208995699882507,0.007968327030539513,0.5614556670188904,0.2193051278591156,-0.009732543490827084,0.5611939430236816,0.20763227343559265,-0.010511955246329308,0.5600097179412842,0.16204337775707245,-0.0017975717782974243,0.5605900883674622,0.31775301694869995,-0.017684292048215866,0.560743510723114,0.32126906514167786,-0.015904657542705536,0.5609578490257263,0.3236750066280365,-0.013104971498250961,0.5609288215637207,0.32400885224342346,-0.012052190490067005,0.5610460638999939,0.3270528316497803,-0.012883148156106472,0.5612214803695679,0.3308534622192383,-0.014319155365228653,0.5614835023880005,0.33538952469825745,-0.013608611188828945,0.5637731552124023,0.3506492078304291,-0.008308233693242073,0.5633742213249207,0.2877335548400879,-0.028887176886200905,0.5579001307487488,0.28826239705085754,-0.021205998957157135,0.49273592233657837,0.2118612378835678,0.03666117787361145,0.5359323620796204,0.2478194236755371,0.002286233240738511,0.5297738313674927,0.24928562343120575,0.0024086683988571167,0.5238937139511108,0.24923983216285706,0.0038149531465023756,0.5161786079406738,0.24551363289356232,0.008657323196530342,0.5412019491195679,0.24479135870933533,0.003076110500842333,0.5261570811271667,0.2239842712879181,-5.391766899265349e-05,0.5332351326942444,0.22407115995883942,0.00041936361230909824,0.5197543501853943,0.2263745665550232,0.0016770230140537024,0.5157024264335632,0.2303347885608673,0.00408978620544076,0.5114043951034546,0.2512616515159607,0.011342757381498814,0.5427150726318359,0.3675433397293091,-0.003432871075347066,0.5163816809654236,0.24010349810123444,0.00989922508597374,0.4927804470062256,0.25049808621406555,0.03749389946460724,0.5043123960494995,0.24662557244300842,0.017358118668198586,0.5337454080581665,0.2815057933330536,-0.004708499647676945,0.5533812046051025,0.31248053908348083,-0.017640698701143265,0.5545598268508911,0.32115423679351807,-0.0152718061581254,0.5465761423110962,0.3165068030357361,-0.014578276313841343,0.5420589447021484,0.3210320472717285,-0.010506615042686462,0.5491458177566528,0.32226553559303284,-0.01312669925391674,0.5447399616241455,0.32408785820007324,-0.009279606863856316,0.5370805263519287,0.33646687865257263,-0.0023144555743783712,0.5586400032043457,0.28280672430992126,-0.03130093961954117,0.5579321384429932,0.2742162346839905,-0.0328315868973732,0.5068709254264832,0.22518318891525269,0.005932818632572889,0.5449172258377075,0.25923073291778564,-0.004465875215828419,0.5447841286659241,0.2826871871948242,-0.017325060442090034,0.544329822063446,0.2784629762172699,-0.0153844328597188,0.5157284736633301,0.28307151794433594,0.0020845255348831415,0.5579527616500854,0.2640334963798523,-0.02897738106548786,0.5210908651351929,0.21336203813552856,-0.003966839052736759,0.5125643610954285,0.21792639791965485,0.00033576530404388905,0.4989662170410156,0.19416627287864685,0.02566792629659176,0.54871666431427,0.21741420030593872,-0.008318597450852394,0.5395405292510986,0.22695893049240112,0.002454918110743165,0.5324715375900269,0.32816749811172485,-0.000823856214992702,0.5039885640144348,0.3349018096923828,0.04898266866803169,0.54912930727005,0.28726670145988464,-0.015042085200548172,0.5539584159851074,0.2896994650363922,-0.015774155035614967,0.5369333624839783,0.32854267954826355,-0.001268270192667842,0.5383229851722717,0.32800352573394775,-0.0027071551885455847,0.5090271234512329,0.21326451003551483,0.00363343907520175,0.5445168018341064,0.28684303164482117,-0.014225510880351067,0.5329731106758118,0.21247965097427368,-0.006895679049193859,0.5315263271331787,0.20576295256614685,-0.007798754144459963,0.5249593257904053,0.16914892196655273,0.004290241282433271,0.5046225786209106,0.20228178799152374,0.013201186433434486,0.5296938419342041,0.18602673709392548,-0.0020713184494525194,0.5032095313072205,0.2222718745470047,0.011255932971835136,0.4980989694595337,0.21650171279907227,0.0233197920024395,0.5538277626037598,0.3172551989555359,-0.017133507877588272,0.5478590130805969,0.31964555382728577,-0.01416286826133728,0.543359100818634,0.3226180672645569,-0.010414284653961658,0.5505386590957642,0.28886738419532776,-0.01391055528074503,0.5376490354537964,0.32827314734458923,-0.002034185454249382,0.5406511425971985,0.3286302983760834,-0.005504148546606302,0.5390664935112,0.327714741230011,-0.002876117592677474,0.5520272850990295,0.283651202917099,-0.023035522550344467,0.5458334684371948,0.3250439465045929,-0.008228806778788567,0.5501781105995178,0.3239310383796692,-0.010704235173761845,0.5552999973297119,0.3235659897327423,-0.012646570801734924,0.5561789870262146,0.3506234288215637,-0.008390036411583424,0.5546572208404541,0.33507898449897766,-0.013547017239034176,0.554582953453064,0.33052268624305725,-0.014073750004172325,0.5547854900360107,0.3268184959888458,-0.012452887371182442,0.5552646517753601,0.3238910138607025,-0.01158528309315443,0.5458239912986755,0.32518672943115234,-0.007438279688358307,0.5449779033660889,0.3268265426158905,-0.008416841737926006,0.5440213680267334,0.3289940059185028,-0.009450766257941723,0.5432875156402588,0.3317529559135437,-0.008651874959468842,0.5388705134391785,0.31151145696640015,-0.008396482095122337,0.4940916895866394,0.2925131618976593,0.05981609225273132,0.5632113218307495,0.2901245057582855,-0.021432848647236824,0.5425320863723755,0.326420396566391,-0.004757237620651722,0.5416550040245056,0.32742342352867126,-0.0054016862995922565,0.5557985305786133,0.29310673475265503,-0.016095295548439026,0.5466799736022949,0.2921140789985657,-0.00995460245758295,0.5549524426460266,0.29144588112831116,-0.016091449186205864,0.5385820865631104,0.26504626870155334,-0.002891605719923973,0.5291321873664856,0.27158182859420776,-0.0017074720235541463,0.5433317422866821,0.2827417850494385,-0.012190919369459152,0.5093708038330078,0.17950960993766785,0.014060367830097675,0.5147538185119629,0.1916530430316925,0.005008055828511715,0.5187001824378967,0.2071920484304428,-0.002403555903583765,0.5421341061592102,0.3420853018760681,-0.005095732863992453,0.5461513996124268,0.20609880983829498,-0.01027130987495184,0.5443521738052368,0.18406295776367188,-0.005909477826207876,0.5412344336509705,0.1638413369655609,-0.0011066924780607224,0.5190359354019165,0.24821887910366058,0.006262738723307848,0.5052030086517334,0.2577078342437744,0.014349082484841347,0.5446875691413879,0.24193599820137024,0.003994336351752281,0.5098727345466614,0.2353331744670868,0.009250218980014324,0.5491291284561157,0.25289466977119446,-0.006341812200844288,0.548468828201294,0.2787286937236786,-0.022816965356469154,0.499752402305603,0.26495739817619324,0.020382773131132126,0.5095750689506531,0.2628194987773895,0.00887143425643444,0.517539918422699,0.26485028862953186,0.0036107655614614487,0.5291192531585693,0.26256263256073,0.0012031663209199905,0.5376883149147034,0.2583152651786804,0.00030561754829250276,0.5441837906837463,0.2533845901489258,-0.0009939111769199371,0.5566673874855042,0.23994998633861542,-0.011976605281233788,0.5019186735153198,0.28302282094955444,0.01801849529147148,0.5051296949386597,0.23506155610084534,0.011940332129597664,0.5605244040489197,0.2876379191875458,-0.02867824025452137,0.5456879138946533,0.26678764820098877,-0.007217286620289087,0.4897076189517975,0.2520645260810852,0.05723881348967552,0.5489093065261841,0.2479468435049057,-0.0015650588320568204,0.5427902936935425,0.2838696241378784,-0.006103802006691694,0.5137302875518799,0.24089017510414124,0.010955286212265491,0.5481598377227783,0.27364373207092285,-0.020379696041345596,0.4981272220611572,0.31357672810554504,0.0560203492641449,0.5447583198547363,0.2389056384563446,0.005588228348642588,0.5530351400375366,0.26792198419570923,-0.025769049301743507,0.5177744626998901,0.35087764263153076,0.01818874292075634,0.5181692242622375,0.3628336489200592,0.02769923396408558,0.4961164593696594,0.28811588883399963,0.038907673209905624,0.5105096697807312,0.3401338458061218,0.025665849447250366,0.4949949383735657,0.232216939330101,0.03217656910419464,0.5415481925010681,0.3776424527168274,-0.0006046930211596191,0.5609927177429199,0.2899053394794464,-0.021110672503709793,0.5404832363128662,0.2739020586013794,-0.005419864319264889,0.499416708946228,0.24886351823806763,0.02319803647696972,0.5242574214935303,0.24432674050331116,0.004479880910366774,0.5294355154037476,0.24453751742839813,0.003131816629320383,0.5397008061408997,0.33023208379745483,-0.004708890803158283,0.5040870308876038,0.300979882478714,0.01906903274357319,0.5521584153175354,0.38951846957206726,0.0006778639508411288,0.5343528389930725,0.38045603036880493,0.012033959850668907,0.5268037915229797,0.3734208941459656,0.01887422613799572,0.5606077909469604,0.1835547387599945,-0.006654252763837576,0.5643662214279175,0.390038400888443,-0.0005051255575381219,0.5346761345863342,0.24339184165000916,0.003059772774577141,0.5396054983139038,0.24139724671840668,0.00402791565284133,0.5429774522781372,0.24005964398384094,0.0053720781579613686,0.5008718967437744,0.23415610194206238,0.017968634143471718,0.5387954115867615,0.23375019431114197,0.0032854352612048388,0.5334197282791138,0.23212140798568726,0.00197211978957057,0.528177797794342,0.23217293620109558,0.0020523297134786844,0.522942066192627,0.23401328921318054,0.003369133220985532,0.5196604132652283,0.2364855408668518,0.005308917257934809,0.48996832966804504,0.23000189661979675,0.04840804636478424,0.5208353400230408,0.24329224228858948,0.006297340616583824,0.563099205493927,0.3000563383102417,-0.016187848523259163,0.5445181727409363,0.30535003542900085,-0.011144060641527176,0.549073338508606,0.2856036126613617,-0.01713091880083084,0.5553333163261414,0.3010624647140503,-0.01600560173392296,0.5617432594299316,0.22846394777297974,-0.009522738866508007,0.5254352688789368,0.3617915213108063,0.012089625000953674,0.5331663489341736,0.3699951171875,0.005993276834487915,0.5520237684249878,0.38228359818458557,-0.006141530349850655,0.5110405683517456,0.3511810600757599,0.03860543668270111,0.5428188443183899,0.23664402961730957,0.004640938714146614,0.5533285737037659,0.25337687134742737,-0.014221038669347763,0.5644722580909729,0.3827396631240845,-0.007121262140572071,0.5425962209701538,0.38604098558425903,0.00507773831486702,0.49955666065216064,0.30755534768104553,0.03717257082462311,0.5501500368118286,0.3241807818412781,-0.009767121635377407,0.5493102073669434,0.32657063007354736,-0.010766994208097458,0.5487401485443115,0.3296538293361664,-0.0119911665096879,0.5484490394592285,0.3337368965148926,-0.011437213979661465,0.5483815670013428,0.34710627794265747,-0.007626872044056654,0.541201651096344,0.3261409103870392,-0.005871722474694252,0.5399186611175537,0.32569611072540283,-0.0059219347313046455,0.5388244390487671,0.32501280307769775,-0.005913883447647095,0.5344765186309814,0.3192134499549866,-0.004628512542694807,0.5119465589523315,0.30341893434524536,0.007239931728690863,0.5530151128768921,0.24571777880191803,-0.008719183504581451,0.5489784479141235,0.2313634753227234,0.0017498658271506429,0.5452236533164978,0.23308001458644867,0.0037774594966322184,0.5425472259521484,0.32636648416519165,-0.005228744819760323,0.5122787952423096,0.3258081376552582,0.015245549380779266,0.5542353987693787,0.23005062341690063,-0.005757571663707495,0.5454058051109314,0.3571515679359436,-0.005127710290253162,0.5627740025520325,0.2539155185222626,-0.024756142869591713,0.5573111176490784,0.24810773134231567,-0.017950914800167084,0.5624720454216003,0.24575793743133545,-0.01909547485411167,0.5495478510856628,0.26708316802978516,-0.014736027456820011,0.5643024444580078,0.3727828860282898,-0.009781350381672382,0.5640156269073486,0.36103612184524536,-0.009067879058420658,0.5545148849487305,0.3610243499279022,-0.00828332919627428,0.5317647457122803,0.34179002046585083,0.000813408347312361,0.5381913185119629,0.2918386161327362,-0.005142154172062874,0.5380751490592957,0.3508368730545044,-0.0020175271201878786,0.524593710899353,0.29287558794021606,-0.0030646747909486294,0.5328689813613892,0.30160778760910034,-0.0046869260258972645,0.519936740398407,0.30832234025001526,0.0009539758902974427,0.5527454018592834,0.3725109100341797,-0.008635218255221844,0.545952558517456,0.27264130115509033,-0.010891173966228962,0.5270383954048157,0.3502837121486664,0.005896609276533127,0.5348872542381287,0.3596043586730957,0.0018868232145905495,0.5268532633781433,0.3308759033679962,0.0016990165458992124,0.506410539150238,0.31624096632003784,0.02056230418384075,0.5198213458061218,0.3340121805667877,0.007389013655483723,0.503807544708252,0.32499265670776367,0.03381691873073578,0.5282564759254456,0.3139888048171997,-0.0025398225989192724,0.5496658682823181,0.25997504591941833,-0.010415753349661827,0.5502644181251526,0.28221461176872253,-0.02414623834192753,0.54657381772995,0.2852326035499573,-0.018009452149271965,0.5529670715332031,0.27597522735595703,-0.028203899040818214,0.5437901020050049,0.22426316142082214,-5.241516919340938e-05,0.533189594745636,0.21986934542655945,-0.0015369573375210166,0.5241720080375671,0.2199665904045105,-0.0015800659311935306,0.5168893933296204,0.22299841046333313,0.0006129280081950128,0.5119465589523315,0.2280314713716507,0.0043137893080711365,0.5096769332885742,0.2435489445924759,0.013194371946156025,0.4935494661331177,0.2692072093486786,0.038471732288599014,0.5148433446884155,0.25433191657066345,0.008354971185326576,0.5211257338523865,0.25600361824035645,0.004881345201283693,0.5292044281959534,0.25540661811828613,0.0026406957767903805,0.5369366407394409,0.2526983916759491,0.001997575396671891,0.5430449843406677,0.24891766905784607,0.0019308708142489195,0.5471997857093811,0.24532444775104523,0.0017890564631670713,0.4914555549621582,0.2723998725414276,0.06062040477991104,0.5467067956924438,0.28777480125427246,-0.015165561810135841,0.553595244884491,0.2604576349258423,-0.019125590100884438,0.5545483827590942,0.2820284366607666,-0.02858785167336464,0.5576319694519043,0.28661781549453735,-0.026349155232310295,0.5544752478599548,0.28381621837615967,-0.02580028399825096,0.5483754873275757,0.29046815633773804,-0.013171990402042866,0.5587315559387207,0.28721126914024353,-0.02790312096476555,0.5591869354248047,0.2894955277442932,-0.021147005259990692,0.5469123125076294,0.23873282968997955,0.004775266628712416,0.5502607822418213,0.24000611901283264,0.0012968777446076274,0.5522026419639587,0.2407234162092209,-0.002992805326357484,0.5178263783454895,0.23837988078594208,0.007283379323780537,0.5132452845573425,0.23509880900382996,0.00755674671381712,0.5674908757209778,0.25520026683807373,-0.02247994765639305,0.6002109050750732,0.23800158500671387,0.011614293791353703,0.5683028697967529,0.28768211603164673,-0.020814362913370132,0.6233004927635193,0.20590443909168243,0.042863257229328156,0.5849127769470215,0.2457713782787323,0.004621740430593491,0.5907653570175171,0.24646243453025818,0.005241715349256992,0.5962154269218445,0.24570545554161072,0.0070954798720777035,0.602912962436676,0.24107950925827026,0.012537130154669285,0.5797690153121948,0.24323219060897827,0.004893288016319275,0.5919739007949829,0.2209368497133255,0.0029263810720294714,0.585527241230011,0.2215658575296402,0.0027637765742838383,0.5979122519493103,0.2226373255252838,0.005139955785125494,0.6018180847167969,0.22610437870025635,0.007796501740813255,0.608332097530365,0.24640899896621704,0.015517748892307281,0.5848895907402039,0.3646716773509979,-0.0017087134765461087,0.6020410060882568,0.23582229018211365,0.013723752461373806,0.6253848075866699,0.24412372708320618,0.04315086454153061,0.6147854924201965,0.2413666993379593,0.022050989791750908,0.5906252264976501,0.27863651514053345,-0.0023331011179834604,0.567717969417572,0.31236737966537476,-0.0170692540705204,0.5673180222511292,0.321073442697525,-0.014749698340892792,0.575263500213623,0.31649744510650635,-0.013376953080296516,0.5803210735321045,0.3209396302700043,-0.008821371011435986,0.5732237696647644,0.3222196400165558,-0.012126372195780277,0.5779775977134705,0.32403039932250977,-0.007881022058427334,0.5885562896728516,0.3334929347038269,-0.00010748072963906452,0.5681489706039429,0.28227555751800537,-0.03097637929022312,0.5687180757522583,0.27362024784088135,-0.03244359418749809,0.6098526120185852,0.22017031908035278,0.010366743430495262,0.5787931084632874,0.2574893534183502,-0.0028911815024912357,0.5806806087493896,0.2808369994163513,-0.015878912061452866,0.5807664394378662,0.2765877842903137,-0.013905633240938187,0.6077471375465393,0.27834969758987427,0.006059144623577595,0.5680831074714661,0.26347261667251587,-0.02848467417061329,0.595611572265625,0.21041975915431976,-0.000788222358096391,0.6038126349449158,0.21380402147769928,0.004243525676429272,0.6176749467849731,0.18881696462631226,0.03123771771788597,0.5711008906364441,0.21726474165916443,-0.007263197097927332,0.5799534916877747,0.2249440997838974,0.004298464395105839,0.5927520394325256,0.32483071088790894,0.0018858397379517555,0.6174545884132385,0.3286369740962982,0.05478474497795105,0.5764793753623962,0.285852313041687,-0.013926246203482151,0.5718961954116821,0.2888353168964386,-0.015204250812530518,0.5864097476005554,0.3282603621482849,0.0011042073601856828,0.5849949717521667,0.32775866985321045,-0.0006510899984277785,0.6069023013114929,0.20856325328350067,0.007777862250804901,0.5807294845581055,0.2850387990474701,-0.012812555767595768,0.5848037004470825,0.21088910102844238,-0.004756246693432331,0.5856413245201111,0.20389065146446228,-0.005600291769951582,0.5937362909317017,0.1661517173051834,0.007427710108458996,0.6136519312858582,0.19715788960456848,0.017767852172255516,0.5902717113494873,0.18321014940738678,0.0004330786759965122,0.6132888197898865,0.21675360202789307,0.016007276251912117,0.6196631193161011,0.21086010336875916,0.028392605483531952,0.5676571130752563,0.31711962819099426,-0.016573375090956688,0.5742453336715698,0.3196125328540802,-0.013067809864878654,0.5791847109794617,0.32252517342567444,-0.00891188345849514,0.5750319361686707,0.28762325644493103,-0.013037825003266335,0.5856838822364807,0.328018456697464,0.00012827717000618577,0.5826504230499268,0.3283170461654663,-0.0037132364232093096,0.5842140913009644,0.3274662494659424,-0.0008820316288620234,0.5739885568618774,0.282481849193573,-0.022029675543308258,0.5770112872123718,0.32491397857666016,-0.006885840557515621,0.5723397135734558,0.3238326907157898,-0.009732529520988464,0.5669215321540833,0.32349395751953125,-0.012109615840017796,0.5712680816650391,0.349713534116745,-0.007847761735320091,0.5685762763023376,0.3349471092224121,-0.012983734719455242,0.568085253238678,0.33035922050476074,-0.01347974594682455,0.5675442814826965,0.3266628086566925,-0.011887085624039173,0.566899299621582,0.3237678110599518,-0.01103699766099453,0.5769713521003723,0.32498952746391296,-0.006079489830881357,0.5780012011528015,0.3265419900417328,-0.007049170788377523,0.5791304707527161,0.32866182923316956,-0.008051389828324318,0.5801320672035217,0.3313288390636444,-0.007129410747438669,0.586568295955658,0.30894771218299866,-0.00643552839756012,0.624372661113739,0.28599852323532104,0.06622879952192307,0.5805492401123047,0.3261887729167938,-0.003042378230020404,0.5815069675445557,0.3271459937095642,-0.003690209938213229,0.5702457427978516,0.29247674345970154,-0.015556951984763145,0.5785748362541199,0.2905721962451935,-0.008855216205120087,0.5710163712501526,0.2907373309135437,-0.015555573627352715,0.5849756002426147,0.26271915435791016,-0.0007850361871533096,0.5944930911064148,0.2683326005935669,0.0011242196196690202,0.5816622376441956,0.2808116376399994,-0.010659504681825638,0.6082448959350586,0.17512363195419312,0.018584728240966797,0.6042496562004089,0.18751686811447144,0.00865255482494831,0.5974467396736145,0.203725203871727,0.0008689381065778434,0.5841913819313049,0.3394831717014313,-0.003299909410998225,0.5725822448730469,0.20569512248039246,-0.009145197458565235,0.5763546228408813,0.18258261680603027,-0.004584024660289288,0.5782651901245117,0.16223262250423431,0.0004927170230075717,0.6005291938781738,0.24415992200374603,0.009932023473083973,0.6151257157325745,0.25265246629714966,0.01898031309247017,0.5763211846351624,0.24073657393455505,0.0056181009858846664,0.6079168319702148,0.23039279878139496,0.013468137010931969,0.5747267007827759,0.2515471577644348,-0.005079845432192087,0.5773351788520813,0.27721548080444336,-0.021628277376294136,0.620914876461029,0.2588650584220886,0.02563166618347168,0.6113170981407166,0.25784891843795776,0.013226255774497986,0.6040778160095215,0.2604587972164154,0.007306363433599472,0.5931375622749329,0.25941023230552673,0.004026131238788366,0.5848639607429504,0.25599953532218933,0.0024607423692941666,0.5785121917724609,0.25177159905433655,0.0006451205117627978,0.5674750208854675,0.23937535285949707,-0.011437678709626198,0.6199911236763,0.2769213914871216,0.02322659268975258,0.6126894354820251,0.22985374927520752,0.016590967774391174,0.5661661624908447,0.28729405999183655,-0.028395764529705048,0.5785245895385742,0.2650946378707886,-0.005719271022826433,0.6268088817596436,0.24558335542678833,0.06390978395938873,0.5737581849098206,0.24685898423194885,-0.00031220263917930424,0.5818881988525391,0.2819287180900574,-0.004621196538209915,0.6047065854072571,0.23622018098831177,0.014984793029725552,0.577203094959259,0.2721049189567566,-0.019165998324751854,0.6217218041419983,0.30706822872161865,0.06222331151366234,0.57591712474823,0.23781123757362366,0.007268883287906647,0.5727047920227051,0.26684704422950745,-0.024875354021787643,0.6073637008666992,0.3454556465148926,0.022012274712324142,0.6065840721130371,0.3573763370513916,0.03205259144306183,0.6241763830184937,0.28148937225341797,0.04451927915215492,0.6134777069091797,0.33421868085861206,0.030152741819620132,0.6227060556411743,0.22625069320201874,0.03758446127176285,0.5863126516342163,0.37450870871543884,0.0012570397229865193,0.5654087662696838,0.2897014319896698,-0.02093534544110298,0.5836052298545837,0.27173393964767456,-0.003583852667361498,0.6201912760734558,0.24370889365673065,0.028319312259554863,0.5951282382011414,0.2410021722316742,0.007703347131609917,0.5903696417808533,0.2418563961982727,0.005961567163467407,0.583751380443573,0.32983824610710144,-0.0027450346387922764,0.6186149716377258,0.29492074251174927,0.02406194992363453,0.5762172937393188,0.3878420889377594,0.0018315454944968224,0.5925020575523376,0.3763035833835602,0.014827591367065907,0.5992254018783569,0.3685588836669922,0.022376762703061104,0.5854752063751221,0.2413083016872406,0.0054702963680028915,0.5806915760040283,0.23978939652442932,0.006099648308008909,0.5775617957115173,0.2388107031583786,0.007198764011263847,0.616882860660553,0.22853587567806244,0.022943725809454918,0.5809811353683472,0.23187822103500366,0.005418563727289438,0.5858920216560364,0.22982212901115417,0.00446100952103734,0.5907360911369324,0.22957293689250946,0.0049602980725467205,0.5955421924591064,0.23087255656719208,0.006670588161796331,0.5986427664756775,0.2328270673751831,0.00884172972291708,0.6259772777557373,0.22369109094142914,0.054957065731287,0.598163366317749,0.23951545357704163,0.009796659462153912,0.5811466574668884,0.3034384548664093,-0.009612767957150936,0.576620876789093,0.28420311212539673,-0.016097789630293846,0.5709274411201477,0.30028343200683594,-0.015385966747999191,0.6006044149398804,0.3569820821285248,0.015219136141240597,0.5937114953994751,0.36587855219841003,0.008459126576781273,0.576607346534729,0.38057172298431396,-0.005145485978573561,0.6122218370437622,0.34522438049316406,0.04376469925045967,0.5774884223937988,0.23527517914772034,0.006517347879707813,0.5713313221931458,0.25243625044822693,-0.013369179330766201,0.5850974917411804,0.38293859362602234,0.007163770496845245,0.6217685341835022,0.3009842038154602,0.0425531268119812,0.5723252296447754,0.3239847421646118,-0.008751179091632366,0.5733323097229004,0.32630980014801025,-0.009731005877256393,0.5741985440254211,0.3293422758579254,-0.010918132960796356,0.5749582052230835,0.33340007066726685,-0.010340613313019276,0.5785676836967468,0.3451564908027649,-0.0063186208717525005,0.5818808674812317,0.3259117901325226,-0.004073856398463249,0.5830380916595459,0.3254418969154358,-0.003941626753658056,0.5840684175491333,0.3247462809085846,-0.0037700391840189695,0.5907841920852661,0.3161435127258301,-0.0021354358177632093,0.6118432879447937,0.2981092631816864,0.011527669616043568,0.5709407329559326,0.24481239914894104,-0.007821695879101753,0.5719306468963623,0.23048138618469238,0.002851366763934493,0.5751638412475586,0.23181165754795074,0.005341125186532736,0.5806140899658203,0.3261816203594208,-0.0035070639569312334,0.6119129061698914,0.3202172815799713,0.019518833607435226,0.5674127340316772,0.22978542745113373,-0.005106326192617416,0.5818334221839905,0.3547113835811615,-0.0036766750272363424,0.5675376057624817,0.24754080176353455,-0.017505105584859848,0.5753504633903503,0.2657628655433655,-0.013634656555950642,0.5733475089073181,0.3597671091556549,-0.007590115536004305,0.5939887166023254,0.33806321024894714,0.003370812861248851,0.5865318775177002,0.289370596408844,-0.0032321768812835217,0.5883609056472778,0.347602903842926,-2.85216865449911e-05,0.599889874458313,0.2889658212661743,2.798452987917699e-05,0.5921643972396851,0.29850703477859497,-0.0022708396427333355,0.6046838760375977,0.30376672744750977,0.004444857127964497,0.5755996108055115,0.370988130569458,-0.007712119724601507,0.5786758065223694,0.27093690633773804,-0.009534753859043121,0.5988800525665283,0.3457869291305542,0.008883576840162277,0.5918326377868652,0.35582637786865234,0.0041580782271921635,0.5984203219413757,0.3268389105796814,0.004834569990634918,0.6168578863143921,0.31019389629364014,0.025349335744976997,0.60526442527771,0.3290557563304901,0.01103114802390337,0.6186601519584656,0.3186231553554535,0.0389220230281353,0.5968349575996399,0.31032150983810425,0.0003632612060755491,0.5747182369232178,0.25868645310401917,-0.009224695153534412,0.5757617354393005,0.2808613181114197,-0.02304464764893055,0.5790547728538513,0.28355592489242554,-0.01680038683116436,0.5732814073562622,0.2748660445213318,-0.02728790044784546,0.5759146809577942,0.22294479608535767,0.0014607742195948958,0.5851132273674011,0.21767058968544006,0.0007513705058954656,0.5933600664138794,0.21688689291477203,0.0014164464082568884,0.6002835631370544,0.21903428435325623,0.004223939497023821,0.6051981449127197,0.22339822351932526,0.008321036584675312,0.609102189540863,0.23875872790813446,0.01748964935541153,0.6256062984466553,0.2626379132270813,0.04426710680127144,0.6052958965301514,0.24981006979942322,0.012280546128749847,0.5997294783592224,0.2520425319671631,0.008325145579874516,0.5921659469604492,0.2523626387119293,0.005455513019114733,0.5847356915473938,0.2504807710647583,0.004200109746307135,0.5788156986236572,0.24734878540039062,0.003584164660423994,0.5747455358505249,0.24414467811584473,0.003117441199719906,0.6258996725082397,0.26594001054763794,0.06725086271762848,0.5787367224693298,0.28614121675491333,-0.013972128741443157,0.5716077089309692,0.25951051712036133,-0.018273713067173958,0.5718996524810791,0.2810300588607788,-0.0278741754591465,0.5687353014945984,0.28596678376197815,-0.025918859988451004,0.5717652440071106,0.28290024399757385,-0.025078872218728065,0.5770674347877502,0.2890017330646515,-0.012174347415566444,0.5678432583808899,0.2866825759410858,-0.027559351176023483,0.5670807361602783,0.2890565097332001,-0.020870523527264595,0.574039876461029,0.23775048553943634,0.006163329817354679,0.5715281963348389,0.23913952708244324,0.002332249190658331,0.5701148509979248,0.24002878367900848,-0.002104690996930003,0.6005016565322876,0.2343865931034088,0.01097438670694828,0.6045010089874268,0.23049193620681763,0.011463431641459465,0.5292782783508301,0.23751948773860931,0.004858552012592554,0.5359688997268677,0.23678208887577057,0.004858552012592554,0.5286384224891663,0.22969810664653778,0.004858552012592554,0.5224975943565369,0.23819418251514435,0.004858552012592554,0.529868483543396,0.24526211619377136,0.004858552012592554,0.5900176763534546,0.23437921702861786,0.007667571306228638,0.5962359309196472,0.23437899351119995,0.007667571306228638,0.5900652408599854,0.2266550064086914,0.007667571306228638,0.5838464498519897,0.23429623246192932,0.007667571306228638,0.5900059938430786,0.24212390184402466,0.007667571306228638
1366.6666666666663,0.5604977607727051,0.312648743391037,-0.01815761998295784,0.5626600980758667,0.2822793424129486,-0.03138929232954979,0.5623120069503784,0.29249653220176697,-0.017304157838225365,0.5572735071182251,0.2557728886604309,-0.022595010697841644,0.5625969767570496,0.27327626943588257,-0.03302650898694992,0.5623247027397156,0.262508362531662,-0.03022954612970352,0.5614586472511292,0.2377128303050995,-0.013632283546030521,0.5188772678375244,0.2426677793264389,0.008708398789167404,0.5609168410301208,0.22030159831047058,-0.009334181435406208,0.560687243938446,0.2087095081806183,-0.010044566355645657,0.5596107840538025,0.16290104389190674,-0.0012049288488924503,0.5606210231781006,0.3158986270427704,-0.017635375261306763,0.5607332587242126,0.3193589448928833,-0.01588175632059574,0.5608788132667542,0.3218211829662323,-0.013153188861906528,0.560834527015686,0.32182958722114563,-0.012388020753860474,0.5609683990478516,0.3250073194503784,-0.013280963525176048,0.5611517429351807,0.32913073897361755,-0.014773711562156677,0.5614013671875,0.33395621180534363,-0.01421913132071495,0.5627303719520569,0.34825897216796875,-0.009157408960163593,0.5626217722892761,0.28739362955093384,-0.0286293663084507,0.5572251081466675,0.28800249099731445,-0.020956048741936684,0.49322405457496643,0.21305933594703674,0.03776425123214722,0.5358524918556213,0.2484043687582016,0.002839853288605809,0.5298631191253662,0.24987497925758362,0.0030488751363009214,0.524100661277771,0.24980564415454865,0.004527265205979347,0.5165102481842041,0.2459786981344223,0.009427597746253014,0.5409443974494934,0.24533265829086304,0.003563187550753355,0.5264255404472351,0.2252330631017685,0.0006614431622438133,0.5332791805267334,0.2253178209066391,0.001039193826727569,0.5201715230941772,0.22748565673828125,0.002467558952048421,0.516183078289032,0.23125414550304413,0.004896515514701605,0.5117016434669495,0.25173667073249817,0.012146282941102982,0.5419634580612183,0.3657773733139038,-0.004079722799360752,0.5167608261108398,0.24069294333457947,0.010657839477062225,0.49299994111061096,0.2515574097633362,0.038396913558244705,0.5046578645706177,0.24720624089241028,0.01822168193757534,0.5332144498825073,0.28146329522132874,-0.0042329104617238045,0.5531297326087952,0.3107893168926239,-0.017493996769189835,0.5543286204338074,0.31922343373298645,-0.015157622285187244,0.5460623502731323,0.3151218891143799,-0.014336786232888699,0.5413994193077087,0.3199756145477295,-0.01020566001534462,0.5487126708030701,0.3205317556858063,-0.012920073233544827,0.5441464781761169,0.32269030809402466,-0.009027075953781605,0.5363277792930603,0.3349305987358093,-0.002215112093836069,0.5579169988632202,0.2824346721172333,-0.030957167968153954,0.5571761727333069,0.27390366792678833,-0.03244796395301819,0.5074911713600159,0.22615809738636017,0.006856216117739677,0.5444431900978088,0.2595614194869995,-0.003984915558248758,0.544180154800415,0.28246641159057617,-0.01689431071281433,0.5437439680099487,0.27831709384918213,-0.014943936839699745,0.5152482986450195,0.2830825746059418,0.0028155369218438864,0.557242751121521,0.26390695571899414,-0.028573770076036453,0.5215954780578613,0.2146880179643631,-0.0031437331344932318,0.5132090449333191,0.21910719573497772,0.0012472193920984864,0.4993802607059479,0.19536355137825012,0.026816001161932945,0.5484520792961121,0.2185698002576828,-0.007808785419911146,0.5393536686897278,0.22805336117744446,0.0029839796479791403,0.531638503074646,0.32689040899276733,-0.0005437201471067965,0.5039880275726318,0.3354680836200714,0.049303364008665085,0.5485109090805054,0.2870550751686096,-0.014718334190547466,0.5532956123352051,0.2894521951675415,-0.01554218027740717,0.5362570881843567,0.3280581831932068,-0.00097642932087183,0.5376551747322083,0.3273441791534424,-0.002446006517857313,0.5096773505210876,0.21453596651554108,0.0045846737921237946,0.5439082980155945,0.28659406304359436,-0.013838806189596653,0.5331684350967407,0.21383202075958252,-0.006197742652148008,0.5317398905754089,0.2072587013244629,-0.0070392051711678505,0.5250036120414734,0.1701774299144745,0.005286624189466238,0.5049641728401184,0.20355841517448425,0.014191893860697746,0.5296981334686279,0.18710079789161682,-0.0012036296539008617,0.5037322044372559,0.22328178584575653,0.012188534252345562,0.4984397292137146,0.2177620828151703,0.024290066212415695,0.5536061525344849,0.3153984248638153,-0.016989706084132195,0.5474140048027039,0.3180919289588928,-0.013933363370597363,0.5427414774894714,0.32140445709228516,-0.010135573334991932,0.5498876571655273,0.28864577412605286,-0.013626153580844402,0.5369819402694702,0.32770657539367676,-0.0017569562187418342,0.5399773120880127,0.32767125964164734,-0.00538397952914238,0.5384072065353394,0.32694798707962036,-0.0026267999783158302,0.5513917207717896,0.2834201753139496,-0.022637896239757538,0.5452101230621338,0.32351505756378174,-0.00802245456725359,0.5497269630432129,0.32208961248397827,-0.010549426078796387,0.5550380349159241,0.3216579258441925,-0.012584690935909748,0.5552881956100464,0.34831464290618896,-0.00910096149891615,0.5543155074119568,0.33373507857322693,-0.014013335108757019,0.5542898774147034,0.3288487195968628,-0.01441141776740551,0.5545091032981873,0.32478559017181396,-0.012729937210679054,0.5549876689910889,0.3216889798641205,-0.011804698035120964,0.5452017188072205,0.32352393865585327,-0.007436848245561123,0.5443330407142639,0.32535427808761597,-0.008475654758512974,0.5433405041694641,0.327754944562912,-0.009543132968246937,0.5425598621368408,0.3307236135005951,-0.008748308755457401,0.538056492805481,0.3107410669326782,-0.008009728975594044,0.4943463206291199,0.2935502529144287,0.06043781712651253,0.5624755024909973,0.2898406684398651,-0.02126171998679638,0.5418420433998108,0.3251723051071167,-0.004621427971869707,0.5410088896751404,0.3263057768344879,-0.005288614425808191,0.5551090240478516,0.29279857873916626,-0.015922674909234047,0.54600989818573,0.2917998135089874,-0.009696133434772491,0.5542809963226318,0.2911645174026489,-0.015884101390838623,0.5381467342376709,0.265308141708374,-0.002371476497501135,0.5286977291107178,0.2717108428478241,-0.0011049580061808228,0.542748749256134,0.28255659341812134,-0.011781289242208004,0.5096728205680847,0.1806771159172058,0.015167411416769028,0.5150296688079834,0.19291779398918152,0.005964280106127262,0.519213855266571,0.20865797996520996,-0.0015253187157213688,0.5413865447044373,0.340298593044281,-0.0052254581823945045,0.545965850353241,0.20753073692321777,-0.00967065617442131,0.5441062450408936,0.18493826687335968,-0.0051840622909367085,0.5410276055335999,0.16474241018295288,-0.0002871061151381582,0.5193161368370056,0.24872258305549622,0.007019254378974438,0.5055094361305237,0.25813525915145874,0.01520077046006918,0.5443089604377747,0.24248842895030975,0.004445524886250496,0.5103585124015808,0.23608195781707764,0.010085693560540676,0.5486109256744385,0.25329139828681946,-0.005885082297027111,0.5478236079216003,0.2784936726093292,-0.022382764145731926,0.4996902346611023,0.2655903100967407,0.021278847008943558,0.5098821520805359,0.26312506198883057,0.009705656208097935,0.5177518129348755,0.26511436700820923,0.004364087246358395,0.5291598439216614,0.26280778646469116,0.001840566168539226,0.5375613570213318,0.2585873007774353,0.0008399428916163743,0.5438939929008484,0.2537194490432739,-0.0005070951301604509,0.5560331344604492,0.24042415618896484,-0.011571929790079594,0.501643180847168,0.28338998556137085,0.018866349011659622,0.5055851936340332,0.23585328459739685,0.01283330749720335,0.5597972273826599,0.2872897982597351,-0.028376709669828415,0.5451548099517822,0.26694974303245544,-0.006767741404473782,0.49022841453552246,0.25323256850242615,0.058103013783693314,0.5485119223594666,0.24840211868286133,-0.001116031315177679,0.5422404408454895,0.28372254967689514,-0.0057534147053956985,0.5141336917877197,0.24141593277454376,0.011729011312127113,0.5475386381149292,0.2735100984573364,-0.019937677308917046,0.49827346205711365,0.3144484758377075,0.05650605261325836,0.5443610548973083,0.2395230531692505,0.006034118123352528,0.5523671507835388,0.26779627799987793,-0.025330839678645134,0.5173947811126709,0.35035306215286255,0.018183985725045204,0.5180225968360901,0.3624933362007141,0.027641694992780685,0.4960367977619171,0.28888726234436035,0.039659325033426285,0.5100922584533691,0.34008926153182983,0.02587904781103134,0.49529242515563965,0.233380526304245,0.03311549499630928,0.5408838987350464,0.3757041096687317,-0.0013243836583569646,0.5602738261222839,0.2896203100681305,-0.020911158993840218,0.5399988889694214,0.27397942543029785,-0.004964793566614389,0.4996521472930908,0.24946939945220947,0.024094490334391594,0.5245080590248108,0.24499954283237457,0.0051598516292870045,0.529574990272522,0.2452516257762909,0.0037624603137373924,0.5389819741249084,0.32940900325775146,-0.004562375135719776,0.5036740303039551,0.30124127864837646,0.019779352471232414,0.551424503326416,0.3870586156845093,-0.0003976095758844167,0.5340740084648132,0.37902355194091797,0.011469941586256027,0.5266379714012146,0.372519314289093,0.018564406782388687,0.5601449012756348,0.18440204858779907,-0.006124206818640232,0.5632998943328857,0.38742029666900635,-0.0017802916700020432,0.5346561074256897,0.24409539997577667,0.0036226892843842506,0.539408802986145,0.24204079806804657,0.004530955571681261,0.542647659778595,0.2406606376171112,0.0058366707526147366,0.5012255907058716,0.23495185375213623,0.0188785120844841,0.5386889576911926,0.2347107231616974,0.003833906492218375,0.5335025787353516,0.23331129550933838,0.0025971345603466034,0.528438925743103,0.23343145847320557,0.002737561007961631,0.5233230590820312,0.2351396083831787,0.004109760746359825,0.5200839042663574,0.23737670481204987,0.006058122962713242,0.490506112575531,0.23117001354694366,0.04940290376543999,0.5211560726165771,0.24390241503715515,0.007015280891209841,0.5623587965965271,0.2996322512626648,-0.016132092103362083,0.5438060164451599,0.3047417402267456,-0.010838647373020649,0.5484570264816284,0.28540006279945374,-0.016778359189629555,0.5546062588691711,0.300581157207489,-0.015872661024332047,0.5611533522605896,0.22922617197036743,-0.009177780710160732,0.5250934958457947,0.36082223057746887,0.011832403019070625,0.5326877236366272,0.36857539415359497,0.005492491647601128,0.55112624168396,0.37992995977401733,-0.007088282145559788,0.5109176635742188,0.35132578015327454,0.03877347335219383,0.5425252318382263,0.2373829483985901,0.005134414415806532,0.5527094602584839,0.2536253333091736,-0.01378920953720808,0.5632908940315247,0.3802107572555542,-0.008263390511274338,0.5421220660209656,0.38402852416038513,0.0042611779645085335,0.49935099482536316,0.3081749677658081,0.03776353597640991,0.5496917963027954,0.3221288323402405,-0.009871470741927624,0.5488169193267822,0.324759304523468,-0.010937069542706013,0.5482146143913269,0.3281507194042206,-0.012211316265165806,0.5478872656822205,0.3325297236442566,-0.011714141815900803,0.5475863218307495,0.3450118601322174,-0.008009042590856552,0.5405401587486267,0.325128436088562,-0.005578859709203243,0.5392375588417053,0.3248459994792938,-0.005592807661741972,0.5381070971488953,0.3242931067943573,-0.005560202989727259,0.5335872769355774,0.31820324063301086,-0.00421647634357214,0.5113091468811035,0.30338579416275024,0.007879185490310192,0.5524422526359558,0.2461642324924469,-0.00828558299690485,0.5485515594482422,0.23220477998256683,0.0021969149820506573,0.5448468923568726,0.23391833901405334,0.0042589218355715275,0.5418819785118103,0.32518917322158813,-0.004974268842488527,0.5117101073265076,0.325649619102478,0.015630632638931274,0.5537828803062439,0.2309294044971466,-0.005352020263671875,0.5446231365203857,0.3553813695907593,-0.00567969074472785,0.5620439052581787,0.25400957465171814,-0.024420667439699173,0.5566439032554626,0.24837836623191833,-0.017549259588122368,0.5617610812187195,0.2460440844297409,-0.01875588484108448,0.5489439368247986,0.26711851358413696,-0.014303934760391712,0.5631459951400757,0.3704621195793152,-0.01088789664208889,0.5629218220710754,0.3587840795516968,-0.010092929936945438,0.5535690188407898,0.35892316699028015,-0.00915498472750187,0.5311851501464844,0.3406184911727905,0.0008292607381008565,0.5376185178756714,0.2915921211242676,-0.004754357971251011,0.5374542474746704,0.3493921756744385,-0.0022901268675923347,0.5239230394363403,0.29267629981040955,-0.002559840213507414,0.5321581363677979,0.3011961877346039,-0.004238211549818516,0.5191783905029297,0.3080049455165863,0.0014176651602610946,0.5517970323562622,0.37037110328674316,-0.009540342725813389,0.5453988909721375,0.27265477180480957,-0.010469145141541958,0.5265880227088928,0.34924745559692383,0.005807941779494286,0.5343151688575745,0.358219176530838,0.0014804332749918103,0.5261655449867249,0.32995331287384033,0.001958905952051282,0.505963921546936,0.31640225648880005,0.02110031247138977,0.5192391276359558,0.3333856761455536,0.007636379916220903,0.503495991230011,0.32538163661956787,0.034239862114191055,0.5274282693862915,0.31333717703819275,-0.002088008215650916,0.5490982532501221,0.2601858973503113,-0.009970972314476967,0.549627423286438,0.2819599211215973,-0.02372521534562111,0.5459646582603455,0.2849942445755005,-0.017623605206608772,0.5522817373275757,0.275707483291626,-0.02776123583316803,0.543526291847229,0.22529855370521545,0.00047311687376350164,0.5332940220832825,0.22109819948673248,-0.0008949729381129146,0.5245411992073059,0.2211723029613495,-0.0008408044232055545,0.5174076557159424,0.22408151626586914,0.001437360537238419,0.5125064253807068,0.22895315289497375,0.005167950410395861,0.5100426077842712,0.24414053559303284,0.014004763215780258,0.4936171770095825,0.2701303958892822,0.039335861802101135,0.5151180624961853,0.25474002957344055,0.009127836674451828,0.5212948322296143,0.2564339339733124,0.005601554177701473,0.5292550325393677,0.25583672523498535,0.0032832068391144276,0.536817193031311,0.2531317174434662,0.00253621325828135,0.5427462458610535,0.2493492066860199,0.0024154961574822664,0.5467914342880249,0.245818093419075,0.00222659669816494,0.49187541007995605,0.27352315187454224,0.06137173995375633,0.5460885167121887,0.2875269949436188,-0.014813010580837727,0.5529505014419556,0.26052212715148926,-0.01869271695613861,0.5538668632507324,0.28171589970588684,-0.0282023623585701,0.5569521188735962,0.286326140165329,-0.026041286066174507,0.553817868232727,0.28354546427726746,-0.025431131944060326,0.5477117896080017,0.29019540548324585,-0.012886245734989643,0.5580236911773682,0.2868788242340088,-0.027603009715676308,0.558496356010437,0.28922033309936523,-0.02092311531305313,0.5464665293693542,0.23936158418655396,0.005201145075261593,0.5497837662696838,0.24062851071357727,0.0017098832176998258,0.551746666431427,0.2413492500782013,-0.0025742552243173122,0.5182367563247681,0.23909737169742584,0.00803370587527752,0.5137126445770264,0.2358257919549942,0.008349222131073475,0.5667281746864319,0.2553045153617859,-0.022244052961468697,0.5999230742454529,0.23892731964588165,0.011175159364938736,0.5675727128982544,0.28750747442245483,-0.02069580741226673,0.6233282685279846,0.20687484741210938,0.04206563159823418,0.5848684906959534,0.24647256731987,0.004403220023959875,0.5905207395553589,0.24723589420318604,0.004962403792887926,0.595859706401825,0.2465486377477646,0.006739125121384859,0.6025528311729431,0.24195274710655212,0.012056928128004074,0.5799715518951416,0.24395868182182312,0.004780689254403114,0.5919741988182068,0.2216951698064804,0.00270116631872952,0.5856856107711792,0.22235935926437378,0.0026310838293284178,0.5977910757064819,0.2234511524438858,0.0048368279822170734,0.601606011390686,0.22697624564170837,0.007421283517032862,0.6078263521194458,0.24719618260860443,0.014990659430623055,0.5838231444358826,0.36310774087905884,-0.002901601605117321,0.6017642617225647,0.23671549558639526,0.013255959376692772,0.6253122687339783,0.24514028429985046,0.04227345064282417,0.6143993139266968,0.2421618103981018,0.02143552154302597,0.590140163898468,0.27878350019454956,-0.0026480660308152437,0.5679717659950256,0.3105641007423401,-0.017132902517914772,0.56740802526474,0.31909117102622986,-0.01482809241861105,0.5757116079330444,0.3147498369216919,-0.013567077927291393,0.580803632736206,0.31944382190704346,-0.009120628237724304,0.5734248161315918,0.32027947902679443,-0.012300734408199787,0.5782812237739563,0.32229745388031006,-0.008136635646224022,0.5879802107810974,0.3322092890739441,-0.0007646846934221685,0.5673468112945557,0.28196191787719727,-0.03074067458510399,0.5678767561912537,0.2733446955680847,-0.03218955174088478,0.6095981001853943,0.2210751473903656,0.009889457374811172,0.5782703757286072,0.25792181491851807,-0.0029298190493136644,0.5800657272338867,0.28070956468582153,-0.015939518809318542,0.5801772475242615,0.2765325605869293,-0.013973487541079521,0.6075087785720825,0.2786330282688141,0.0055136168375611305,0.5672982931137085,0.26337140798568726,-0.028241455554962158,0.595423698425293,0.21135592460632324,-0.000915158714633435,0.6035816073417664,0.21470026671886444,0.003962209913879633,0.6174911260604858,0.1897794008255005,0.03067706525325775,0.571108341217041,0.21854451298713684,-0.0070679872296750546,0.5802560448646545,0.2258336991071701,0.004210787825286388,0.5924005508422852,0.3238464295864105,0.0012553906999528408,0.6179773211479187,0.3295081853866577,0.05336900055408478,0.5758734345436096,0.2857385575771332,-0.013972668908536434,0.5712549686431885,0.28866368532180786,-0.015160963870584965,0.5867918729782104,0.32735708355903625,0.0005988137563690543,0.5853732824325562,0.32666710019111633,-0.001095558051019907,0.6068019270896912,0.20946410298347473,0.007452420424669981,0.5801798701286316,0.28489819169044495,-0.01290924847126007,0.5846850872039795,0.21204523742198944,-0.0047109308652579784,0.5855199694633484,0.2050836980342865,-0.0055152918212115765,0.5932410359382629,0.16704639792442322,0.007473296485841274,0.6131595969200134,0.19822511076927185,0.01735224388539791,0.589560329914093,0.18418174982070923,0.0005339717608876526,0.6132017970085144,0.21769770979881287,0.015455099754035473,0.6194117665290833,0.2119137942790985,0.027773963287472725,0.5678672194480896,0.3151968717575073,-0.016639653593301773,0.5745668411254883,0.3177928030490875,-0.013245093636214733,0.5795822143554688,0.3209269046783447,-0.009179028682410717,0.5744308829307556,0.28749123215675354,-0.013041445054113865,0.5860658884048462,0.3270259499549866,-0.0003328419988974929,0.5830262899398804,0.32710522413253784,-0.004221172537654638,0.5845998525619507,0.32626646757125854,-0.0013209114549681544,0.5732842087745667,0.2823512852191925,-0.02196376584470272,0.5772265195846558,0.3231002986431122,-0.007158986758440733,0.5724379420280457,0.3218505382537842,-0.009941337630152702,0.5668960213661194,0.3215467035770416,-0.012255758047103882,0.5702100396156311,0.34750688076019287,-0.008754496462643147,0.5686043500900269,0.3336189389228821,-0.013665497303009033,0.5681204199790955,0.32869580388069153,-0.014048554934561253,0.5675534009933472,0.3246370255947113,-0.012387526221573353,0.5668543577194214,0.32156112790107727,-0.011468096636235714,0.5771923065185547,0.32310160994529724,-0.006568799261003733,0.5782734155654907,0.3249169588088989,-0.007593521382659674,0.5794622898101807,0.3273264467716217,-0.008643239736557007,0.5805301070213318,0.33027201890945435,-0.00776248425245285,0.5861298441886902,0.3083775043487549,-0.006743879523128271,0.6248763799667358,0.28724828362464905,0.06491181254386902,0.5808279514312744,0.3246101438999176,-0.0035148784518241882,0.5818156003952026,0.32574185729026794,-0.00418990571051836,0.5695887804031372,0.2922183573246002,-0.01556663028895855,0.5780525803565979,0.2903810143470764,-0.008978007361292839,0.5703693628311157,0.29051482677459717,-0.015524648129940033,0.5845016837120056,0.2631223797798157,-0.0009507407667115331,0.5940377116203308,0.2686636447906494,0.0008047465817071497,0.5811229944229126,0.2807387709617615,-0.010774648748338223,0.6078442931175232,0.1760764718055725,0.01831589639186859,0.6035715341567993,0.1885957568883896,0.0084797078743577,0.5973212718963623,0.20467445254325867,0.0007435589213855565,0.5833854079246521,0.3379228115081787,-0.004046677146106958,0.5725943446159363,0.2071007788181305,-0.00888071209192276,0.5757304430007935,0.18344460427761078,-0.004258674569427967,0.5777826905250549,0.16308364272117615,0.0008303903741762042,0.6001470685005188,0.24502889811992645,0.009502941742539406,0.6144713163375854,0.253390908241272,0.018356284126639366,0.5766791701316833,0.24153614044189453,0.005534557159990072,0.6076077222824097,0.23130004107952118,0.012962167151272297,0.57414311170578,0.2520199716091156,-0.005035466980189085,0.5766178369522095,0.27708637714385986,-0.021586792543530464,0.6207287311553955,0.2596491575241089,0.02487010695040226,0.6104848384857178,0.25855210423469543,0.012663203291594982,0.6031675338745117,0.2610965967178345,0.006861905567348003,0.5923562049865723,0.2599501311779022,0.003740462241694331,0.5843050479888916,0.2565325200557709,0.002295173006132245,0.5781594514846802,0.25235435366630554,0.0005965584423393011,0.5667896866798401,0.2398776113986969,-0.011199704371392727,0.619999885559082,0.27754175662994385,0.022427383810281754,0.6123970746994019,0.23074346780776978,0.01601824164390564,0.5653855204582214,0.2869873642921448,-0.028185347095131874,0.578005850315094,0.26534536480903625,-0.005772521253675222,0.6270127892494202,0.24670855700969696,0.06277933716773987,0.573525071144104,0.2475302666425705,-0.00027308924472890794,0.581433892250061,0.2818948030471802,-0.004787198267877102,0.6044129729270935,0.2371094971895218,0.014486483298242092,0.5765390992164612,0.27205926179885864,-0.01912713795900345,0.6222860813140869,0.30825942754745483,0.06084113195538521,0.5763987898826599,0.23864679038524628,0.007165554445236921,0.5719387531280518,0.26678192615509033,-0.024735186249017715,0.6070181131362915,0.3451216220855713,0.02079584077000618,0.6062844395637512,0.3571392297744751,0.030672498047351837,0.624419093132019,0.28245654702186584,0.04349174723029137,0.6135730743408203,0.33437061309814453,0.0289438646286726,0.6225599050521851,0.2272791564464569,0.036826420575380325,0.5850895047187805,0.372740238904953,-5.4712498240405694e-05,0.5646685361862183,0.2894417345523834,-0.020792877301573753,0.5831222534179688,0.2719413638114929,-0.0037490525282919407,0.6198604702949524,0.2444763332605362,0.027589738368988037,0.5948988199234009,0.24194182455539703,0.0073468866758048534,0.5902658700942993,0.24271662533283234,0.0056731682270765305,0.5841860175132751,0.32880911231040955,-0.0032802072819322348,0.6188148856163025,0.29547861218452454,0.023173030465841293,0.5749880075454712,0.385431170463562,0.0004079382342752069,0.5914680361747742,0.3749387264251709,0.013388929888606071,0.5984398722648621,0.36772269010543823,0.020986521616578102,0.5855497717857361,0.24209372699260712,0.005250530783087015,0.5810053944587708,0.2405715137720108,0.005939323455095291,0.577996551990509,0.2396273910999298,0.007071604020893574,0.6167579889297485,0.2294151484966278,0.02227891981601715,0.5814074873924255,0.23256981372833252,0.005279268138110638,0.5861439108848572,0.2303764522075653,0.004294957499951124,0.5908030271530151,0.23011857271194458,0.004725274164229631,0.595462441444397,0.23148797452449799,0.006362715270370245,0.5984485745429993,0.233547180891037,0.008468711748719215,0.6261050701141357,0.22471868991851807,0.05397919565439224,0.5978890657424927,0.2404724657535553,0.009388746693730354,0.5805768370628357,0.3029669523239136,-0.009835376404225826,0.5759833455085754,0.28409019112586975,-0.016089793294668198,0.57021164894104,0.29987043142318726,-0.015469076111912727,0.5998466610908508,0.3562091290950775,0.013975118286907673,0.5926880836486816,0.3646266460418701,0.007172033656388521,0.5753195881843567,0.3783453404903412,-0.006415216717869043,0.6124272346496582,0.34556299448013306,0.04236777871847153,0.5779621601104736,0.236093670129776,0.006399433594197035,0.5706448554992676,0.2527235746383667,-0.013218027539551258,0.5838918685913086,0.38099709153175354,0.005693402606993914,0.6221485137939453,0.30188074707984924,0.041440144181251526,0.5724124908447266,0.32184740900993347,-0.009223761968314648,0.5734758377075195,0.32444924116134644,-0.010285013355314732,0.5743975043296814,0.32784003019332886,-0.011536392383277416,0.5751907229423523,0.33225661516189575,-0.011016851291060448,0.5775874853134155,0.343242883682251,-0.007144640199840069,0.582260251045227,0.3244822323322296,-0.0044171190820634365,0.5834710001945496,0.32415175437927246,-0.004305325914174318,0.5845587849617004,0.3235543668270111,-0.004148448351770639,0.590470016002655,0.3153820037841797,-0.002576796105131507,0.6118972301483154,0.2983786463737488,0.010779377073049545,0.5703052878379822,0.24530208110809326,-0.007684078998863697,0.5722218155860901,0.2314828783273697,0.0029268930666148663,0.5755887031555176,0.23272959887981415,0.0053040385246276855,0.5809236764907837,0.32461392879486084,-0.0038606845773756504,0.6119641065597534,0.3203158676624298,0.018533464521169662,0.5673477649688721,0.23084093630313873,-0.00491196196526289,0.5808578133583069,0.3531125783920288,-0.004710609558969736,0.566801130771637,0.24783611297607422,-0.017247550189495087,0.5747280716896057,0.2658643126487732,-0.01357501745223999,0.5722683072090149,0.35777533054351807,-0.008690400049090385,0.5933505296707153,0.33713793754577637,0.002534358063712716,0.586077868938446,0.2892831563949585,-0.0035091545432806015,0.5875017642974854,0.3463669717311859,-0.0009661430376581848,0.5995821952819824,0.28902727365493774,-0.0004865026567131281,0.591788113117218,0.2983112335205078,-0.0026484935078769922,0.604584276676178,0.3037363290786743,0.00375751662068069,0.5744301080703735,0.3689744472503662,-0.008927753195166588,0.5781558156013489,0.2710323631763458,-0.009578954428434372,0.5981751084327698,0.3449859321117401,0.007840902544558048,0.5908937454223633,0.3546333611011505,0.003020180854946375,0.5980472564697266,0.32618579268455505,0.004054729361087084,0.6170886158943176,0.3106424808502197,0.024360433220863342,0.6049661040306091,0.32867586612701416,0.010105776600539684,0.6190242767333984,0.31927576661109924,0.037729743868112564,0.5966283082962036,0.309924453496933,-0.0001683159644016996,0.5741205811500549,0.258960485458374,-0.009177867323160172,0.5750401020050049,0.2807163894176483,-0.022981157526373863,0.5784215331077576,0.2834192216396332,-0.01682817004621029,0.5724902749061584,0.274682879447937,-0.027137985453009605,0.5761500597000122,0.22407637536525726,0.001490933820605278,0.5851336121559143,0.2186822146177292,0.0006843864684924483,0.5932177901268005,0.21782523393630981,0.001231128117069602,0.6000254154205322,0.21997816860675812,0.003927846439182758,0.604899525642395,0.22433829307556152,0.007908067665994167,0.6087388396263123,0.23956555128097534,0.016948340460658073,0.6256744265556335,0.2636445164680481,0.04330902546644211,0.6047071218490601,0.25057339668273926,0.011784477159380913,0.5991118550300598,0.25277066230773926,0.007937544025480747,0.5916710495948792,0.25301820039749146,0.00518663739785552,0.5844641923904419,0.2511070966720581,0.0040167514234781265,0.5787831544876099,0.24799451231956482,0.0035249562934041023,0.5748420357704163,0.24484914541244507,0.0031127813272178173,0.6262337565422058,0.26713570952415466,0.06601368635892868,0.5781522393226624,0.28599774837493896,-0.01402725838124752,0.5708945989608765,0.25961586833000183,-0.01813456602394581,0.5711130499839783,0.28082194924354553,-0.02771548368036747,0.5679826736450195,0.2857713997364044,-0.02575070969760418,0.5710340738296509,0.2827465832233429,-0.024946188554167747,0.5765087604522705,0.2888295650482178,-0.01223017182201147,0.5670671463012695,0.28642532229423523,-0.02736356481909752,0.56634920835495,0.2888374328613281,-0.020741211250424385,0.5744774341583252,0.23859749734401703,0.006124113220721483,0.5717161893844604,0.23995763063430786,0.002397511387243867,0.5700134038925171,0.2408531904220581,-0.0019758015405386686,0.6002463102340698,0.2351849228143692,0.010555042885243893,0.6042290925979614,0.23139281570911407,0.011007295921444893,0.529275119304657,0.2386416345834732,0.00548955425620079,0.5357946157455444,0.23795178532600403,0.00548955425620079,0.5287361145019531,0.23116534948349,0.00548955425620079,0.5226778388023376,0.23926660418510437,0.00548955425620079,0.5297670364379883,0.24601991474628448,0.00548955425620079,0.5901049375534058,0.2352026253938675,0.007397021166980267,0.5961073040962219,0.23535005748271942,0.007397021166980267,0.5902709364891052,0.22751353681087494,0.007397021166980267,0.5841867327690125,0.23498882353305817,0.007397021166980267,0.5899904370307922,0.24291187524795532,0.007397021166980267
1399.9999999999995,0.5608524084091187,0.3142516314983368,-0.018369540572166443,0.5627764463424683,0.28359681367874146,-0.031046003103256226,0.5627133846282959,0.2932300269603729,-0.017198288813233376,0.5571936368942261,0.25791534781455994,-0.02197035402059555,0.5625671148300171,0.27499499917030334,-0.03263581171631813,0.5622356534004211,0.2645215392112732,-0.029796279966831207,0.5613265633583069,0.23995034396648407,-0.013039457611739635,0.5192354321479797,0.2443372756242752,0.010463048703968525,0.5605410933494568,0.22142693400382996,-0.008529920130968094,0.5601266622543335,0.209761381149292,-0.009147589094936848,0.5587056279182434,0.165400892496109,-0.00026843705563806,0.5609413385391235,0.31710126996040344,-0.017846951261162758,0.5610449910163879,0.32002875208854675,-0.016051847487688065,0.5612097978591919,0.32208144664764404,-0.013294880278408527,0.5611774325370789,0.32208919525146484,-0.012986608780920506,0.5612713098526001,0.3250831365585327,-0.013813941739499569,0.561429500579834,0.32895374298095703,-0.015276812948286533,0.5616701245307922,0.33340999484062195,-0.014720707200467587,0.5646198391914368,0.34678444266319275,-0.00970890186727047,0.5628872513771057,0.28843632340431213,-0.028322748839855194,0.5576723217964172,0.28906193375587463,-0.02058098278939724,0.49353864789009094,0.21463266015052795,0.04033994302153587,0.5359043478965759,0.2502405345439911,0.003901899326592684,0.5299772620201111,0.2517443597316742,0.004380200523883104,0.5243025422096252,0.25159600377082825,0.0060864887200295925,0.5168628692626953,0.24759529531002045,0.011266106739640236,0.5409480333328247,0.24706554412841797,0.0045492942444980145,0.5266939997673035,0.22656284272670746,0.0022085746750235558,0.5334254503250122,0.22669366002082825,0.002313995733857155,0.5205610394477844,0.22880469262599945,0.004238942172378302,0.5166407823562622,0.23261763155460358,0.00676674535498023,0.5120744109153748,0.2533746063709259,0.014084924012422562,0.5448892116546631,0.36269763112068176,-0.00398247642442584,0.5171748995780945,0.24222728610038757,0.01252027228474617,0.49386247992515564,0.2521481513977051,0.04084561765193939,0.5050989985466003,0.2488037347793579,0.020427793264389038,0.5337151885032654,0.2825258672237396,-0.0032993475906550884,0.553723156452179,0.3123528063297272,-0.01747317798435688,0.5548275113105774,0.3197934627532959,-0.015171683393418789,0.5469351410865784,0.31611648201942444,-0.014153532683849335,0.5423464179039001,0.3204718232154846,-0.010042085312306881,0.5493845343589783,0.3209168612957001,-0.01285434141755104,0.5449134707450867,0.3228674530982971,-0.00901172123849392,0.5382753014564514,0.3343891203403473,-0.002212794264778495,0.5580918192863464,0.2838124930858612,-0.030489198863506317,0.5571741461753845,0.27569055557250977,-0.031900472939014435,0.508057713508606,0.2273949682712555,0.009311548434197903,0.5446372628211975,0.2612006366252899,-0.0031763899605721235,0.5445612072944641,0.28383317589759827,-0.016135483980178833,0.5440487861633301,0.2797873616218567,-0.014185609295964241,0.516080915927887,0.283981591463089,0.004445163998752832,0.5571508407592773,0.26592954993247986,-0.027960803359746933,0.521947979927063,0.2158425748348236,-0.0009795045480132103,0.5137014389038086,0.22023329138755798,0.0037224350962787867,0.49912938475608826,0.19750714302062988,0.029323095455765724,0.5483311414718628,0.22011816501617432,-0.006574086844921112,0.5394243001937866,0.2295389026403427,0.0040071867406368256,0.5334440469741821,0.3268957734107971,-0.00021896431280765682,0.5071731805801392,0.3319735527038574,0.050943173468112946,0.5490328073501587,0.28818464279174805,-0.01426314190030098,0.5538204908370972,0.29044750332832336,-0.015168593265116215,0.5371214747428894,0.3278852105140686,-0.0009607936372049153,0.5385112166404724,0.32722634077072144,-0.0026049825828522444,0.5102206468582153,0.21567870676517487,0.007085337769240141,0.5444213151931763,0.2877790629863739,-0.013153387233614922,0.533319354057312,0.2151476889848709,-0.004509960301220417,0.5319363474845886,0.20856812596321106,-0.005284683778882027,0.5238642692565918,0.17297473549842834,0.007223518565297127,0.5043180584907532,0.20530429482460022,0.01670011878013611,0.5284050107002258,0.18935373425483704,0.0006402143626473844,0.5043472051620483,0.22457830607891083,0.014735220931470394,0.4983164668083191,0.21912451088428497,0.026860082522034645,0.5541496276855469,0.31649264693260193,-0.016994241625070572,0.5481809377670288,0.31878477334976196,-0.013824299909174442,0.5435953736305237,0.3217434585094452,-0.01007107738405466,0.550449013710022,0.28969770669937134,-0.013112297281622887,0.5378427505493164,0.3275649845600128,-0.0018433432560414076,0.5407382845878601,0.32755500078201294,-0.005658825393766165,0.539246678352356,0.3268585205078125,-0.0027959535364061594,0.5517582893371582,0.28468796610832214,-0.02200099639594555,0.5459303855895996,0.323563814163208,-0.008006320334970951,0.5503565073013306,0.3222426474094391,-0.0104902945458889,0.5555293560028076,0.32187652587890625,-0.01256178505718708,0.5573140978813171,0.3468239903450012,-0.00949358381330967,0.5547501444816589,0.3332176208496094,-0.014337964355945587,0.5547125935554504,0.32868027687072754,-0.014744363725185394,0.5549706220626831,0.3248497247695923,-0.013096709735691547,0.5555045008659363,0.32191377878189087,-0.012243524193763733,0.5459502935409546,0.32362812757492065,-0.0077662114053964615,0.5450494885444641,0.32537463307380676,-0.008778163231909275,0.5440399646759033,0.32765161991119385,-0.009857291355729103,0.5432576537132263,0.3304426074028015,-0.009024329483509064,0.5390539169311523,0.3112669289112091,-0.007670937571674585,0.49657073616981506,0.2920032739639282,0.06259746849536896,0.5628407001495361,0.2907313406467438,-0.021039186045527458,0.5426188111305237,0.3251977562904358,-0.0049100592732429504,0.5417645573616028,0.32627758383750916,-0.005579016637057066,0.555592954158783,0.29361289739608765,-0.015639958903193474,0.5466482639312744,0.29275989532470703,-0.009218127466738224,0.55478435754776,0.2920612692832947,-0.015536765567958355,0.5384337306022644,0.26675519347190857,-0.001390921650454402,0.529137372970581,0.2730135917663574,0.00020961929112672806,0.5431787371635437,0.2838577330112457,-0.01106503326445818,0.5088781118392944,0.18324705958366394,0.01745157316327095,0.5139216184616089,0.19492769241333008,0.00820021703839302,0.5195969939231873,0.20980796217918396,0.0006340145482681692,0.5434200167655945,0.33928751945495605,-0.005361928604543209,0.5459464192390442,0.20908920466899872,-0.008332423865795135,0.542972207069397,0.18735429644584656,-0.0038021341897547245,0.539914071559906,0.1675255298614502,0.0011453580809757113,0.5196077823638916,0.2504492402076721,0.008751926943659782,0.505894660949707,0.2597987949848175,0.0172466728836298,0.544295608997345,0.2441551834344864,0.005368032492697239,0.5108410120010376,0.23750066757202148,0.012203972786664963,0.5487058162689209,0.25512707233428955,-0.005120597779750824,0.5480576157569885,0.28003454208374023,-0.021657750010490417,0.5005491375923157,0.2664295732975006,0.02352115325629711,0.5102609992027283,0.2647838294506073,0.01157481037080288,0.5180542469024658,0.266745924949646,0.005909918341785669,0.5292552709579468,0.26445698738098145,0.0031384394969791174,0.5374947786331177,0.26021987199783325,0.0018567309016361833,0.5437495112419128,0.25532764196395874,0.0003517643781378865,0.555927038192749,0.24262788891792297,-0.010821264237165451,0.5028532147407532,0.28373488783836365,0.020983397960662842,0.5060874223709106,0.2372760772705078,0.015118970535695553,0.5600983500480652,0.28839346766471863,-0.02797728404402733,0.5453925728797913,0.26848480105400085,-0.0060610175132751465,0.49151456356048584,0.2532635033130646,0.060520194470882416,0.5483333468437195,0.24998754262924194,-0.000325257919030264,0.5427517294883728,0.28488969802856445,-0.005131098907440901,0.5145461559295654,0.24293439090251923,0.013686488382518291,0.5476888418197632,0.27516743540763855,-0.019221296533942223,0.500950813293457,0.3120013177394867,0.05843304470181465,0.5443843603134155,0.24119699001312256,0.006987488362938166,0.5523707270622253,0.26968806982040405,-0.024634534493088722,0.5206870436668396,0.34699583053588867,0.01906932145357132,0.5220662951469421,0.35755282640457153,0.028586722910404205,0.4977881908416748,0.2882339060306549,0.04186442866921425,0.5131115913391113,0.3371398448944092,0.027179311960935593,0.4956490397453308,0.2344631403684616,0.03562993183732033,0.5443012714385986,0.3717406988143921,-0.0011006640270352364,0.5606674551963806,0.29056283831596375,-0.020639149472117424,0.5403748750686646,0.27528390288352966,-0.004187177401036024,0.5001059770584106,0.2511136829853058,0.02642214484512806,0.5247442126274109,0.24688762426376343,0.0066899703815579414,0.5297349095344543,0.24718916416168213,0.005129556637257338,0.5397588014602661,0.3291762173175812,-0.004777268972247839,0.505348265171051,0.3007919192314148,0.021658817306160927,0.5549964904785156,0.38266950845718384,-0.0005911507178097963,0.538267195224762,0.37381604313850403,0.011815586127340794,0.5308941006660461,0.36724913120269775,0.019155219197273254,0.5593414306640625,0.18660253286361694,-0.005250948015600443,0.5664423704147339,0.3833377957344055,-0.002312528667971492,0.5347635746002197,0.2459845393896103,0.004818384535610676,0.5394764542579651,0.2438240647315979,0.0056082336232066154,0.5426807403564453,0.24237634241580963,0.006856339517980814,0.5017515420913696,0.236460343003273,0.021315401419997215,0.5387437343597412,0.2362353801727295,0.004890475422143936,0.5335806608200073,0.23477807641029358,0.0038876524195075035,0.528586745262146,0.23489418625831604,0.004220321774482727,0.5235793590545654,0.23661713302135468,0.005764241795986891,0.520430862903595,0.2388652265071869,0.007784533780068159,0.49128958582878113,0.23211728036403656,0.05192587897181511,0.5214555859565735,0.24568916857242584,0.008691661059856415,0.5628153085708618,0.3002290725708008,-0.016185933724045753,0.5445146560668945,0.30539289116859436,-0.010486762039363384,0.5489479899406433,0.28659817576408386,-0.01619054190814495,0.5551204085350037,0.3012612760066986,-0.015708090737462044,0.560945987701416,0.23096466064453125,-0.008539274334907532,0.5285869240760803,0.3570531904697418,0.01237877830862999,0.5362700819969177,0.3644929826259613,0.005866202991455793,0.5542052388191223,0.37630847096443176,-0.007132803555577993,0.5145660042762756,0.3469620645046234,0.04006999358534813,0.542572021484375,0.2389969825744629,0.006153934635221958,0.5527097582817078,0.255660742521286,-0.013113554567098618,0.5660920143127441,0.3768206536769867,-0.008670052513480186,0.5460405349731445,0.3791728615760803,0.004384046886116266,0.5015249252319336,0.3066764175891876,0.03973735123872757,0.5503553152084351,0.3223147392272949,-0.010229687206447124,0.5494447350502014,0.3248087763786316,-0.011232160031795502,0.5488156080245972,0.32802078127861023,-0.012529251165688038,0.5484808087348938,0.3321254849433899,-0.012014939449727535,0.5496820211410522,0.3437015116214752,-0.008258656598627567,0.5413613319396973,0.3251461088657379,-0.005644180346280336,0.5401113033294678,0.32489582896232605,-0.005585430655628443,0.5390356183052063,0.3243923485279083,-0.005477932747453451,0.5350160002708435,0.3185626268386841,-0.0038600140251219273,0.5127649307250977,0.30323725938796997,0.009414534084498882,0.5524263978004456,0.24821260571479797,-0.0075536021031439304,0.5484547019004822,0.23385171592235565,0.0029461083468049765,0.5448461174964905,0.23553584516048431,0.005236172117292881,0.5426592230796814,0.32516708970069885,-0.005045698024332523,0.514053463935852,0.3240777552127838,0.016918199136853218,0.5535839200019836,0.23255538940429688,-0.004578059539198875,0.5471047759056091,0.35313844680786133,-0.005787331145256758,0.5619498491287231,0.2561601400375366,-0.023961909115314484,0.5565495491027832,0.25060826539993286,-0.01688968762755394,0.561662495136261,0.2483075112104416,-0.01824408397078514,0.5490752458572388,0.2688300311565399,-0.013655303977429867,0.5656153559684753,0.36775320768356323,-0.011267032474279404,0.5650781393051147,0.35678166151046753,-0.010523771867156029,0.5559262633323669,0.3567846417427063,-0.009385120123624802,0.5334375500679016,0.33928215503692627,0.0010824212804436684,0.5382530689239502,0.29246360063552856,-0.00409673759713769,0.539883017539978,0.3474172353744507,-0.002265159273520112,0.5247948169708252,0.2933606505393982,-0.0014552290085703135,0.533034086227417,0.3017878234386444,-0.0035944110713899136,0.5205980539321899,0.30797338485717773,0.0024836671072989702,0.5544942021369934,0.3674930930137634,-0.009608269669115543,0.5456657409667969,0.27412837743759155,-0.009796947240829468,0.5294533967971802,0.34678685665130615,0.006260190159082413,0.5372843146324158,0.355251669883728,0.001710412441752851,0.5281403064727783,0.3292700946331024,0.002547074342146516,0.5081143975257874,0.31514453887939453,0.022717485204339027,0.5216414928436279,0.3317860960960388,0.00847387220710516,0.5061166286468506,0.32310235500335693,0.035958051681518555,0.5288174748420715,0.3135610818862915,-0.0014141735155135393,0.5492040514945984,0.26198044419288635,-0.009280799888074398,0.5499519109725952,0.2833341956138611,-0.02303255908191204,0.5464168190956116,0.2862510085105896,-0.01695428043603897,0.5523916482925415,0.2773917019367218,-0.027075491845607758,0.543516993522644,0.22683356702327728,0.0014358676271513104,0.5334529876708984,0.22243720293045044,0.0005262045306153595,0.5248625874519348,0.22240996360778809,0.0009731885511428118,0.5178512930870056,0.22530661523342133,0.0035074546467512846,0.5130191445350647,0.23023802042007446,0.007358800154179335,0.5104582905769348,0.24572616815567017,0.016073640435934067,0.4949560761451721,0.2701653838157654,0.04171092063188553,0.5154610872268677,0.25639548897743225,0.010894831269979477,0.5215247869491577,0.2581145167350769,0.0071675097569823265,0.5293409824371338,0.257570743560791,0.004612108692526817,0.5367900133132935,0.2548581659793854,0.003522212151437998,0.5426611304283142,0.2510239779949188,0.0033327098935842514,0.5466638207435608,0.2474648803472519,0.0030098401475697756,0.4936680495738983,0.2727271318435669,0.06364419311285019,0.5466087460517883,0.2886752784252167,-0.014196649193763733,0.5529441833496094,0.26249265670776367,-0.018031368032097816,0.5541166663169861,0.283130943775177,-0.027613386511802673,0.5573216080665588,0.2874738872051239,-0.025598594918847084,0.5541664361953735,0.28481799364089966,-0.0248732790350914,0.5483133792877197,0.2912043035030365,-0.012394691817462444,0.5583555698394775,0.2880224287509918,-0.0271805077791214,0.5589193105697632,0.2902069687843323,-0.020597048103809357,0.5464470386505127,0.24099546670913696,0.006066544912755489,0.5496395826339722,0.24226579070091248,0.0024528272915631533,0.5515508055686951,0.24293917417526245,-0.0018138193991035223,0.5186326503753662,0.24059361219406128,0.009844589047133923,0.5141846537590027,0.23724521696567535,0.010261421091854572,0.5667135715484619,0.25732162594795227,-0.022026097401976585,0.6008783578872681,0.24033713340759277,0.009923498146235943,0.5678854584693909,0.2883838415145874,-0.02061525173485279,0.6236279606819153,0.20669621229171753,0.04037541523575783,0.5854638814926147,0.24812822043895721,0.0035560480318963528,0.5912083983421326,0.2487979233264923,0.003980268724262714,0.5966314077377319,0.24801015853881836,0.005654226988554001,0.603489339351654,0.243125319480896,0.010762671008706093,0.5804876685142517,0.24573710560798645,0.004208401311188936,0.5925539135932922,0.2231791764497757,0.0018176691373810172,0.5861759781837463,0.2239648997783661,0.0019647369626909494,0.5984691977500916,0.22481003403663635,0.003829916939139366,0.6023889780044556,0.2282482385635376,0.006272702477872372,0.6087014675140381,0.24805039167404175,0.013554784469306469,0.5857524871826172,0.3603602945804596,-0.004125503357499838,0.6027645468711853,0.2379787117242813,0.011987725272774696,0.625876784324646,0.24420350790023804,0.04009068384766579,0.6152442693710327,0.24264657497406006,0.019843585789203644,0.5907140374183655,0.2793233394622803,-0.0035663500893861055,0.5681634545326233,0.3121795356273651,-0.01754903234541416,0.567629873752594,0.3196670114994049,-0.015222607180476189,0.5756519436836243,0.3158767819404602,-0.014322158880531788,0.5806849598884583,0.32003286480903625,-0.01028017234057188,0.5735476613044739,0.32070454955101013,-0.013009082525968552,0.5783485174179077,0.3225293457508087,-0.009199541993439198,0.5890035033226013,0.3317214846611023,-0.002500321948900819,0.5674442052841187,0.2831992506980896,-0.03052167035639286,0.5678784251213074,0.2749790847301483,-0.03195296227931976,0.6101618409156799,0.22190220654010773,0.00880210381001234,0.5786826610565186,0.25917932391166687,-0.003310366068035364,0.5802990794181824,0.2817857563495636,-0.01630594953894615,0.5804588794708252,0.277718722820282,-0.014370976947247982,0.6081501841545105,0.2786405682563782,0.004014716017991304,0.5672828555107117,0.2652572691440582,-0.02802465669810772,0.5958240628242493,0.21276479959487915,-0.0013310137437656522,0.60406893491745,0.21584521234035492,0.003311458509415388,0.6176676750183105,0.19027100503444672,0.02935800887644291,0.5712757706642151,0.2200256884098053,-0.006754412315785885,0.580703854560852,0.22755759954452515,0.0036493034567683935,0.5931077003479004,0.3238057494163513,-0.0005574109964072704,0.6194300651550293,0.32563409209251404,0.05101952329277992,0.5761433839797974,0.2866409420967102,-0.01422196812927723,0.5715990662574768,0.28950345516204834,-0.015148407779633999,0.5868179798126221,0.32715269923210144,-0.0012278805952519178,0.5854343771934509,0.3265676498413086,-0.0028733762446790934,0.6072081327438354,0.2104489505290985,0.006657844875007868,0.5805073976516724,0.28585049510002136,-0.013314255513250828,0.5850437879562378,0.21348436176776886,-0.004780223593115807,0.5857683420181274,0.20650960505008698,-0.005551930516958237,0.5927925109863281,0.16874359548091888,0.0070875282399356365,0.6132712960243225,0.19870519638061523,0.01627288945019245,0.5892978310585022,0.18567949533462524,0.0003327604790683836,0.6137186288833618,0.21823805570602417,0.014216650277376175,0.6196122169494629,0.21180741488933563,0.02622644044458866,0.5680500268936157,0.31630563735961914,-0.017079098150134087,0.5745881199836731,0.31854963302612305,-0.013991924934089184,0.5795468688011169,0.3213370144367218,-0.010289191268384457,0.5747423768043518,0.2883724272251129,-0.013200448825955391,0.5861059427261353,0.326874315738678,-0.002112831687554717,0.5831024050712585,0.32693973183631897,-0.005920030176639557,0.5846839547157288,0.32621002197265625,-0.0030531666707247496,0.5735129714012146,0.2833365201950073,-0.02207968384027481,0.5773898959159851,0.3232172131538391,-0.008192417211830616,0.5726428031921387,0.32203617691993713,-0.010631139390170574,0.5671787858009338,0.32176724076271057,-0.01263810507953167,0.5719270706176758,0.3459908366203308,-0.009559779427945614,0.5688647627830505,0.3330729603767395,-0.014415241777896881,0.5683825612068176,0.32850611209869385,-0.014790046028792858,0.5678240656852722,0.32468661665916443,-0.01316891424357891,0.5671424269676208,0.321776419878006,-0.012296033091843128,0.5773681998252869,0.3232240676879883,-0.007938330061733723,0.5784406661987305,0.3249000310897827,-0.008955623023211956,0.5796008110046387,0.3271283805370331,-0.010089939460158348,0.5806402564048767,0.3298591673374176,-0.009299837052822113,0.5866408944129944,0.3087497353553772,-0.007987801916897297,0.6258166432380676,0.28447192907333374,0.06254200637340546,0.5809870958328247,0.3246774971485138,-0.005152175202965736,0.581942617893219,0.3257075846195221,-0.005839534569531679,0.5699892640113831,0.2929399907588959,-0.015671532601118088,0.5784950852394104,0.2912006974220276,-0.009393719024956226,0.5707491040229797,0.2912876605987549,-0.01552193146198988,0.5849825739860535,0.264083594083786,-0.0015936706913635135,0.5946006774902344,0.26927807927131653,-8.164077735273167e-05,0.5814729928970337,0.28178468346595764,-0.011254171840846539,0.6077739000320435,0.17720001935958862,0.017434803768992424,0.6035618782043457,0.18957555294036865,0.007807720452547073,0.5976360440254211,0.20600518584251404,0.0002282839413965121,0.5846632719039917,0.33701232075691223,-0.00565612968057394,0.5726228952407837,0.2085190713405609,-0.00850619189441204,0.5751942992210388,0.18537142872810364,-0.003954192623496056,0.577078104019165,0.16520458459854126,0.0010798160219565034,0.6010339260101318,0.24633833765983582,0.008318759500980377,0.6154555082321167,0.2539370656013489,0.016658904030919075,0.5771700143814087,0.24342432618141174,0.005061289761215448,0.6083823442459106,0.23225142061710358,0.011615430936217308,0.574468195438385,0.25353923439979553,-0.005224380176514387,0.5768102407455444,0.2782900035381317,-0.021761558949947357,0.6213060021400452,0.25917863845825195,0.02285393327474594,0.611477792263031,0.2592633068561554,0.011022892780601978,0.6041057705879211,0.262080579996109,0.005439392756670713,0.5931414365768433,0.2612469494342804,0.002759696915745735,0.5849519371986389,0.2580740749835968,0.0015691266162320971,0.5786952972412109,0.254110723733902,0.00019537779735401273,0.5667693018913269,0.24194268882274628,-0.010876275599002838,0.6206479668617249,0.2767707109451294,0.020326096564531326,0.6131049394607544,0.23136891424655914,0.0146033288910985,0.5656427145004272,0.2880055606365204,-0.027988845482468605,0.5783766508102417,0.26656585931777954,-0.006219480652362108,0.6276493668556213,0.2451227605342865,0.0605018213391304,0.5739532709121704,0.24948014318943024,-0.0005045598954893649,0.5818631052970886,0.28282448649406433,-0.005450471770018339,0.6053553223609924,0.23822012543678284,0.013135670684278011,0.5767762660980225,0.2733989953994751,-0.019315388053655624,0.6234503984451294,0.3049125373363495,0.0585019625723362,0.5769308805465698,0.24056673049926758,0.006645300891250372,0.5720599293708801,0.2684161961078644,-0.024716690182685852,0.6085590720176697,0.342183917760849,0.01858733408153057,0.6079396605491638,0.35304680466651917,0.028618933632969856,0.6251935958862305,0.28060978651046753,0.041106462478637695,0.6150355935096741,0.3314427137374878,0.026625359430909157,0.6229559779167175,0.22677335143089294,0.03496106341481209,0.5872937440872192,0.36928531527519226,-0.0012442677980288863,0.565014660358429,0.29030081629753113,-0.020637817680835724,0.5836004614830017,0.2728533148765564,-0.004402870777994394,0.620727002620697,0.2446722686290741,0.025756169110536575,0.595668375492096,0.24356693029403687,0.006227319128811359,0.5909130573272705,0.24439400434494019,0.004707805812358856,0.5842231512069702,0.3284803330898285,-0.005020933225750923,0.6196249127388,0.2941247820854187,0.02101905085146427,0.5777621865272522,0.38139379024505615,-0.00046856579137966037,0.5935401916503906,0.3707387447357178,0.011922064237296581,0.6002364754676819,0.3635408282279968,0.01921706832945347,0.5861246585845947,0.24381336569786072,0.00447275722399354,0.5815190672874451,0.24236008524894714,0.005291367881000042,0.5785026550292969,0.241480752825737,0.006531789433211088,0.6174514293670654,0.2296896129846573,0.020688140764832497,0.5819697380065918,0.23432108759880066,0.004616193473339081,0.5867538452148438,0.23197676241397858,0.003563173580914736,0.5915060639381409,0.23160363733768463,0.003869040636345744,0.5962820649147034,0.2328643500804901,0.0053506819531321526,0.5993650555610657,0.23487736284732819,0.0072990660555660725,0.6265443563461304,0.2239101231098175,0.05197504535317421,0.5987629890441895,0.2420026659965515,0.008199252188205719,0.5811271667480469,0.3034922182559967,-0.010662649758160114,0.5762037038803101,0.2850213348865509,-0.016284232959151268,0.5706551671028137,0.30045419931411743,-0.01576068252325058,0.6015339493751526,0.3530277609825134,0.012065974064171314,0.5946006774902344,0.3612455725669861,0.005637142341583967,0.5778093338012695,0.37491661310195923,-0.007206250447779894,0.6140450835227966,0.34151142835617065,0.04022403433918953,0.5784961581230164,0.23798136413097382,0.005842901300638914,0.5707954168319702,0.2545395791530609,-0.013205991126596928,0.5863127112388611,0.37689343094825745,0.004490187857300043,0.6231771111488342,0.29946500062942505,0.03905260190367699,0.5726243853569031,0.32202792167663574,-0.010321090929210186,0.5736833214759827,0.3244650363922119,-0.011364316567778587,0.5745980739593506,0.32763656973838806,-0.012717900797724724,0.5753836035728455,0.331748902797699,-0.012275958433747292,0.5790910124778748,0.34199827909469604,-0.008449317887425423,0.5823153257369995,0.3245460093021393,-0.005800167564302683,0.5834417939186096,0.3242427706718445,-0.005790360737591982,0.5844616889953613,0.32369863986968994,-0.005692515056580305,0.5909658670425415,0.3156113624572754,-0.004200685303658247,0.6126434206962585,0.2974935472011566,0.009008661843836308,0.5704759359359741,0.24711570143699646,-0.007600496057420969,0.5725574493408203,0.23337353765964508,0.002779569011181593,0.5760440826416016,0.23462125658988953,0.0048925611190497875,0.5810865163803101,0.3246702551841736,-0.005279346369206905,0.6130634546279907,0.31845372915267944,0.016435904428362846,0.5674819946289062,0.23277877271175385,-0.004739513620734215,0.5825661420822144,0.35113370418548584,-0.005989742930978537,0.5667877793312073,0.24992956221103668,-0.01694546826183796,0.5750306248664856,0.26730161905288696,-0.013756697066128254,0.574181318283081,0.35571834444999695,-0.009444493800401688,0.5945194959640503,0.3359437584877014,0.0007392304833047092,0.5866371393203735,0.28983694314956665,-0.004356523510068655,0.5889874696731567,0.3446733355522156,-0.00258050044067204,0.6002165079116821,0.2890718877315521,-0.0017684840131551027,0.5923641920089722,0.2985113859176636,-0.003903804812580347,0.6053102016448975,0.3031846880912781,0.002047874964773655,0.5765825510025024,0.3662104904651642,-0.009698019362986088,0.5785283446311951,0.2722279727458954,-0.009955224581062794,0.5996021032333374,0.34284523129463196,0.005954496096819639,0.5925934910774231,0.3521275222301483,0.0014669212978333235,0.5989402532577515,0.325458288192749,0.0022083523217588663,0.6181138753890991,0.3087688088417053,0.022171244025230408,0.6061039566993713,0.3270932734012604,0.0081060491502285,0.6203292012214661,0.3164546489715576,0.035326793789863586,0.5971723198890686,0.3098382353782654,-0.0016893751453608274,0.5744100213050842,0.260478138923645,-0.00940368790179491,0.5752292275428772,0.2817755341529846,-0.023112833499908447,0.5786429643630981,0.2843974828720093,-0.017099926248192787,0.5725719928741455,0.2760903835296631,-0.027013765648007393,0.5765248537063599,0.22577622532844543,0.0012186154490336776,0.5855686068534851,0.2202696055173874,0.0002665258652996272,0.5937288999557495,0.21929465234279633,0.0005833994364365935,0.6006319522857666,0.22126415371894836,0.0030548495706170797,0.6055933237075806,0.2254556566476822,0.00681782653555274,0.6095989942550659,0.24039192497730255,0.015529477037489414,0.6262980699539185,0.2622770071029663,0.0409366674721241,0.6055932641029358,0.2515856921672821,0.01037306897342205,0.5999168157577515,0.25397855043411255,0.006742096971720457,0.5923781394958496,0.25442036986351013,0.00423385389149189,0.5850682258605957,0.252691388130188,0.003178233280777931,0.5793095231056213,0.24974186718463898,0.003044982673600316,0.5753065347671509,0.24673514068126678,0.0027371433097869158,0.6270310878753662,0.2648831605911255,0.06365742534399033,0.5784486532211304,0.286925733089447,-0.014336942695081234,0.5710465312004089,0.2613677680492401,-0.018139977008104324,0.5712510347366333,0.28198474645614624,-0.02766728401184082,0.568250298500061,0.28671857714653015,-0.025618446990847588,0.5712429881095886,0.28375983238220215,-0.0249275304377079,0.5768702626228333,0.28970009088516235,-0.01250728964805603,0.5673236846923828,0.2874024510383606,-0.027194762602448463,0.5666852593421936,0.2896936535835266,-0.02062075398862362,0.5749523043632507,0.2405627965927124,0.005744392052292824,0.572101354598999,0.24193939566612244,0.0022037154994904995,0.5703239440917969,0.24290692806243896,-0.0019388444488868117,0.6012200117111206,0.23648732900619507,0.009329545311629772,0.605077862739563,0.23255766928195953,0.009742959402501583,0.5296010375022888,0.2401769757270813,0.006894418969750404,0.5358806848526001,0.23955684900283813,0.006894418969750404,0.5290829539299011,0.2326982617378235,0.006894418969750404,0.5232052206993103,0.2407573163509369,0.006894418969750404,0.530063807964325,0.2475750595331192,0.006894418969750404,0.5907420516014099,0.23664015531539917,0.006491088308393955,0.5967364311218262,0.23669612407684326,0.006491088308393955,0.5908487439155579,0.2290898859500885,0.006491088308393955,0.5848334431648254,0.2365449070930481,0.006491088308393955,0.5906785726547241,0.24422255158424377,0.006491088308393955
1433.3333333333328,0.5602240562438965,0.3138731122016907,-0.01797778159379959,0.5628079771995544,0.28390997648239136,-0.030453374609351158,0.5626590251922607,0.2935161292552948,-0.016739817336201668,0.5573226809501648,0.2581087052822113,-0.021568158641457558,0.5626285672187805,0.27530625462532043,-0.03204186260700226,0.562296450138092,0.26479414105415344,-0.02925921604037285,0.5613954663276672,0.24008193612098694,-0.012822259217500687,0.5192521810531616,0.24464371800422668,0.010308610275387764,0.5606755614280701,0.22171872854232788,-0.008475248701870441,0.5602960586547852,0.21013306081295013,-0.009145090356469154,0.5589696168899536,0.16573411226272583,-0.00035753982956521213,0.5602948665618896,0.316726952791214,-0.01745840720832348,0.5604285001754761,0.3197258710861206,-0.015656810253858566,0.5606645941734314,0.3218497037887573,-0.012937899678945541,0.5605736374855042,0.32184895873069763,-0.01311945728957653,0.5606204271316528,0.3250923752784729,-0.01396086998283863,0.5607399344444275,0.32919085025787354,-0.015435347333550453,0.5609602928161621,0.33375149965286255,-0.014987348578870296,0.56413334608078,0.3451136350631714,-0.010034186765551567,0.5628882050514221,0.28873327374458313,-0.027749788016080856,0.5577902793884277,0.28932204842567444,-0.020105192437767982,0.49394041299819946,0.21479734778404236,0.0397975817322731,0.5356594920158386,0.25033265352249146,0.0038765689823776484,0.529854416847229,0.25186875462532043,0.004321007989346981,0.5242795944213867,0.2517877519130707,0.005994928069412708,0.5169023275375366,0.24794186651706696,0.011108431033790112,0.5406122803688049,0.24715346097946167,0.004509630147367716,0.5266337990760803,0.22677144408226013,0.0021048658527433872,0.5332503914833069,0.22694946825504303,0.0022179216612130404,0.5205738544464111,0.22898587584495544,0.004101598169654608,0.5166493654251099,0.23281127214431763,0.006597272120416164,0.512198269367218,0.25359857082366943,0.013909843750298023,0.5448580384254456,0.36225900053977966,-0.00448205042630434,0.5172053575515747,0.24260005354881287,0.012327724136412144,0.4941750168800354,0.252198725938797,0.040384478867053986,0.5052826404571533,0.24894975125789642,0.020153138786554337,0.534196138381958,0.2827325165271759,-0.003176757600158453,0.5533033013343811,0.31204620003700256,-0.017112979665398598,0.5544280409812927,0.31952986121177673,-0.014816468581557274,0.5467322468757629,0.3156532943248749,-0.01390022598206997,0.5423888564109802,0.3198580741882324,-0.01000660378485918,0.5492621660232544,0.32058054208755493,-0.01261155866086483,0.5450327396392822,0.32239556312561035,-0.008948944509029388,0.5388085246086121,0.33381640911102295,-0.0026195927057415247,0.5582109093666077,0.2841033339500427,-0.02991410344839096,0.5573071241378784,0.2759871184825897,-0.03132668510079384,0.5081644058227539,0.22741806507110596,0.009063095785677433,0.5449469089508057,0.26130905747413635,-0.0030689025297760963,0.5450483560562134,0.2841634154319763,-0.015739113092422485,0.544552206993103,0.2800784111022949,-0.013822799548506737,0.5166416764259338,0.28419604897499084,0.004430769942700863,0.5572964549064636,0.26619404554367065,-0.027450935915112495,0.5220126509666443,0.2158370167016983,-0.0011621451703831553,0.5137853026390076,0.22023619711399078,0.0034748988691717386,0.4996943771839142,0.1976756900548935,0.028831230476498604,0.5483964681625366,0.22042450308799744,-0.006580528803169727,0.5391591787338257,0.2298101931810379,0.003925995901226997,0.5340285301208496,0.3266664147377014,-0.000562280067242682,0.5075014233589172,0.331933856010437,0.050449956208467484,0.5494301319122314,0.28850480914115906,-0.01385490968823433,0.5540664792060852,0.2907450199127197,-0.014759342186152935,0.5374632477760315,0.3271028995513916,-0.0012797588715329766,0.5388706922531128,0.32652053236961365,-0.0028987538535147905,0.5103464126586914,0.21559035778045654,0.006794150918722153,0.5449289679527283,0.2880922853946686,-0.012783637270331383,0.5334078669548035,0.21527348458766937,-0.004601340740919113,0.5321143865585327,0.2086023986339569,-0.005377641413360834,0.524461030960083,0.1732041835784912,0.006942606531083584,0.5049481987953186,0.2056078314781189,0.016270369291305542,0.5289660692214966,0.18967463076114655,0.000417278497479856,0.5045568346977234,0.22458416223526,0.014430695213377476,0.49883460998535156,0.21939949691295624,0.026403488591313362,0.553707480430603,0.31616395711898804,-0.01663926988840103,0.5479941368103027,0.3183700442314148,-0.013585314154624939,0.5436612367630005,0.3211960196495056,-0.01002026442438364,0.550801694393158,0.29001137614250183,-0.012743053957819939,0.538193941116333,0.3268280029296875,-0.0021473087836056948,0.5408647060394287,0.327009916305542,-0.006027281749993563,0.5396128296852112,0.3261887729167938,-0.003096465254202485,0.5520692467689514,0.28498420119285583,-0.021521102637052536,0.5461155772209167,0.32315605878829956,-0.00794884655624628,0.5502973794937134,0.32198697328567505,-0.010271944105625153,0.5552037358283997,0.32165801525115967,-0.01224299892783165,0.5572181940078735,0.3452123999595642,-0.00983553659170866,0.5541119575500488,0.33353927731513977,-0.014622860588133335,0.5541273355484009,0.328903466463089,-0.01495945081114769,0.5544741153717041,0.3248145878314972,-0.013293185271322727,0.5551195740699768,0.3216930031776428,-0.012406967580318451,0.5460532903671265,0.32319483160972595,-0.008062333799898624,0.5450273752212524,0.32503312826156616,-0.009105431847274303,0.5439079999923706,0.32736554741859436,-0.010204208083450794,0.5430393218994141,0.3301387429237366,-0.009407170116901398,0.5396040081977844,0.31131261587142944,-0.007629615254700184,0.49672597646713257,0.29207342863082886,0.061972685158252716,0.5628135204315186,0.2910211384296417,-0.02054174803197384,0.5429183840751648,0.32461291551589966,-0.005250802729278803,0.5419488549232483,0.32574331760406494,-0.00593561539426446,0.555806040763855,0.2939126491546631,-0.015223010443150997,0.547107994556427,0.29307326674461365,-0.008893527090549469,0.555012047290802,0.29236072301864624,-0.015121669508516788,0.5388299226760864,0.26692211627960205,-0.0013124977704137564,0.5296007990837097,0.27322524785995483,0.0002526832977309823,0.5437116026878357,0.2841265797615051,-0.010737111791968346,0.5095102190971375,0.18342390656471252,0.017044883221387863,0.5145798921585083,0.1952493041753769,0.007859548553824425,0.5197460055351257,0.20971177518367767,0.0004261094727553427,0.5438458919525146,0.3383522033691406,-0.005788642913103104,0.5460891127586365,0.2093338519334793,-0.00836879014968872,0.5433734655380249,0.18767400085926056,-0.0039426409639418125,0.5403802394866943,0.16780389845371246,0.00098641705699265,0.5196380019187927,0.2507062256336212,0.00862809643149376,0.5061073303222656,0.25995054841041565,0.017045175656676292,0.5439016819000244,0.24423381686210632,0.005323278252035379,0.510897159576416,0.23763979971408844,0.011966257356107235,0.5489379167556763,0.2552028298377991,-0.004989866632968187,0.5484358072280884,0.28035348653793335,-0.02119412273168564,0.5010005235671997,0.26651251316070557,0.023261405527591705,0.5104644894599915,0.2649843692779541,0.011446848511695862,0.5181921720504761,0.26698780059814453,0.005860722623765469,0.5292460918426514,0.2646999955177307,0.0031275737565010786,0.5373859405517578,0.26043811440467834,0.0018738763174042106,0.5435967445373535,0.25552797317504883,0.00038872918230481446,0.556065559387207,0.24272379279136658,-0.010640358552336693,0.5033700466156006,0.2838825285434723,0.02077394723892212,0.5062656402587891,0.23733964562416077,0.014847196638584137,0.5601553916931152,0.2886713743209839,-0.027415333315730095,0.5457676649093628,0.2686624526977539,-0.005855845287442207,0.49163317680358887,0.2533804476261139,0.05989694967865944,0.5481686592102051,0.2501550316810608,-0.00027848189347423613,0.5432903170585632,0.28514721989631653,-0.004890598356723785,0.5145520567893982,0.24330279231071472,0.013472695834934711,0.5480883121490479,0.27545374631881714,-0.018798258155584335,0.5011781454086304,0.3120826780796051,0.05784834176301956,0.5439773797988892,0.2412809133529663,0.0069005112163722515,0.5526131391525269,0.26994433999061584,-0.024159502238035202,0.5210005044937134,0.34680092334747314,0.018612021580338478,0.5224056243896484,0.3573675751686096,0.02811041660606861,0.49816423654556274,0.2883041501045227,0.04147965833544731,0.5135284662246704,0.3369397819042206,0.02680639736354351,0.49604442715644836,0.2346118986606598,0.03515581786632538,0.5441465377807617,0.3715124726295471,-0.001592970103956759,0.560696005821228,0.2908342182636261,-0.020146680995821953,0.5408271551132202,0.27549973130226135,-0.004007368814200163,0.5003527402877808,0.25122979283332825,0.0260961651802063,0.5246862173080444,0.24704298377037048,0.006588644813746214,0.5295895338058472,0.24727296829223633,0.005056035704910755,0.5398412346839905,0.3285718262195587,-0.005148435942828655,0.5059399604797363,0.30089041590690613,0.021443434059619904,0.5546213388442993,0.3826061189174652,-0.0010166504653170705,0.5382886528968811,0.3738184869289398,0.011302468366920948,0.5310897827148438,0.3671643137931824,0.018637418746948242,0.5595384836196899,0.18695281445980072,-0.005322677548974752,0.5658566951751709,0.3832184672355652,-0.0027178667951375246,0.5345197319984436,0.24603162705898285,0.0047584036365151405,0.5391246676445007,0.24387668073177338,0.005546718370169401,0.542283296585083,0.24244312942028046,0.00677083944901824,0.5020449757575989,0.236494779586792,0.02098577842116356,0.5384440422058105,0.23648977279663086,0.00481884041801095,0.5334203839302063,0.23514069616794586,0.0038030666764825583,0.5285398364067078,0.23529484868049622,0.004106487613171339,0.5236155986785889,0.23701061308383942,0.005628948099911213,0.5204703211784363,0.2392522394657135,0.0076393927447497845,0.49151670932769775,0.23225337266921997,0.05134222283959389,0.5214477777481079,0.24592489004135132,0.008563229814171791,0.562706470489502,0.30045151710510254,-0.01575475186109543,0.5450219511985779,0.30555662512779236,-0.010256078094244003,0.5493395328521729,0.28692156076431274,-0.01578407548367977,0.5553218126296997,0.301455020904541,-0.015338455326855183,0.5610402822494507,0.2311573475599289,-0.008408347144722939,0.5287547707557678,0.3568919599056244,0.011845733970403671,0.5363029837608337,0.36434102058410645,0.005339350551366806,0.5538549423217773,0.37589776515960693,-0.0075884368270635605,0.5149408578872681,0.3467736840248108,0.03965136036276817,0.5421886444091797,0.239126056432724,0.006064433604478836,0.5529000759124756,0.255789190530777,-0.01285761222243309,0.5655185580253601,0.37632155418395996,-0.009108705446124077,0.5458779335021973,0.3791812062263489,0.0039005065336823463,0.5019938945770264,0.3066776394844055,0.03938358277082443,0.5502245426177979,0.32204365730285645,-0.010448871180415154,0.5491865873336792,0.32468393445014954,-0.011505316942930222,0.5484245419502258,0.3280330300331116,-0.012827437371015549,0.5479907393455505,0.3322134017944336,-0.012367993593215942,0.5499200820922852,0.34236985445022583,-0.008661598898470402,0.5416393280029297,0.32454913854599,-0.005770188290625811,0.5403455495834351,0.3242456018924713,-0.005742018576711416,0.5392385125160217,0.3236892819404602,-0.005639773793518543,0.535575807094574,0.318513423204422,-0.004041437525302172,0.513335108757019,0.3033595681190491,0.009297090582549572,0.5526091456413269,0.24829049408435822,-0.0073980912566185,0.5482195019721985,0.23403172194957733,0.002917516976594925,0.5445018410682678,0.23570336401462555,0.005152279045432806,0.5429970026016235,0.32463109493255615,-0.005165511276572943,0.5145828723907471,0.32399800419807434,0.01662592403590679,0.5535232424736023,0.23276500403881073,-0.004509086720645428,0.5472393035888672,0.35234367847442627,-0.006244618445634842,0.5620089769363403,0.2563667893409729,-0.023526957258582115,0.5566787719726562,0.2507440149784088,-0.01660434529185295,0.5617215037345886,0.2484518438577652,-0.017931848764419556,0.5493969321250916,0.26904404163360596,-0.013331182301044464,0.5650755167007446,0.3669998049736023,-0.011759578250348568,0.5645719170570374,0.35559284687042236,-0.010967832989990711,0.5557544827461243,0.35568496584892273,-0.009856203570961952,0.533839225769043,0.3389483392238617,0.0006184765370562673,0.5387686491012573,0.29268667101860046,-0.003942415583878756,0.5402092337608337,0.34690454602241516,-0.0027477999683469534,0.5252880454063416,0.2935062646865845,-0.0014337848406285048,0.5335095524787903,0.3019063472747803,-0.00356670911423862,0.521049439907074,0.3080802857875824,0.0023642582818865776,0.5542288422584534,0.36683231592178345,-0.010106496512889862,0.5461060404777527,0.2743682265281677,-0.009512362070381641,0.5297278165817261,0.3465695381164551,0.005764932371675968,0.53746098279953,0.3549548387527466,0.0011828684946522117,0.5286064743995667,0.32913362979888916,0.002192658605054021,0.5087197422981262,0.3151276409626007,0.02245856449007988,0.5220958590507507,0.3316442668437958,0.008106955327093601,0.5065950155258179,0.32298290729522705,0.03560627996921539,0.5292685627937317,0.3136415481567383,-0.001540395780466497,0.5494791269302368,0.26212403178215027,-0.009053116664290428,0.5502933263778687,0.2836458384990692,-0.022545643150806427,0.5468579530715942,0.2865855097770691,-0.016534313559532166,0.5526400804519653,0.27768856287002563,-0.02655993402004242,0.5433600544929504,0.22714027762413025,0.0013588579604402184,0.5333855152130127,0.2226424664258957,0.00039144899346865714,0.5248672962188721,0.22253550589084625,0.0008049725438468158,0.5179135799407959,0.225407674908638,0.0032958665397018194,0.5130693316459656,0.2303551882505417,0.007108604535460472,0.5105190277099609,0.2459789216518402,0.01583636738359928,0.4952448904514313,0.2702232897281647,0.04128767177462578,0.5155419111251831,0.2566554844379425,0.010768521577119827,0.5215707421302795,0.2583410143852234,0.007079415488988161,0.5292705297470093,0.2577469050884247,0.004560702946037054,0.5366095304489136,0.2550070583820343,0.0035213443916291,0.5424056053161621,0.2511685788631439,0.0033224700018763542,0.5463840365409851,0.2475922405719757,0.003016938455402851,0.49379539489746094,0.27281248569488525,0.0630083903670311,0.5470632910728455,0.2890046238899231,-0.013806409202516079,0.5531584620475769,0.2626853883266449,-0.017666969448328018,0.5543335676193237,0.2834061086177826,-0.027074500918388367,0.5574508905410767,0.2877263128757477,-0.025069745257496834,0.5544028878211975,0.2850925028324127,-0.024359963834285736,0.5487342476844788,0.291524201631546,-0.012019183486700058,0.5584548115730286,0.28828197717666626,-0.026629051193594933,0.5590018630027771,0.2904708981513977,-0.020114662125706673,0.5460288524627686,0.24109050631523132,0.00601061200723052,0.5493631958961487,0.24239541590213776,0.0024643316864967346,0.5513855218887329,0.24310003221035004,-0.001746732508763671,0.5186669826507568,0.24097822606563568,0.009678162634372711,0.5141953229904175,0.23747822642326355,0.010059155523777008,0.5666807889938354,0.2575347423553467,-0.021585360169410706,0.6005569100379944,0.24025431275367737,0.010037490166723728,0.5677390694618225,0.2887209355831146,-0.020120296627283096,0.6232168674468994,0.2067452371120453,0.040181245654821396,0.5853296518325806,0.24813774228096008,0.003702100832015276,0.591006338596344,0.24882301688194275,0.004130066372454166,0.596357524394989,0.24802827835083008,0.0057979426346719265,0.6031503677368164,0.2430131435394287,0.010871690697968006,0.5803840160369873,0.24571973085403442,0.004309604410082102,0.5922194719314575,0.22308146953582764,0.001937496243044734,0.5858801603317261,0.22389400005340576,0.002041543833911419,0.5981096029281616,0.22469155490398407,0.003943452145904303,0.6020348072052002,0.22811146080493927,0.006372534669935703,0.608282208442688,0.24793744087219238,0.013673560693860054,0.5849922895431519,0.36000877618789673,-0.004520890302956104,0.6024270057678223,0.2378283590078354,0.012069000862538815,0.6254492998123169,0.24426612257957458,0.03999367728829384,0.6147229075431824,0.24239051342010498,0.019884416833519936,0.5901009440422058,0.2796677052974701,-0.0032723769545555115,0.5674251914024353,0.3118355870246887,-0.01716027408838272,0.5669209361076355,0.3193740248680115,-0.014844628050923347,0.5749557614326477,0.3154089152812958,-0.014017495326697826,0.5800220370292664,0.319488525390625,-0.010167296975851059,0.5728493928909302,0.32036885619163513,-0.01272487360984087,0.5776466727256775,0.32213324308395386,-0.00907804537564516,0.5879996418952942,0.3314695954322815,-0.002788971411064267,0.5673811435699463,0.2835361361503601,-0.029925016686320305,0.5678306221961975,0.27530962228775024,-0.03135509043931961,0.6096237897872925,0.22183646261692047,0.008848481811583042,0.5783542990684509,0.25934040546417236,-0.0030952899251133204,0.5798419713973999,0.2821939289569855,-0.015828812494874,0.5799773335456848,0.27808207273483276,-0.013924718834459782,0.6074054837226868,0.2790282368659973,0.004273106809705496,0.5672481656074524,0.26554298400878906,-0.0274815633893013,0.5953217148780823,0.2127944529056549,-0.001278046634979546,0.6035381555557251,0.21584582328796387,0.0033425360452383757,0.6172000765800476,0.19035324454307556,0.02919357642531395,0.571021556854248,0.22012530267238617,-0.006669315509498119,0.5804747939109802,0.22751659154891968,0.0037091521080583334,0.5921981930732727,0.3239322006702423,-0.0007342099561356008,0.6191394329071045,0.32570216059684753,0.05079222843050957,0.5757626295089722,0.28705519437789917,-0.013770501129329205,0.5713211297988892,0.28987377882003784,-0.014717482961714268,0.5861407518386841,0.3265345096588135,-0.0014152773655951023,0.5847214460372925,0.3260493874549866,-0.0030662701465189457,0.6066175103187561,0.2104436159133911,0.0066541023552417755,0.5800161957740784,0.28626903891563416,-0.012862677685916424,0.5846267938613892,0.21354228258132935,-0.004707532003521919,0.5853015184402466,0.20659318566322327,-0.005487886723130941,0.5925542116165161,0.1690121442079544,0.00704455841332674,0.6128211617469788,0.19884604215621948,0.016135310754179955,0.589041531085968,0.18597637116909027,0.00028380515868775547,0.6131295561790466,0.21812944114208221,0.014214926399290562,0.619188129901886,0.21189287304878235,0.02609385922551155,0.5673078298568726,0.3159414231777191,-0.01669446937739849,0.573880672454834,0.3181249499320984,-0.013705182820558548,0.578840434551239,0.3208605647087097,-0.010172040201723576,0.5743826031684875,0.2887769937515259,-0.01277754083275795,0.5854083895683289,0.32630905508995056,-0.0023034890182316303,0.5824771523475647,0.3265201449394226,-0.006213747896254063,0.5839481949806213,0.32574161887168884,-0.0032572271302342415,0.5732376575469971,0.2837361991405487,-0.021547291427850723,0.5767669081687927,0.32287830114364624,-0.00807972252368927,0.5720101594924927,0.32177266478538513,-0.010380612686276436,0.5665486454963684,0.3215358853340149,-0.012302150949835777,0.5711075663566589,0.34446969628334045,-0.009880691766738892,0.5682036876678467,0.333368718624115,-0.01469154842197895,0.5677067637443542,0.3287104070186615,-0.015005516819655895,0.5671351552009583,0.3246258795261383,-0.013362660072743893,0.5664551854133606,0.32153549790382385,-0.012457244098186493,0.5767015814781189,0.32290583848953247,-0.008186964318156242,0.5778136849403381,0.3246334195137024,-0.009240599349141121,0.5790249109268188,0.32692256569862366,-0.010387269780039787,0.5800977945327759,0.3296407461166382,-0.009618284180760384,0.5858684182167053,0.30903270840644836,-0.007849973626434803,0.6256194114685059,0.2846188247203827,0.06226284056901932,0.5803383588790894,0.3242835998535156,-0.005416514351963997,0.5812917947769165,0.3253137767314911,-0.00612347899004817,0.5697038173675537,0.29329919815063477,-0.015223835594952106,0.5780039429664612,0.2916271388530731,-0.008996635675430298,0.5704696774482727,0.29165413975715637,-0.015079686418175697,0.5845244526863098,0.2643333673477173,-0.0013636413495987654,0.5940054059028625,0.26962023973464966,0.00015988708764780313,0.5809498429298401,0.2821500301361084,-0.010836929082870483,0.6073643565177917,0.17735707759857178,0.017322545871138573,0.6031618118286133,0.18978574872016907,0.007718843873590231,0.5970777869224548,0.2060537487268448,0.000263054680544883,0.5836300253868103,0.3363112807273865,-0.005991900805383921,0.5722901821136475,0.20862406492233276,-0.008447328582406044,0.5751336216926575,0.18570983409881592,-0.00400565704330802,0.5770640969276428,0.1655367612838745,0.001047467696480453,0.6007238626480103,0.24629716575145721,0.008444385603070259,0.6149161458015442,0.25374165177345276,0.0167746152728796,0.5770620107650757,0.24339744448661804,0.005142499692738056,0.6079537272453308,0.23209398984909058,0.011676263995468616,0.5742397904396057,0.2536533772945404,-0.005008851643651724,0.576470673084259,0.2786909341812134,-0.021231472492218018,0.620739758014679,0.25934600830078125,0.02294289693236351,0.6110016107559204,0.2592291533946991,0.011198628693819046,0.6037145256996155,0.2621705234050751,0.005648360587656498,0.5928936004638672,0.26138436794281006,0.0029568616300821304,0.5848073959350586,0.2582014203071594,0.0017491793259978294,0.5786077976226807,0.2542567551136017,0.0003468506329227239,0.5667322874069214,0.2420596182346344,-0.010654809884727001,0.6199973821640015,0.277066171169281,0.020462103188037872,0.612590491771698,0.23119871318340302,0.014634075574576855,0.5655767917633057,0.2883264124393463,-0.02741418406367302,0.5779847502708435,0.2667968273162842,-0.005913260392844677,0.6273993253707886,0.24520567059516907,0.06027930602431297,0.5738862752914429,0.24964630603790283,-0.00036032393109053373,0.581323504447937,0.28319117426872253,-0.005103770177811384,0.6050007343292236,0.23804692924022675,0.013213517144322395,0.5764159560203552,0.2737567126750946,-0.01882310025393963,0.6232426166534424,0.30508196353912354,0.05824113264679909,0.5768066644668579,0.2405015081167221,0.0067016975954174995,0.5718749165534973,0.26872143149375916,-0.024184629321098328,0.6079636216163635,0.3421640396118164,0.018389837816357613,0.6074355244636536,0.35298267006874084,0.028393978253006935,0.6247110962867737,0.28078964352607727,0.041071485728025436,0.6144571900367737,0.3314262628555298,0.026539821177721024,0.6225448250770569,0.22683444619178772,0.034829773008823395,0.586594820022583,0.36911526322364807,-0.0016294860979542136,0.5649381279945374,0.29060235619544983,-0.02014096826314926,0.5830948352813721,0.27316388487815857,-0.004092357587069273,0.6201408505439758,0.24422430992126465,0.02576490491628647,0.5953998565673828,0.2435801774263382,0.006366570480167866,0.5907031893730164,0.24442240595817566,0.004846792668104172,0.5836527347564697,0.327987939119339,-0.005305805709213018,0.6189049482345581,0.2944060266017914,0.021127719432115555,0.5770711898803711,0.38136303424835205,-0.000855855701956898,0.5928651690483093,0.37078073620796204,0.011548765003681183,0.5996283888816833,0.3635350465774536,0.018903758376836777,0.5859634280204773,0.24381206929683685,0.004590864758938551,0.5813860893249512,0.24231940507888794,0.005381918046623468,0.578375518321991,0.2414243072271347,0.006591529585421085,0.6168793439865112,0.22942718863487244,0.020682640373706818,0.5817742347717285,0.2342291623353958,0.004705157596617937,0.5865196585655212,0.23186278343200684,0.00366874597966671,0.591239869594574,0.23148752748966217,0.003985427785664797,0.5959848165512085,0.23274417221546173,0.005465986207127571,0.5990499258041382,0.23474673926830292,0.007415530271828175,0.6262312531471252,0.2239636778831482,0.05176958069205284,0.5984635949134827,0.24197252094745636,0.008326594717800617,0.5804449319839478,0.30383357405662537,-0.010359604842960835,0.5758385062217712,0.28543758392333984,-0.015822209417819977,0.5702491998672485,0.3007350265979767,-0.015359543263912201,0.6009144186973572,0.353005588054657,0.011735416948795319,0.5939409732818604,0.3611849546432495,0.005256451200693846,0.577137291431427,0.37455081939697266,-0.007598587311804295,0.6136456727981567,0.3414434790611267,0.040046174079179764,0.578336775302887,0.2379107028245926,0.005899881012737751,0.5706477165222168,0.2546883225440979,-0.012888830155134201,0.5856042504310608,0.376932829618454,0.004103898536413908,0.622634768486023,0.29962047934532166,0.03902631998062134,0.5719295740127563,0.32177674770355225,-0.01051835436373949,0.5730183124542236,0.32434090971946716,-0.011618775315582752,0.573975682258606,0.32765117287635803,-0.012991792522370815,0.5747754573822021,0.3318491280078888,-0.01258760690689087,0.5780667662620544,0.34083834290504456,-0.008792019449174404,0.5816081762313843,0.3240988552570343,-0.00585131673142314,0.5827466249465942,0.3237278461456299,-0.005856967065483332,0.5838213562965393,0.32312220335006714,-0.005749918986111879,0.5901385545730591,0.3158619701862335,-0.0042441836558282375,0.6118770837783813,0.29781925678253174,0.009164949879050255,0.5703503489494324,0.247218057513237,-0.007384348660707474,0.5724201202392578,0.23340003192424774,0.0028292606584727764,0.5758965015411377,0.2345864623785019,0.004932739771902561,0.5804141759872437,0.3242872357368469,-0.005323529709130526,0.6123446226119995,0.31857722997665405,0.016428053379058838,0.5673279762268066,0.23291495442390442,-0.004611038137227297,0.5816830992698669,0.35046321153640747,-0.0063616372644901276,0.5667576789855957,0.25008320808410645,-0.016626307740807533,0.5747151374816895,0.267559289932251,-0.01336495578289032,0.5734341740608215,0.3546890318393707,-0.009878400713205338,0.593705415725708,0.33584216237068176,0.0004339256847742945,0.5860412120819092,0.2902064323425293,-0.004082944244146347,0.5880913734436035,0.34434330463409424,-0.0029394167941063643,0.5995087027549744,0.28939175605773926,-0.001527797314338386,0.59171462059021,0.29881158471107483,-0.0037216474302113056,0.604606568813324,0.3034815788269043,0.0021804478019475937,0.5759004950523376,0.3656051456928253,-0.010139602236449718,0.5780928730964661,0.27252984046936035,-0.009586461819708347,0.5988795757293701,0.3427995443344116,0.00564797455444932,0.5918174386024475,0.35196614265441895,0.0010813631815835834,0.5981858968734741,0.32558733224868774,0.0020508249290287495,0.6173930764198303,0.30896133184432983,0.022222569212317467,0.6053600311279297,0.3271693289279938,0.007977694272994995,0.6197733283042908,0.3165222108364105,0.0352897010743618,0.5965024828910828,0.3101416230201721,-0.0016457729507237673,0.574145495891571,0.2606505751609802,-0.009094289503991604,0.5749292373657227,0.2821841239929199,-0.02256663329899311,0.5782253742218018,0.2848172187805176,-0.01661255769431591,0.5723896026611328,0.2764601707458496,-0.02646128088235855,0.5763054490089417,0.22580817341804504,0.0012532032560557127,0.5852346420288086,0.22028252482414246,0.00030247465474531054,0.5933313965797424,0.2192859947681427,0.0006495422567240894,0.6001981496810913,0.22123417258262634,0.0031161692459136248,0.6051546335220337,0.225370392203331,0.0068582529202103615,0.6091799736022949,0.2401939332485199,0.015593932941555977,0.625873327255249,0.2623918354511261,0.04088376834988594,0.6052209138870239,0.2515455484390259,0.010523680597543716,0.5995968580245972,0.25402405858039856,0.006895977072417736,0.5921510457992554,0.25448477268218994,0.004390932619571686,0.58493572473526,0.252746045589447,0.0033466292079538107,0.5792301893234253,0.2497900426387787,0.0031639987137168646,0.5752420425415039,0.2468007504940033,0.0028496694285422564,0.6267911791801453,0.2650028169155121,0.06339114159345627,0.5780153870582581,0.28735071420669556,-0.013877946883440018,0.5708874464035034,0.2615876793861389,-0.017715340480208397,0.5710787773132324,0.2823559641838074,-0.02708527073264122,0.5681083798408508,0.2870614528656006,-0.025066841393709183,0.5710368156433105,0.2841366231441498,-0.024375732988119125,0.5764387845993042,0.29011884331703186,-0.012073823250830173,0.567206084728241,0.28773465752601624,-0.026624435558915138,0.5665635466575623,0.29001298546791077,-0.020122962072491646,0.5748481154441833,0.2405291199684143,0.005804992280900478,0.5720264315605164,0.2420043796300888,0.0023009777069091797,0.5702391862869263,0.2430727630853653,-0.001804432482458651,0.6008902788162231,0.23634566366672516,0.00943820271641016,0.60471111536026,0.23239710927009583,0.009829958900809288,0.5290195345878601,0.24030978977680206,0.006785003002732992,0.5351613759994507,0.239532008767128,0.006785003002732992,0.5283836126327515,0.23274528980255127,0.006785003002732992,0.522745668888092,0.24102747440338135,0.006785003002732992,0.5295975208282471,0.24778643250465393,0.006785003002732992,0.5906764268875122,0.23672287166118622,0.006593211553990841,0.5967737436294556,0.23679418861865997,0.006593211553990841,0.5907273888587952,0.22898156940937042,0.006593211553990841,0.5846477150917053,0.23660270869731903,0.006593211553990841,0.5906643271446228,0.2444809526205063,0.006593211553990841
1466.666666666666,0.5603569149971008,0.3151715397834778,-0.01811736263334751,0.5631033778190613,0.2863062024116516,-0.030505532398819923,0.5628849267959595,0.29590368270874023,-0.016835765913128853,0.557677686214447,0.260240375995636,-0.021488811820745468,0.5629482269287109,0.2775556743144989,-0.0320616140961647,0.5626265406608582,0.2669653296470642,-0.029212160035967827,0.5617877840995789,0.24216440320014954,-0.012576162815093994,0.5197523832321167,0.24633869528770447,0.010471113957464695,0.5611768960952759,0.22397729754447937,-0.008008241653442383,0.5608734488487244,0.21241939067840576,-0.008590688928961754,0.559744119644165,0.16725659370422363,0.0005387067212723196,0.5604312419891357,0.31810614466667175,-0.01760646514594555,0.5605543851852417,0.321270227432251,-0.015824085101485252,0.5607669353485107,0.32351434230804443,-0.013138539157807827,0.5607066750526428,0.32344692945480347,-0.013670720160007477,0.5607650279998779,0.32645633816719055,-0.014584613032639027,0.5608775019645691,0.3302842378616333,-0.016170578077435493,0.5610851049423218,0.3346506655216217,-0.015910552814602852,0.5639401078224182,0.3454574644565582,-0.011160722002387047,0.5631399154663086,0.29118460416793823,-0.027807798236608505,0.5580556988716125,0.2918435037136078,-0.020188359543681145,0.49481862783432007,0.21662425994873047,0.04025411233305931,0.5361475348472595,0.25185921788215637,0.004071125760674477,0.530419647693634,0.2535276412963867,0.004466719925403595,0.5248655080795288,0.2535415589809418,0.006114132236689329,0.5174065828323364,0.24956582486629486,0.011207438074052334,0.5409964323043823,0.24859797954559326,0.0047490862198174,0.5270341038703918,0.22814001142978668,0.0024362329859286547,0.5336199998855591,0.22823265194892883,0.002582423621788621,0.521014928817749,0.2304743230342865,0.004371430724859238,0.5171183943748474,0.23437556624412537,0.0068082911893725395,0.5127294659614563,0.2552509009838104,0.013958041556179523,0.5444021821022034,0.3634982705116272,-0.005877625662833452,0.5176281929016113,0.24417941272258759,0.012486488558351994,0.4946991801261902,0.25446265935897827,0.04036371037364006,0.505719780921936,0.25038012862205505,0.020210815593600273,0.5343164801597595,0.28504717350006104,-0.003391555743291974,0.5533553957939148,0.3134259879589081,-0.017339913174510002,0.5544553995132446,0.321125328540802,-0.01505300309509039,0.5466382503509521,0.31714245676994324,-0.014226730912923813,0.5422477722167969,0.3213638365268707,-0.010451551526784897,0.5492031574249268,0.322176992893219,-0.012930510565638542,0.54491126537323,0.3239694833755493,-0.00936194509267807,0.5386093854904175,0.33555909991264343,-0.003460970474407077,0.5585125684738159,0.28651976585388184,-0.02998383715748787,0.5576552748680115,0.27823758125305176,-0.03137453645467758,0.5088410377502441,0.22907891869544983,0.009234127588570118,0.5452703833580017,0.263536274433136,-0.0030141272582113743,0.5454744100570679,0.28662344813346863,-0.015841592103242874,0.5449739694595337,0.2824796736240387,-0.013902641832828522,0.5165300369262695,0.28650495409965515,0.0041445475071668625,0.5576472282409668,0.2683752179145813,-0.02743765152990818,0.5227778553962708,0.21750912070274353,-0.0008618253632448614,0.5145420432090759,0.22195696830749512,0.003698152955621481,0.5006883144378662,0.19933712482452393,0.029396269470453262,0.5488953590393066,0.22203516960144043,-0.0061496044509112835,0.5394688844680786,0.2311016321182251,0.004309108015149832,0.5337581038475037,0.32868990302085876,-0.001318368362262845,0.5061883330345154,0.3353375792503357,0.04986145347356796,0.5498409867286682,0.2910866141319275,-0.013938997872173786,0.5544149875640869,0.2932266891002655,-0.014854595996439457,0.5373803973197937,0.3284100592136383,-0.0019311289070174098,0.5387434959411621,0.32787108421325684,-0.003510145004838705,0.5110968351364136,0.21726645529270172,0.00705835223197937,0.5452969670295715,0.290558785200119,-0.012905102223157883,0.5341000556945801,0.21687699854373932,-0.0042118714191019535,0.532848596572876,0.21023178100585938,-0.004942166619002819,0.5255491733551025,0.17466649413108826,0.00771648483350873,0.5060605406761169,0.2074456810951233,0.016604505479335785,0.5301299095153809,0.19144117832183838,0.00099186843726784,0.5051368474960327,0.22609102725982666,0.014618662185966969,0.4997665286064148,0.22130516171455383,0.0266435369849205,0.5537387132644653,0.31760722398757935,-0.01686864346265793,0.5479205250740051,0.31989994645118713,-0.01391087006777525,0.5435366630554199,0.3227299153804779,-0.010449194349348545,0.5511869192123413,0.2925589978694916,-0.012844069860875607,0.5380940437316895,0.3281548023223877,-0.002762611024081707,0.5409068465232849,0.3282921314239502,-0.006747615057975054,0.5394834876060486,0.3275674283504486,-0.0037032857071608305,0.5524190068244934,0.28759434819221497,-0.02160647138953209,0.5459879636764526,0.32475754618644714,-0.008379343897104263,0.5502411723136902,0.3236372470855713,-0.010615106672048569,0.5552303791046143,0.3233402371406555,-0.0125144487246871,0.5570884346961975,0.3457244634628296,-0.01100942213088274,0.5543568134307861,0.33440837264060974,-0.015606270171701908,0.5543476939201355,0.32998737692832947,-0.015792446210980415,0.5546241998672485,0.3261846899986267,-0.014005218632519245,0.5551863312721252,0.32328104972839355,-0.013028386980295181,0.5459753274917603,0.32474127411842346,-0.008721321821212769,0.5450750589370728,0.32640933990478516,-0.009841454215347767,0.5440683960914612,0.3285609185695648,-0.011022888123989105,0.5433043837547302,0.3311530351638794,-0.010275868698954582,0.5395874381065369,0.3135274052619934,-0.008032546378672123,0.4965320825576782,0.29495304822921753,0.06178755685687065,0.563046932220459,0.29347264766693115,-0.020607011392712593,0.5427863597869873,0.3261035084724426,-0.005895114038139582,0.5419147610664368,0.32712459564208984,-0.006626839749515057,0.5561052560806274,0.29630231857299805,-0.015370340086519718,0.547410249710083,0.2955144941806793,-0.009050588123500347,0.5553298592567444,0.294793963432312,-0.015236114151775837,0.5391075611114502,0.26917707920074463,-0.0013440706534311175,0.5297604203224182,0.2754526734352112,0.0001115570412366651,0.5440720915794373,0.28653475642204285,-0.01084721926599741,0.5106077194213867,0.18498966097831726,0.017711099237203598,0.5158063769340515,0.1970667839050293,0.008313896134495735,0.5205349922180176,0.2113981544971466,0.0007780302548781037,0.5436574816703796,0.3397073745727539,-0.006768526043742895,0.546666145324707,0.21088573336601257,-0.007883630692958832,0.5443358421325684,0.18935561180114746,-0.0032724549528211355,0.5413379073143005,0.16925351321697235,0.0018399760592728853,0.5201882719993591,0.2524498701095581,0.008727191016077995,0.5066778063774109,0.2615870237350464,0.017013629898428917,0.5441898107528687,0.24566330015659332,0.005609543528407812,0.5114378333091736,0.2392101287841797,0.012100075371563435,0.5492959022521973,0.2573760747909546,-0.004885481204837561,0.5488365292549133,0.28281790018081665,-0.02127373404800892,0.5011753439903259,0.2687932252883911,0.023121312260627747,0.5111075043678284,0.2668972611427307,0.01136550959199667,0.5188800096511841,0.2690470218658447,0.0057788449339568615,0.5298844575881958,0.2666705548763275,0.0031043807975947857,0.5379117727279663,0.2622824013233185,0.0019291177159175277,0.5439978241920471,0.2573603689670563,0.0005148783093318343,0.5564668774604797,0.24480657279491425,-0.01043185405433178,0.503183126449585,0.286346971988678,0.020463792607188225,0.5067794322967529,0.23884308338165283,0.014970840886235237,0.560407280921936,0.29113081097602844,-0.02749205194413662,0.5461244583129883,0.2709709107875824,-0.005853272974491119,0.49218788743019104,0.2557440996170044,0.06008199602365494,0.5485090017318726,0.2520415782928467,-7.661237759748474e-05,0.5435880422592163,0.2875828742980957,-0.0050180694088339806,0.5150351524353027,0.2448493391275406,0.01359669491648674,0.5485016107559204,0.2778264880180359,-0.01884361356496811,0.5004526376724243,0.3152855336666107,0.05745907872915268,0.5441777110099792,0.24268858134746552,0.007233832031488419,0.5529856085777283,0.27220049500465393,-0.02417696826159954,0.5197513699531555,0.34965887665748596,0.017530107870697975,0.5208424925804138,0.3604215085506439,0.02716429904103279,0.4978961944580078,0.2910316288471222,0.04114014282822609,0.512077808380127,0.34011268615722656,0.025876687839627266,0.496807336807251,0.2366761863231659,0.03528129309415817,0.543637752532959,0.3725261986255646,-0.003094907384365797,0.5609316229820251,0.2933034896850586,-0.020220337435603142,0.5411019325256348,0.2778221666812897,-0.004085730295628309,0.5006797909736633,0.25239601731300354,0.02610916830599308,0.5252950191497803,0.24878694117069244,0.006769056431949139,0.5301821827888489,0.2489149272441864,0.00526742497459054,0.5399710536003113,0.329753577709198,-0.0058782948181033134,0.5053121447563171,0.3036156892776489,0.020946303382515907,0.5540964603424072,0.38292601704597473,-0.00255207228474319,0.5374881625175476,0.37539634108543396,0.010018952190876007,0.5299527645111084,0.36950355768203735,0.017512088641524315,0.5602408051490784,0.1886790692806244,-0.004550202749669552,0.565246045589447,0.3833639621734619,-0.004233512561768293,0.5350220203399658,0.2475339025259018,0.005009741988033056,0.5395267009735107,0.24525390565395355,0.005833628121763468,0.5425735116004944,0.24380388855934143,0.0070811728946864605,0.5024479627609253,0.2377840131521225,0.02109597437083721,0.538695216178894,0.2377273440361023,0.005183539818972349,0.5337182879447937,0.23631218075752258,0.004172187298536301,0.5288769006729126,0.23655328154563904,0.004433101508766413,0.5239808559417725,0.23840470612049103,0.005901847500354052,0.5208747982978821,0.24075543880462646,0.007870825938880444,0.4922820031642914,0.23433293402194977,0.05167698860168457,0.5220197439193726,0.2476769983768463,0.00873170793056488,0.562931478023529,0.3027438521385193,-0.015873633325099945,0.5451632142066956,0.307813823223114,-0.010568524710834026,0.5497558116912842,0.2895313799381256,-0.01586220972239971,0.5556050539016724,0.30374595522880554,-0.015560667030513287,0.5614745616912842,0.23329290747642517,-0.008026672527194023,0.5278491377830505,0.35921531915664673,0.010610884055495262,0.5355850458145142,0.36605075001716614,0.0039614783599972725,0.553438663482666,0.3764733076095581,-0.009163408540189266,0.5133071541786194,0.3501465618610382,0.03890877962112427,0.5424039959907532,0.24049976468086243,0.0064036729745566845,0.5532800555229187,0.25793614983558655,-0.012757379561662674,0.5650498270988464,0.3766021132469177,-0.01063289400190115,0.5452825427055359,0.38002097606658936,0.0024635556619614363,0.5012203454971313,0.30968859791755676,0.03885149583220482,0.5502113699913025,0.32360419631004333,-0.011088280007243156,0.5492877960205078,0.32605093717575073,-0.012252997606992722,0.5486282110214233,0.3291577994823456,-0.01367600541561842,0.5482851266860962,0.3331063985824585,-0.013322262093424797,0.5497894883155823,0.34326988458633423,-0.009758295491337776,0.541486918926239,0.3260195851325989,-0.006276081316173077,0.5402140021324158,0.325697660446167,-0.006270646117627621,0.5391131639480591,0.3251399099826813,-0.006175350397825241,0.535387396812439,0.3206440806388855,-0.004597923718392849,0.5127612352371216,0.3059772551059723,0.008770386688411236,0.5529937148094177,0.250404953956604,-0.007222694810479879,0.5484998822212219,0.23554959893226624,0.003338839625939727,0.5447344183921814,0.23709730803966522,0.005530096590518951,0.542844295501709,0.32612812519073486,-0.005689609795808792,0.5135128498077393,0.32686635851860046,0.01583406887948513,0.5538790225982666,0.23451422154903412,-0.004144912585616112,0.5468807816505432,0.3536142110824585,-0.007498149760067463,0.5623477101325989,0.2584932744503021,-0.023412806913256645,0.5570608377456665,0.25284460186958313,-0.01645779050886631,0.5620782375335693,0.25054505467414856,-0.017756672576069832,0.5497673749923706,0.27134057879447937,-0.013313600793480873,0.5647240281105042,0.36748185753822327,-0.013240220956504345,0.564317524433136,0.35610395669937134,-0.01229027472436428,0.5554728507995605,0.35646942257881165,-0.011224777437746525,0.5334335565567017,0.34099552035331726,-0.0003508940280880779,0.538927435874939,0.2950665056705475,-0.004191725980490446,0.5398421883583069,0.3486313819885254,-0.0038785659708082676,0.5251305103302002,0.29585108160972595,-0.0018473286181688309,0.5334368348121643,0.30422455072402954,-0.003968018107116222,0.5205748081207275,0.310533344745636,0.0017632063245400786,0.5538633465766907,0.36764195561408997,-0.011624330654740334,0.5464825630187988,0.2767345905303955,-0.00953960232436657,0.5290699601173401,0.3487564027309418,0.0046604471281170845,0.5368945598602295,0.3566822409629822,-9.41336402320303e-05,0.5281372666358948,0.33141279220581055,0.0013377913273870945,0.5077102780342102,0.31805670261383057,0.021791737526655197,0.5212706923484802,0.334209680557251,0.007201023865491152,0.505365788936615,0.3261842131614685,0.03486577793955803,0.5289484262466431,0.31592002511024475,-0.0021139986347407103,0.5498501062393188,0.264355331659317,-0.009001513943076134,0.550668478012085,0.28622516989707947,-0.022635890170931816,0.5472831726074219,0.2891182005405426,-0.016642387956380844,0.5530003905296326,0.2800840139389038,-0.02662086673080921,0.5437418222427368,0.22860628366470337,0.0017877123318612576,0.5338963866233826,0.22415582835674286,0.000757833244279027,0.5254506468772888,0.22413991391658783,0.0010965634137392044,0.5185238122940063,0.22707779705524445,0.0035109182354062796,0.5136807560920715,0.23199178278446198,0.007257103454321623,0.5109898447990417,0.24749435484409332,0.01594412513077259,0.49540722370147705,0.2727006673812866,0.04111110791563988,0.5161290764808655,0.258433997631073,0.010796185582876205,0.5221825838088989,0.2601897418498993,0.007112633436918259,0.5298644304275513,0.25951462984085083,0.004622665233910084,0.5370993614196777,0.25664156675338745,0.0036517346743494272,0.5427680015563965,0.2527514696121216,0.0035202037543058395,0.546673059463501,0.24921679496765137,0.003266599029302597,0.49404749274253845,0.275429368019104,0.06302773207426071,0.5474483370780945,0.29152655601501465,-0.013916978612542152,0.5535151362419128,0.26488107442855835,-0.017621664330363274,0.5546432137489319,0.2859298586845398,-0.02715354785323143,0.5576862096786499,0.29024943709373474,-0.02515016682446003,0.5546871423721313,0.28767749667167664,-0.02443927899003029,0.5490754246711731,0.294006884098053,-0.01213807426393032,0.5586931705474854,0.29076912999153137,-0.026707157492637634,0.5592459440231323,0.2929636240005493,-0.02019290067255497,0.5462483167648315,0.24253979325294495,0.006355673540383577,0.5496089458465576,0.24403145909309387,0.002787197707220912,0.5517135262489319,0.2449740469455719,-0.0014723649946972728,0.5190863013267517,0.24253883957862854,0.009874973446130753,0.5146949291229248,0.2390560507774353,0.010220225900411606,0.566999077796936,0.2596970796585083,-0.021429037675261497,0.6010046601295471,0.24180297553539276,0.010824030265212059,0.567925214767456,0.2912312150001526,-0.020144803449511528,0.6237223148345947,0.209096759557724,0.04123349115252495,0.5860058069229126,0.24963253736495972,0.004292935132980347,0.591690719127655,0.250373512506485,0.0047445716336369514,0.5970260500907898,0.24958406388759613,0.0064585343934595585,0.6036942005157471,0.24467240273952484,0.011620414443314075,0.5810348391532898,0.24706362187862396,0.004871342796832323,0.59258633852005,0.22466368973255157,0.002767733996734023,0.5862814784049988,0.22541184723377228,0.0028107105754315853,0.5984519124031067,0.22628313302993774,0.004776188638061285,0.6023929119110107,0.2296912968158722,0.007204706314951181,0.608967661857605,0.24973207712173462,0.01441801805049181,0.5845639109611511,0.3612666726112366,-0.005556469317525625,0.6028429865837097,0.2394513636827469,0.012872275896370411,0.6259645223617554,0.2469068467617035,0.041011810302734375,0.6153261065483093,0.24425974488258362,0.02072029374539852,0.5905411243438721,0.28206366300582886,-0.003072492778301239,0.5675743818283081,0.31320130825042725,-0.017247408628463745,0.5670579671859741,0.32099229097366333,-0.014951113611459732,0.5751767754554749,0.31684327125549316,-0.014070906676352024,0.580216109752655,0.3209395408630371,-0.01021665334701538,0.5729972124099731,0.3219897150993347,-0.012785797007381916,0.5777960419654846,0.3237011432647705,-0.009132328443229198,0.5878497958183289,0.33307507634162903,-0.0030984871555119753,0.5676513314247131,0.28598177433013916,-0.029944315552711487,0.5681227445602417,0.27760303020477295,-0.031336717307567596,0.6100389361381531,0.22360101342201233,0.009747047908604145,0.5787049531936646,0.26165518164634705,-0.0028083669021725655,0.5799539089202881,0.28476783633232117,-0.015690220519900322,0.5801316499710083,0.2806057035923004,-0.0137599753215909,0.6080971360206604,0.28147006034851074,0.004661737475544214,0.5675523281097412,0.26775574684143066,-0.027391385287046432,0.5955675840377808,0.2143336832523346,-0.0004745049518533051,0.6038608551025391,0.21749676764011383,0.0041930354200303555,0.617732048034668,0.19255048036575317,0.03030785359442234,0.571279764175415,0.2218349725008011,-0.006063748151063919,0.5809091329574585,0.2289426177740097,0.0044359671883285046,0.592235267162323,0.3257576823234558,-0.0008652490796521306,0.6194093227386475,0.32897838950157166,0.05081016570329666,0.5758257508277893,0.2896761894226074,-0.013703124597668648,0.5714124441146851,0.2923617362976074,-0.014735582284629345,0.5861764550209045,0.32785648107528687,-0.0015099188312888145,0.5848103761672974,0.3274051547050476,-0.003157534636557102,0.6068840026855469,0.21212078630924225,0.007598727475851774,0.5801122784614563,0.28879931569099426,-0.012745355255901814,0.5848013758659363,0.2151239961385727,-0.003960840404033661,0.585418164730072,0.2081703245639801,-0.004691230598837137,0.593235194683075,0.1708132028579712,0.008130231872200966,0.6133677959442139,0.20118845999240875,0.01724427379667759,0.5896121263504028,0.18802416324615479,0.0012806907761842012,0.6134701371192932,0.2199954390525818,0.015209486708045006,0.619784414768219,0.2143455147743225,0.02723730355501175,0.5674645304679871,0.31739503145217896,-0.01678941212594509,0.5740730166435242,0.3196408152580261,-0.013761754147708416,0.5790162086486816,0.3223615288734436,-0.010222003795206547,0.5744572877883911,0.2913426458835602,-0.01273952517658472,0.5854711532592773,0.327646404504776,-0.002393661066889763,0.5824704766273499,0.327892541885376,-0.006468580104410648,0.5840445160865784,0.3271239101886749,-0.003361813025549054,0.5733813643455505,0.2863929867744446,-0.021479900926351547,0.5768701434135437,0.3245045840740204,-0.008160525932908058,0.5721067190170288,0.32348519563674927,-0.010471469722688198,0.5666294097900391,0.32325831055641174,-0.012435486540198326,0.5707675814628601,0.3450349271297455,-0.010905632749199867,0.5681357979774475,0.3343048691749573,-0.015499606728553772,0.5676887035369873,0.3298633098602295,-0.015664011240005493,0.5671840906143188,0.32606637477874756,-0.013907221145927906,0.5665621161460876,0.3231940269470215,-0.01292444672435522,0.5768206119537354,0.32453271746635437,-0.008495120331645012,0.5778405070304871,0.32612863183021545,-0.009623690508306026,0.5789535045623779,0.32826006412506104,-0.010827460326254368,0.5799373984336853,0.3308262526988983,-0.010086222551763058,0.5860366225242615,0.31119081377983093,-0.007817522622644901,0.6258336305618286,0.28762203454971313,0.06271591782569885,0.5804662108421326,0.3258078694343567,-0.005620162468403578,0.581350564956665,0.32676130533218384,-0.0063712019473314285,0.5698283910751343,0.2956833243370056,-0.015289003029465675,0.5781177878379822,0.29406964778900146,-0.008954904973506927,0.5705776214599609,0.2940860688686371,-0.01512068696320057,0.5849272012710571,0.2666791081428528,-0.001067437930032611,0.5945296883583069,0.27196067571640015,0.0004909603158012033,0.581088662147522,0.2846558690071106,-0.010685289278626442,0.6079463362693787,0.17939558625221252,0.018441077321767807,0.6036781072616577,0.19202451407909393,0.00878109224140644,0.5972549915313721,0.2076176106929779,0.0011596832191571593,0.5833687782287598,0.33763256669044495,-0.00651439419016242,0.5724319219589233,0.21032017469406128,-0.007773577701300383,0.5757677555084229,0.18753616511821747,-0.0031187611166387796,0.5777927041053772,0.16716428101062775,0.0020514826755970716,0.601316511631012,0.2479068785905838,0.009150185622274876,0.6155872941017151,0.2556149959564209,0.01752447709441185,0.5776838064193726,0.24461792409420013,0.005727906245738268,0.6084166765213013,0.2337701916694641,0.012512747198343277,0.574589192867279,0.2559014558792114,-0.004721267148852348,0.5766553282737732,0.2812548577785492,-0.02112872526049614,0.62140953540802,0.26190024614334106,0.023711225017905235,0.6118216514587402,0.2611832022666931,0.011847317218780518,0.6046183109283447,0.26411840319633484,0.006183515302836895,0.5938069820404053,0.2633041441440582,0.0034002389293164015,0.5856562852859497,0.26000288128852844,0.0021457087714225054,0.5793942809104919,0.2559277415275574,0.0007172127370722592,0.5671171545982361,0.2441716492176056,-0.010358660481870174,0.6207457780838013,0.279716819524765,0.021069908514618874,0.6130765080451965,0.23300041258335114,0.015521281398832798,0.565828263759613,0.29078409075737,-0.02745327353477478,0.5782759189605713,0.2691957950592041,-0.005674782209098339,0.627636730670929,0.2478848248720169,0.06108477711677551,0.5746234059333801,0.2511918842792511,3.0333432732732035e-05,0.5814874768257141,0.28570133447647095,-0.00495200464501977,0.6054616570472717,0.23972290754318237,0.014016406610608101,0.5766201019287109,0.27624353766441345,-0.018685078248381615,0.6234772205352783,0.3082968592643738,0.05847413092851639,0.5773882269859314,0.24165770411491394,0.0073553710244596004,0.5721394419670105,0.27104705572128296,-0.024071285501122475,0.6080695986747742,0.34477341175079346,0.018065646290779114,0.6072866320610046,0.35567507147789,0.027882060036063194,0.6253426671028137,0.28370633721351624,0.04178127273917198,0.6149190068244934,0.33439716696739197,0.026490163058042526,0.6231167316436768,0.22937113046646118,0.035931315273046494,0.5859787464141846,0.3701572120189667,-0.002764506498351693,0.5651627779006958,0.293056458234787,-0.020188964903354645,0.583419680595398,0.27557986974716187,-0.0038644825108349323,0.6207202672958374,0.24614088237285614,0.026668913662433624,0.5959597826004028,0.24501170217990875,0.0070875040255486965,0.5913119912147522,0.24584519863128662,0.00553057249635458,0.5835591554641724,0.32928556203842163,-0.005555350333452225,0.6196682453155518,0.2972143888473511,0.021561438217759132,0.5762584209442139,0.3816995620727539,-0.0022669408936053514,0.5920733213424683,0.372272789478302,0.010542198084294796,0.5990630388259888,0.36561933159828186,0.018125448375940323,0.5865747928619385,0.24519595503807068,0.005250006448477507,0.5819938778877258,0.2435941994190216,0.006033637560904026,0.5789865255355835,0.24261754751205444,0.0072412267327308655,0.6172862648963928,0.23137345910072327,0.021645382046699524,0.5822244882583618,0.23560264706611633,0.0054334430024027824,0.5869274735450745,0.23341679573059082,0.004455533344298601,0.5916171669960022,0.2331351935863495,0.004790601320564747,0.5963504314422607,0.23444490134716034,0.006283943075686693,0.5994253158569336,0.23642656207084656,0.008234570734202862,0.6266389489173889,0.22648686170578003,0.05272330343723297,0.5989648699760437,0.24344322085380554,0.009088866412639618,0.5805781483650208,0.30607524514198303,-0.01035933569073677,0.5759075880050659,0.2881006598472595,-0.015741154551506042,0.5703813433647156,0.30301433801651,-0.015459442511200905,0.6006198525428772,0.355180561542511,0.011112756095826626,0.5934458374977112,0.36283645033836365,0.004370291251689196,0.5765309929847717,0.3751528859138489,-0.008966942317783833,0.6138030290603638,0.3445518910884857,0.039826299995183945,0.5788721442222595,0.2391139417886734,0.006577090360224247,0.570964515209198,0.2569027245044708,-0.012663699686527252,0.5847304463386536,0.3777705430984497,0.0028804424218833447,0.6232721209526062,0.3026990294456482,0.039514340460300446,0.5720535516738892,0.32344967126846313,-0.01089541520923376,0.5730461478233337,0.32583409547805786,-0.012086606584489346,0.5739038586616516,0.32891708612442017,-0.013536122627556324,0.5746277570724487,0.3328929841518402,-0.013213706202805042,0.5776963233947754,0.3417643904685974,-0.009540696628391743,0.5817520022392273,0.3255637586116791,-0.005908605642616749,0.5828779935836792,0.32516202330589294,-0.005898936651647091,0.5839470028877258,0.32454246282577515,-0.005783519241958857,0.5903124809265137,0.317867636680603,-0.004237361717969179,0.6126410365104675,0.30046406388282776,0.009436484426259995,0.570704460144043,0.2493893951177597,-0.007082000374794006,0.5728766322135925,0.23474030196666718,0.0034360485151410103,0.5763776898384094,0.2358454465866089,0.0056120241060853004,0.58053058385849,0.3257818818092346,-0.005399124696850777,0.6129134893417358,0.32133281230926514,0.01648002862930298,0.5678523182868958,0.23440541326999664,-0.004122098907828331,0.5813431143760681,0.3517335057258606,-0.0072686877101659775,0.5670953989028931,0.25222039222717285,-0.016412295401096344,0.5749685764312744,0.2699432969093323,-0.013182589784264565,0.5730975270271301,0.355502724647522,-0.011085446923971176,0.5935719609260559,0.33778300881385803,4.359763624961488e-05,0.586273193359375,0.2926465570926666,-0.003973481711000204,0.587806224822998,0.3460245132446289,-0.0036008786410093307,0.6000983715057373,0.29179736971855164,-0.0013784903567284346,0.5920590758323669,0.3011589050292969,-0.0036438340321183205,0.6052007675170898,0.30593568086624146,0.0022755537647753954,0.575464129447937,0.3664413094520569,-0.01145117823034525,0.5783058404922485,0.27500832080841064,-0.009397149085998535,0.5986995100975037,0.3448789715766907,0.00515907583758235,0.5914685726165771,0.3536558747291565,0.00028297220706008375,0.5982969403266907,0.32771027088165283,0.0018865917809307575,0.6180917024612427,0.3118639886379242,0.02247590944170952,0.6056028604507446,0.32957932353019714,0.00782221183180809,0.6203774809837341,0.31966522336006165,0.03553205356001854,0.5968568921089172,0.3123655319213867,-0.00161134940572083,0.5744409561157227,0.2629658281803131,-0.008866628631949425,0.5750798583030701,0.2848304510116577,-0.022484999150037766,0.5783112049102783,0.2874395549297333,-0.016515644267201424,0.5726370215415955,0.2789188623428345,-0.026403386145830154,0.576647162437439,0.2272581160068512,0.0019430862739682198,0.585565984249115,0.2217680662870407,0.0010484803933650255,0.5936617255210876,0.220805823802948,0.0014375168830156326,0.6005505919456482,0.22280028462409973,0.00392703665420413,0.6055495738983154,0.22697779536247253,0.0076657491736114025,0.6097491383552551,0.24198614060878754,0.01640637218952179,0.6264721155166626,0.26514413952827454,0.04177239537239075,0.6059824228286743,0.2533314824104309,0.011202423833310604,0.6004192233085632,0.2557802200317383,0.007484705187380314,0.5929654240608215,0.25621408224105835,0.004915216471999884,0.5857043862342834,0.2543821930885315,0.003838798264041543,0.5799440741539001,0.25129571557044983,0.003630615770816803,0.5759067535400391,0.2482176125049591,0.0033236329909414053,0.6269627213478088,0.26785069704055786,0.06403643637895584,0.5780931115150452,0.28992220759391785,-0.01379055343568325,0.5711805820465088,0.2638426423072815,-0.017537379637360573,0.5713123679161072,0.2849135100841522,-0.027056008577346802,0.5683407783508301,0.2895791530609131,-0.025083810091018677,0.5712435245513916,0.2867339253425598,-0.024345675483345985,0.5765284895896912,0.2926197052001953,-0.012026811949908733,0.567451536655426,0.29021432995796204,-0.026651881635189056,0.5667707324028015,0.2924860119819641,-0.020160356536507607,0.5754202008247375,0.24169903993606567,0.006416849792003632,0.5726215243339539,0.2433474063873291,0.0028097054455429316,0.5708914399147034,0.24451500177383423,-0.0013983766548335552,0.6012868285179138,0.23800349235534668,0.010256290435791016,0.6051225066184998,0.23400679230690002,0.01064071711152792,0.5295566320419312,0.24168671667575836,0.0070452699437737465,0.5356898903846741,0.24089884757995605,0.0070452699437737465,0.5289424657821655,0.23403753340244293,0.0070452699437737465,0.5232874751091003,0.24240127205848694,0.0070452699437737465,0.5300984382629395,0.24925753474235535,0.0070452699437737465,0.5911455154418945,0.23833228647708893,0.007332185283303261,0.5971167683601379,0.2383175641298294,0.007332185283303261,0.5911210179328918,0.23048752546310425,0.007332185283303261,0.5852522253990173,0.23829731345176697,0.007332185283303261,0.5912112593650818,0.24622087180614471,0.007332185283303261
1499.9999999999993,0.5608535408973694,0.31948697566986084,-0.01753704808652401,0.5609765648841858,0.2932167053222656,-0.031007705256342888,0.5608125329017639,0.30218952894210815,-0.01673593930900097,0.5557730197906494,0.2659943997859955,-0.022357646375894547,0.560866117477417,0.2842840850353241,-0.0327586829662323,0.5606463551521301,0.2732292711734772,-0.03008817695081234,0.5601529479026794,0.24724839627742767,-0.013828731141984463,0.5192829370498657,0.2498241662979126,0.010105240158736706,0.5598042011260986,0.2289857417345047,-0.009604970924556255,0.5596201419830322,0.21743516623973846,-0.010508750565350056,0.5590875744819641,0.17150771617889404,-0.002241525799036026,0.5609185099601746,0.32250380516052246,-0.01694609969854355,0.5608857870101929,0.325704425573349,-0.015101091004908085,0.5608667731285095,0.32796961069107056,-0.012361472472548485,0.560887336730957,0.32807767391204834,-0.012797500938177109,0.5609949231147766,0.3310851454734802,-0.013708087615668774,0.5610830187797546,0.334911584854126,-0.01520780473947525,0.561182975769043,0.3394199311733246,-0.01477836724370718,0.5609071254730225,0.35107487440109253,-0.00961005873978138,0.5610003471374512,0.2979573607444763,-0.028170883655548096,0.5557998418807983,0.2982174754142761,-0.02028829976916313,0.49502623081207275,0.2195846289396286,0.039680637419223785,0.5356436967849731,0.25600314140319824,0.0036614949349313974,0.5296745896339417,0.2573191523551941,0.004082695115357637,0.5240532159805298,0.25715136528015137,0.005762443412095308,0.5169963836669922,0.25322750210762024,0.010945356450974941,0.5408309698104858,0.2530669569969177,0.004193365108221769,0.5264205932617188,0.23292040824890137,0.001714101410470903,0.5332654118537903,0.2330184131860733,0.0017657929565757513,0.5203304886817932,0.23513011634349823,0.00372096779756248,0.516517698764801,0.23880279064178467,0.0062429290264844894,0.5120754241943359,0.2588851749897003,0.013859070837497711,0.5410142540931702,0.3683599829673767,-0.003609756240621209,0.5173181295394897,0.24790775775909424,0.012122723273932934,0.4946860671043396,0.25744399428367615,0.040662266314029694,0.505342960357666,0.25406908988952637,0.02009287104010582,0.5325683951377869,0.2897528409957886,-0.0031499050091952085,0.5534347891807556,0.31770795583724976,-0.016682008281350136,0.5543587803840637,0.3255404531955719,-0.014212616719305515,0.5461418628692627,0.32169780135154724,-0.013342033140361309,0.5412953495979309,0.3260491192340851,-0.009326744824647903,0.5485339164733887,0.3266899585723877,-0.011932984925806522,0.5438116192817688,0.3285321593284607,-0.008162666112184525,0.5358197689056396,0.3403673470020294,-0.0016811946406960487,0.5563114881515503,0.29332250356674194,-0.030441710725426674,0.5554918050765991,0.28480926156044006,-0.03201267495751381,0.507824182510376,0.23364153504371643,0.00847320444881916,0.5437060594558716,0.268215149641037,-0.003408819902688265,0.5434021353721619,0.2923536002635956,-0.015865210443735123,0.5430417060852051,0.287970632314682,-0.01396120060235262,0.5151011347770691,0.29059097170829773,0.004613099154084921,0.5556300282478333,0.2745293378829956,-0.028209565207362175,0.5213252305984497,0.22267688810825348,-0.0021146866492927074,0.5132167935371399,0.22687537968158722,0.0026040109805762768,0.5006243586540222,0.20266607403755188,0.028285536915063858,0.547883927822113,0.22733792662620544,-0.007589742541313171,0.5393781661987305,0.23581187427043915,0.0035248124040663242,0.531180739402771,0.3332006335258484,0.0002763829252216965,0.5055382251739502,0.3378986120223999,0.052398987114429474,0.5476420521736145,0.29702386260032654,-0.013823825865983963,0.552169144153595,0.2992073893547058,-0.014791457913815975,0.5357677340507507,0.3330031633377075,-0.0003345946897752583,0.5371451377868652,0.3324151933193207,-0.0019321040017530322,0.5098589658737183,0.22218528389930725,0.005909262225031853,0.5431939959526062,0.2960975468158722,-0.012786151841282845,0.5327717661857605,0.22215747833251953,-0.0055869221687316895,0.5314031839370728,0.21558062732219696,-0.006515554618090391,0.5250247716903687,0.17858055233955383,0.005606216844171286,0.5056959390640259,0.2114769071340561,0.015400229021906853,0.5293384194374084,0.19593891501426697,-0.0009376431116834283,0.5043802857398987,0.23059684038162231,0.013858831487596035,0.4996245801448822,0.22491219639778137,0.025890501216053963,0.5537956357002258,0.32197603583335876,-0.016107885167002678,0.5473658442497253,0.324451744556427,-0.012951654382050037,0.5425446033477783,0.327376127243042,-0.009272390976548195,0.5489462614059448,0.29841163754463196,-0.0127923134714365,0.5364789366722107,0.33270978927612305,-0.0011872804025188088,0.5395296216011047,0.3327939510345459,-0.00516315083950758,0.5379178524017334,0.332101047039032,-0.002148339059203863,0.550243616104126,0.29398617148399353,-0.021810516715049744,0.5447607636451721,0.329304039478302,-0.0071701365523040295,0.5494397282600403,0.3281075954437256,-0.009577720426023006,0.5549143552780151,0.3277704417705536,-0.011631984263658524,0.5539212226867676,0.35131728649139404,-0.00935696717351675,0.5540885925292969,0.33911681175231934,-0.014365099370479584,0.5542067885398865,0.3345557153224945,-0.014686793088912964,0.5544701814651489,0.3307575583457947,-0.013002576306462288,0.5549242496490479,0.3278595805168152,-0.012040087953209877,0.5447943806648254,0.329276442527771,-0.00740750040858984,0.5439451336860657,0.3308981955051422,-0.008489822037518024,0.5429956912994385,0.3330642879009247,-0.00956277921795845,0.5422455668449402,0.3357548415660858,-0.008717615157365799,0.5372782945632935,0.31838953495025635,-0.007017157040536404,0.4966477155685425,0.297224223613739,0.06336598843336105,0.5609341859817505,0.30003821849823,-0.020708592608571053,0.5413610339164734,0.3306288421154022,-0.004390987101942301,0.5405470728874207,0.33159270882606506,-0.005091555882245302,0.5539152026176453,0.30231618881225586,-0.015151248313486576,0.5452312231063843,0.3009187579154968,-0.00875048991292715,0.5531104803085327,0.30079153180122375,-0.015126172453165054,0.5375804901123047,0.2737273573875427,-0.001514979638159275,0.5282018780708313,0.27987679839134216,0.00013195123756304383,0.5421130657196045,0.29186582565307617,-0.010755914263427258,0.5102813839912415,0.18864333629608154,0.016103897243738174,0.5152301788330078,0.2014351487159729,0.006742390803992748,0.5190857648849487,0.21653605997562408,-0.0005983934388495982,0.5406744480133057,0.344777375459671,-0.0049439421854913235,0.5454835295677185,0.21630139648914337,-0.009618221782147884,0.543431282043457,0.19384777545928955,-0.005452086683362722,0.5406960248947144,0.1733248382806778,-0.0006389917689375579,0.5195568203926086,0.2559608817100525,0.008443744853138924,0.5058951377868652,0.26511937379837036,0.017129724845290184,0.5442547798156738,0.2502787113189697,0.005002635531127453,0.5108750462532043,0.24332818388938904,0.011638657189905643,0.5476945638656616,0.26215189695358276,-0.005467935465276241,0.54673171043396,0.2888978123664856,-0.02152959071099758,0.5006029605865479,0.2721084654331207,0.023539604619145393,0.5099186897277832,0.2704369127750397,0.011527735739946365,0.5173864364624023,0.2728158235549927,0.00588446157053113,0.5285087823867798,0.27082359790802,0.0029862800147384405,0.5368245244026184,0.266745001077652,0.0016703243600204587,0.5431244373321533,0.2620164155960083,5.94666889810469e-05,0.5548135042190552,0.24978159368038177,-0.01152865495532751,0.5024637579917908,0.28971171379089355,0.021238192915916443,0.5062180161476135,0.24294894933700562,0.014554436318576336,0.5581889748573303,0.2978333830833435,-0.02780984155833721,0.5444614291191101,0.2759394645690918,-0.006077273283153772,0.49249565601348877,0.258209228515625,0.06070932745933533,0.5477269887924194,0.25680166482925415,-0.0007194475620053709,0.5416852831840515,0.29269057512283325,-0.004808104131370783,0.5147605538368225,0.24866242706775665,0.01327181700617075,0.5465421080589294,0.2835949659347534,-0.01915363036096096,0.5003637075424194,0.31756383180618286,0.05951036885380745,0.5444576144218445,0.24721795320510864,0.006583353970199823,0.5509505867958069,0.27815359830856323,-0.02475891076028347,0.5176835656166077,0.3534263074398041,0.01997637376189232,0.5188590288162231,0.3640174865722656,0.030073612928390503,0.4977271854877472,0.2937726378440857,0.042362701147794724,0.51059889793396,0.3434649109840393,0.0282294824719429,0.4967385530471802,0.2398998737335205,0.03505460172891617,0.5402388572692871,0.37710660696029663,-0.0005601269076578319,0.5587451457977295,0.2998273968696594,-0.020285647362470627,0.5394216775894165,0.28263184428215027,-0.004079343285411596,0.5005790591239929,0.2560107409954071,0.026146050542593002,0.5245550870895386,0.2522026598453522,0.006369967013597488,0.529461145401001,0.25258561968803406,0.004823208320885897,0.5385569930076599,0.33434444665908813,-0.004228546749800444,0.5044736862182617,0.3069317936897278,0.022211162373423576,0.5505218505859375,0.38720887899398804,0.00029824269586242735,0.534363865852356,0.3796577751636505,0.01302785612642765,0.5272897481918335,0.37353599071502686,0.02049306221306324,0.5592705011367798,0.1933375895023346,-0.006915756966918707,0.561701238155365,0.38759106397628784,-0.0015622947830706835,0.5345489978790283,0.2515481114387512,0.004508372861891985,0.5394333004951477,0.24960796535015106,0.0052721695974469185,0.5427374243736267,0.2483213096857071,0.006461166311055422,0.502225399017334,0.24186447262763977,0.020732905715703964,0.5387618541717529,0.24225720763206482,0.004530101548880339,0.5335261821746826,0.24080505967140198,0.003494360251352191,0.5284440517425537,0.24095572531223297,0.0037835275288671255,0.5234643220901489,0.2426816076040268,0.005331870634108782,0.5203877687454224,0.24485807120800018,0.0073843589052557945,0.49260905385017395,0.23701268434524536,0.05168960243463516,0.5213871598243713,0.25105205178260803,0.00835780706256628,0.5607892274856567,0.30868232250213623,-0.015557876788079739,0.5429810881614685,0.31302452087402344,-0.009817796759307384,0.5475677847862244,0.295611709356308,-0.015922101214528084,0.5533499717712402,0.3094866871833801,-0.015115327201783657,0.5599928498268127,0.23816365003585815,-0.009400634095072746,0.5252490639686584,0.363308310508728,0.013184458017349243,0.5325218439102173,0.37045925855636597,0.0065472726710140705,0.5499072074890137,0.381182998418808,-0.006713738664984703,0.5119782090187073,0.3532239496707916,0.04169459268450737,0.5426183342933655,0.24500347673892975,0.005736195016652346,0.5515045523643494,0.263195276260376,-0.0135188652202487,0.5615667700767517,0.3813045024871826,-0.008317111060023308,0.5418546199798584,0.3843827247619629,0.005418282002210617,0.5008538961410522,0.3124203085899353,0.0405389629304409,0.5494644045829773,0.32815253734588623,-0.009938103146851063,0.548603892326355,0.3305652439594269,-0.011082328855991364,0.5479832887649536,0.3336838483810425,-0.012363087385892868,0.5475900769233704,0.3377499282360077,-0.011875942349433899,0.5466400384902954,0.3486337661743164,-0.00799158588051796,0.540099561214447,0.3305961489677429,-0.004872730001807213,0.5388827323913574,0.33032870292663574,-0.0048753442242741585,0.5378209352493286,0.32979580760002136,-0.00481143593788147,0.5329369306564331,0.3252776861190796,-0.0033248632680624723,0.51145339012146,0.3098154366016388,0.00985463336110115,0.551358699798584,0.25529053807258606,-0.008049176074564457,0.5483345985412598,0.24030214548110962,0.0024504601024091244,0.5448596477508545,0.24173283576965332,0.004723851103335619,0.5413677096366882,0.3306957185268402,-0.0042726267129182816,0.5119461417198181,0.330540269613266,0.017613735049962997,0.5530270934104919,0.23947827517986298,-0.0052685607224702835,0.5436120629310608,0.3587234616279602,-0.005433587823063135,0.5604763031005859,0.2643451690673828,-0.024407032877206802,0.5552623271942139,0.2582266330718994,-0.01747899502515793,0.5603101253509521,0.2560206353664398,-0.018893374130129814,0.5479260683059692,0.27674394845962524,-0.013726338744163513,0.5613579154014587,0.3725917637348175,-0.011197376064956188,0.5611230134963989,0.3614649176597595,-0.010477482341229916,0.5520972609519958,0.3618156909942627,-0.009274031035602093,0.5307677984237671,0.34546738862991333,0.0015579647151753306,0.5369839072227478,0.299976646900177,-0.0037306651938706636,0.5368500351905823,0.3534327745437622,-0.001829185406677425,0.5233786702156067,0.3003174662590027,-0.00124113739002496,0.5314167141914368,0.30891019105911255,-0.003159364452585578,0.5188164114952087,0.31473198533058167,0.0028382933232933283,0.5503628849983215,0.37272733449935913,-0.009445889852941036,0.5447112321853638,0.2819710671901703,-0.009694631211459637,0.5264333486557007,0.3530159592628479,0.006854021456092596,0.533829391002655,0.3612765371799469,0.00220298720523715,0.525765597820282,0.33568087220191956,0.0030033576767891645,0.5066346526145935,0.3213697373867035,0.02345879375934601,0.5191789865493774,0.33822929859161377,0.00901846494525671,0.5045666694641113,0.3290673494338989,0.0369848906993866,0.5267968773841858,0.32032325863838196,-0.0009676847839727998,0.5481364727020264,0.2694666087627411,-0.009482205845415592,0.5484925508499146,0.2925628423690796,-0.022893758490681648,0.5451290607452393,0.2950420379638672,-0.016652656719088554,0.5508418679237366,0.28647980093955994,-0.027089565992355347,0.5433756113052368,0.2334291636943817,0.0008086800808086991,0.5331445336341858,0.22910191118717194,-0.0002848817966878414,0.5244357585906982,0.22913604974746704,0.00013364764163270593,0.5174843668937683,0.231902614235878,0.0026543790008872747,0.5128340721130371,0.2365199476480484,0.0065388064831495285,0.5106533765792847,0.25118330121040344,0.015691518783569336,0.4953341484069824,0.27551835775375366,0.041879117488861084,0.5152730941772461,0.26207271218299866,0.010725916363298893,0.5211217403411865,0.2639624774456024,0.006955907680094242,0.5288845896720886,0.26353567838668823,0.004363279324024916,0.536391019821167,0.2609676420688629,0.0033313026651740074,0.542356550693512,0.25733286142349243,0.002991739194840193,0.5464017391204834,0.25390398502349854,0.002668506931513548,0.4942620098590851,0.27776044607162476,0.06415122747421265,0.5452824831008911,0.29728126525878906,-0.013833457604050636,0.5516147613525391,0.2704728841781616,-0.01826886646449566,0.5524049997329712,0.29255691170692444,-0.027541782706975937,0.5554216504096985,0.2967612147331238,-0.025423193350434303,0.5524495244026184,0.2941899299621582,-0.024737268686294556,0.5468554496765137,0.2996514141559601,-0.011973095126450062,0.5564447641372681,0.2973862290382385,-0.027004804462194443,0.5570195913314819,0.299400269985199,-0.020276863127946854,0.5464346408843994,0.24719750881195068,0.0056572360917925835,0.5494093894958496,0.24878278374671936,0.0020200929138809443,0.5509994626045227,0.24980071187019348,-0.002333609852939844,0.5186757445335388,0.2464687079191208,0.009435690939426422,0.5142267346382141,0.24317964911460876,0.00977051816880703,0.5651898384094238,0.2655462622642517,-0.022433409467339516,0.6003485321998596,0.24677571654319763,0.009563475847244263,0.5661067366600037,0.2977052330970764,-0.02035555988550186,0.6235814094543457,0.21319580078125,0.038936272263526917,0.5849847793579102,0.2546452283859253,0.0032630625646561384,0.5906169414520264,0.25534820556640625,0.00363937602378428,0.5959656238555908,0.25461265444755554,0.005268980748951435,0.6029037833213806,0.24970296025276184,0.010377103462815285,0.5801371335983276,0.25225549936294556,0.003847234882414341,0.5922956466674805,0.22999024391174316,0.00129221985116601,0.58592689037323,0.23084408044815063,0.0013888769317418337,0.59821617603302,0.23156210780143738,0.003250312991440296,0.6020980477333069,0.2349170744419098,0.005707948934286833,0.6078996062278748,0.2548012137413025,0.013246561400592327,0.5819128751754761,0.36637523770332336,-0.00371350790373981,0.602298378944397,0.24442794919013977,0.011563500389456749,0.6251249313354492,0.2512187361717224,0.03990667685866356,0.6145060658454895,0.2493249475955963,0.019408227875828743,0.5889506340026855,0.28733280301094055,-0.003491759765893221,0.5681431293487549,0.3175792992115021,-0.0167675893753767,0.5673434734344482,0.3255329728126526,-0.014289887621998787,0.575545608997345,0.321433961391449,-0.013549854047596455,0.580346941947937,0.325846791267395,-0.009542420506477356,0.5731686949729919,0.32665520906448364,-0.012116866186261177,0.5778524875640869,0.32852816581726074,-0.008313693106174469,0.5857751965522766,0.3381006121635437,-0.0018178722821176052,0.5656440854072571,0.2928752899169922,-0.030494792386889458,0.5661363005638123,0.2842737138271332,-0.032083187252283096,0.6101155877113342,0.22888438403606415,0.007839139550924301,0.5772560238838196,0.26665425300598145,-0.0036687094252556562,0.5783719420433044,0.2907312512397766,-0.016147354617714882,0.5785436630249023,0.28634607791900635,-0.014268423430621624,0.6065378189086914,0.28660348057746887,0.004098059143871069,0.5656530261039734,0.27400949597358704,-0.02829395979642868,0.5957100987434387,0.21964141726493835,-0.0024680104106664658,0.6040715575218201,0.2227763533592224,0.0021374996285885572,0.6176925301551819,0.19682049751281738,0.027612969279289246,0.5708020925521851,0.22757934033870697,-0.007729401811957359,0.5804716944694519,0.2344714105129242,0.003154037520289421,0.5903286337852478,0.33057838678359985,0.00011173623352078721,0.6178021430969238,0.33260929584503174,0.05172475427389145,0.5742418766021729,0.2957744300365448,-0.013966345228254795,0.5697201490402222,0.2984287738800049,-0.014860780909657478,0.5862067341804504,0.33318066596984863,-0.0004217364767100662,0.5847833156585693,0.33259084820747375,-0.0020194589160382748,0.6073065400123596,0.21740840375423431,0.005410777870565653,0.5785592198371887,0.2945650815963745,-0.013039452955126762,0.5846875905990601,0.22065013647079468,-0.0058625307865440845,0.5854533314704895,0.2136615514755249,-0.006801951676607132,0.5930719971656799,0.1752305030822754,0.005168319214135408,0.6130324602127075,0.20606979727745056,0.014879385009407997,0.5890170931816101,0.1929241418838501,-0.0012607973767444491,0.6136583685874939,0.225302591919899,0.013232075609266758,0.6194068193435669,0.2190552055835724,0.025198912248015404,0.5679356455802917,0.3218947649002075,-0.016221052035689354,0.5743715763092041,0.3243284225463867,-0.013156683184206486,0.5791469812393188,0.32725733518600464,-0.009469054639339447,0.5728596448898315,0.2973307967185974,-0.012935779988765717,0.5854870676994324,0.33290335536003113,-0.0012758071534335613,0.5824244618415833,0.33302342891693115,-0.00525986822322011,0.5839778780937195,0.33225131034851074,-0.002231815131381154,0.5716394782066345,0.2929529547691345,-0.021985666826367378,0.5767456293106079,0.3292965292930603,-0.007289450615644455,0.5721041560173035,0.3281450867652893,-0.00971479993313551,0.5666913390159607,0.3278110921382904,-0.011727872304618359,0.5680180191993713,0.3507412075996399,-0.009369348175823689,0.568061113357544,0.339160680770874,-0.01440222654491663,0.5677299499511719,0.33459073305130005,-0.014738530851900578,0.5673152208328247,0.33080706000328064,-0.013079244643449783,0.5667040348052979,0.3279271721839905,-0.012105267494916916,0.5767617225646973,0.32936471700668335,-0.007518114987760782,0.5777654051780701,0.3310314118862152,-0.008586914278566837,0.578863263130188,0.3332768976688385,-0.00966951996088028,0.5798050761222839,0.33595502376556396,-0.008819332346320152,0.5841842889785767,0.3163716495037079,-0.00729011557996273,0.6248569488525391,0.2912559509277344,0.06257298588752747,0.5802638530731201,0.3307117819786072,-0.004511725157499313,0.5812516808509827,0.3317702114582062,-0.005211233627051115,0.5679856538772583,0.30175521969795227,-0.01523660309612751,0.5765441060066223,0.2996439039707184,-0.008963769301772118,0.5688117146492004,0.3001566529273987,-0.015188791789114475,0.5834922194480896,0.2716776728630066,-0.00183730642311275,0.5930560827255249,0.27707794308662415,-0.0002791215665638447,0.5795299410820007,0.29025158286094666,-0.011046967469155788,0.6078965067863464,0.18378843367099762,0.015538820065557957,0.6032578945159912,0.19700533151626587,0.006284210830926895,0.5975674986839294,0.21289978921413422,-0.0010222864802926779,0.5810650587081909,0.34292998909950256,-0.005047079641371965,0.5721940398216248,0.21607643365859985,-0.009756672196090221,0.574983537197113,0.1922747790813446,-0.005616083741188049,0.5774040222167969,0.17151591181755066,-0.0008536897948943079,0.6003886461257935,0.25293442606925964,0.007907449267804623,0.6142918467521667,0.26062890887260437,0.016446908935904503,0.5768789649009705,0.24996903538703918,0.004704212304204702,0.6080245971679688,0.23896026611328125,0.010990235954523087,0.5731340050697327,0.26091673970222473,-0.005678445566445589,0.5749634504318237,0.2875681221485138,-0.021743062883615494,0.6202650666236877,0.266560822725296,0.022801337763667107,0.6102615594863892,0.26617369055747986,0.010885272175073624,0.6028808951377869,0.26910102367401123,0.005299766547977924,0.592113733291626,0.26831403374671936,0.0025233246851712465,0.584098219871521,0.26509442925453186,0.0012979252496734262,0.5779699683189392,0.2611124813556671,-0.00021312576427590102,0.5655573606491089,0.24925412237644196,-0.011604120954871178,0.61927330493927,0.2844284474849701,0.020523402839899063,0.6126958131790161,0.23819305002689362,0.013882403261959553,0.5637925863265991,0.29754117131233215,-0.027847127988934517,0.5767590999603271,0.27444690465927124,-0.00634706299751997,0.6271026134490967,0.2516203224658966,0.05994066968560219,0.5732945799827576,0.25647956132888794,-0.0009577395976521075,0.5799652934074402,0.29107359051704407,-0.005127337295562029,0.6048856973648071,0.24475699663162231,0.012710178270936012,0.5749632716178894,0.28223589062690735,-0.019364478066563606,0.6221399903297424,0.3119162321090698,0.05879274383187294,0.5767702460289001,0.24704580008983612,0.006306893657892942,0.5703598260879517,0.27718329429626465,-0.02490094304084778,0.6057751178741455,0.3491189777851105,0.019539495930075645,0.6050912737846375,0.35962188243865967,0.029538877308368683,0.6239184737205505,0.2879231572151184,0.04156247526407242,0.6127719879150391,0.33854520320892334,0.027656976133584976,0.622528076171875,0.23384824395179749,0.03432752937078476,0.5830897688865662,0.37491798400878906,-0.0007369653321802616,0.5631555914878845,0.29960909485816956,-0.020307932049036026,0.5819250345230103,0.2807720899581909,-0.004389053676277399,0.6198192834854126,0.2511789798736572,0.02539624460041523,0.5951491594314575,0.24996164441108704,0.005901917815208435,0.5904635190963745,0.2507760524749756,0.004376647528260946,0.5835174918174744,0.33457401394844055,-0.004322418011724949,0.6179286241531372,0.30182111263275146,0.021526722237467766,0.5729506015777588,0.38600534200668335,0.00023724570928607136,0.5894262790679932,0.37657850980758667,0.012678212486207485,0.5966606140136719,0.3698022961616516,0.02006654068827629,0.5857614874839783,0.25017249584198,0.00413080770522356,0.5812820792198181,0.24873194098472595,0.004958365578204393,0.5783213973045349,0.24791112542152405,0.00617110263556242,0.6169613599777222,0.23657572269439697,0.020000219345092773,0.5817952156066895,0.2410033494234085,0.004222307354211807,0.5865297913551331,0.23870153725147247,0.0031364497262984514,0.5912052392959595,0.2383042275905609,0.00339685776270926,0.595944344997406,0.23953357338905334,0.004868820775300264,0.5989716649055481,0.24148185551166534,0.006874494254589081,0.6263011693954468,0.23040124773979187,0.050958845764398575,0.5982356071472168,0.24840471148490906,0.007860335521399975,0.5786901712417603,0.31149840354919434,-0.010001312009990215,0.5742929577827454,0.294346421957016,-0.01611347310245037,0.568405032157898,0.3088432252407074,-0.015193295665085316,0.5982194542884827,0.3597070276737213,0.012871132232248783,0.5908538699150085,0.3674914240837097,0.006296592764556408,0.5733543038368225,0.38001328706741333,-0.006806786637753248,0.6118801832199097,0.3482842743396759,0.041081324219703674,0.5783346891403198,0.24453239142894745,0.005431974306702614,0.5693569183349609,0.26233214139938354,-0.013675276190042496,0.581737220287323,0.3821248412132263,0.005182325839996338,0.6215552687644958,0.3068273365497589,0.03980299085378647,0.5721138715744019,0.3282466530799866,-0.010027834214270115,0.5730641484260559,0.3306598961353302,-0.011180823668837547,0.573842465877533,0.3338051736354828,-0.012479348108172417,0.5744929909706116,0.33787450194358826,-0.011983505450189114,0.5751760005950928,0.34730803966522217,-0.00801139883697033,0.581703245639801,0.33057692646980286,-0.004967632703483105,0.5828956961631775,0.33026790618896484,-0.004986730869859457,0.5839622616767883,0.3296930491924286,-0.004928841721266508,0.58845454454422,0.32284554839134216,-0.0035572268534451723,0.6107874512672424,0.30539417266845703,0.009386111050844193,0.5692121386528015,0.2544419467449188,-0.008192172273993492,0.5722024440765381,0.24028490483760834,0.002226212527602911,0.5758053660392761,0.24136251211166382,0.00441241730004549,0.5803161859512329,0.33070817589759827,-0.004367985762655735,0.6108797788619995,0.32591307163238525,0.017168458551168442,0.5669342279434204,0.2399938851594925,-0.0053974324837327,0.5788010954856873,0.35701829195022583,-0.005519096273928881,0.5654078125953674,0.2577042877674103,-0.017566388472914696,0.5733485817909241,0.2755660116672516,-0.013935793191194534,0.5702887773513794,0.3609529137611389,-0.00931816641241312,0.5914228558540344,0.34268513321876526,0.0013698620023205876,0.5846849679946899,0.2979535162448883,-0.00404419656842947,0.5854785442352295,0.3511123061180115,-0.0019748141057789326,0.5983412861824036,0.29708531498908997,-0.0015881459694355726,0.5902923345565796,0.30640724301338196,-0.00346515909768641,0.6032956838607788,0.3110291063785553,0.0024786219000816345,0.5725048780441284,0.3716799020767212,-0.009534153155982494,0.5767432451248169,0.2804853618144989,-0.009971494786441326,0.5964466333389282,0.34965354204177856,0.006632157135754824,0.5890277028083801,0.35856127738952637,0.0020241050515323877,0.5962727069854736,0.3325364589691162,0.002800843445584178,0.6161798238754272,0.3163102865219116,0.02291666902601719,0.6034669876098633,0.33430907130241394,0.008739113807678223,0.6184505820274353,0.3237096071243286,0.03631077706813812,0.5949844121932983,0.317394495010376,-0.0012238869676366448,0.5728874802589417,0.2682986557483673,-0.009707825258374214,0.5733597874641418,0.2913644015789032,-0.023060576990246773,0.5767215490341187,0.2935701906681061,-0.01689790189266205,0.5708250403404236,0.28549572825431824,-0.027169909328222275,0.5761898756027222,0.23291096091270447,0.0005325819365680218,0.5852793455123901,0.22725382447242737,-0.0005583625752478838,0.5934984087944031,0.22617292404174805,-0.00024591622059233487,0.6004371047019958,0.22812065482139587,0.002200935734435916,0.6053871512413025,0.23225943744182587,0.005961988121271133,0.609010636806488,0.24699874222278595,0.015087626874446869,0.6253752112388611,0.2694163918495178,0.041103262454271317,0.6047553420066833,0.258370965719223,0.010113133117556572,0.5990268588066101,0.26083019375801086,0.00643113674595952,0.5915781259536743,0.26122763752937317,0.003915410954505205,0.5844303965568542,0.259447306394577,0.0029379166662693024,0.5787954330444336,0.2564938962459564,0.0026671767700463533,0.5748404860496521,0.2535198926925659,0.002376469550654292,0.6263014078140259,0.27150148153305054,0.06340277940034866,0.5765213370323181,0.29585546255111694,-0.014063507318496704,0.5694690942764282,0.2696116864681244,-0.018439358100295067,0.569456160068512,0.29170796275138855,-0.027634741738438606,0.5664952993392944,0.2962148189544678,-0.025473810732364655,0.56944739818573,0.2934030294418335,-0.024850541725754738,0.5749406814575195,0.2984127402305603,-0.012162156403064728,0.5655049085617065,0.29693496227264404,-0.027037883177399635,0.564864456653595,0.2989928424358368,-0.020324770361185074,0.574709951877594,0.24715378880500793,0.005385360214859247,0.5716850757598877,0.2487676739692688,0.0017720067407935858,0.5697336792945862,0.24992534518241882,-0.0025043829809874296,0.6007750630378723,0.24301999807357788,0.00892755575478077,0.6047161817550659,0.23916319012641907,0.0092100715264678,0.5295518636703491,0.2458457499742508,0.0065187569707632065,0.5361254811286926,0.245228111743927,0.0065187569707632065,0.5290918350219727,0.23842701315879822,0.0065187569707632065,0.5229611396789551,0.24639467895030975,0.0065187569707632065,0.529975950717926,0.25320756435394287,0.0065187569707632065,0.5907331109046936,0.24371293187141418,0.00610571913421154,0.5969893932342529,0.2437511384487152,0.00610571913421154,0.5907451510429382,0.23593105375766754,0.00610571913421154,0.5845208764076233,0.2436305731534958,0.00610571913421154,0.5907426476478577,0.251518189907074,0.00610571913421154
1533.3333333333326,0.5599124431610107,0.32340019941329956,-0.016676144674420357,0.5613928437232971,0.29696834087371826,-0.030747316777706146,0.5612260103225708,0.30554381012916565,-0.01623496599495411,0.5561803579330444,0.2696627080440521,-0.02272600121796131,0.5612989664077759,0.2881527245044708,-0.032649651169776917,0.5610798001289368,0.27704402804374695,-0.03019983507692814,0.560514509677887,0.2507622539997101,-0.014646061696112156,0.5193073153495789,0.2526618242263794,0.008870593272149563,0.5600744485855103,0.23218944668769836,-0.010924845933914185,0.5598695874214172,0.22065366804599762,-0.012127773836255074,0.5592891573905945,0.17498907446861267,-0.004915241152048111,0.559983491897583,0.32644709944725037,-0.016015026718378067,0.560041606426239,0.3297135829925537,-0.01410352997481823,0.5601528286933899,0.33201929926872253,-0.01123764831572771,0.5601949095726013,0.3320939838886261,-0.011657098308205605,0.5602566003799438,0.3353671431541443,-0.01239819172769785,0.5603383779525757,0.33940258622169495,-0.013774429447948933,0.5604955554008484,0.34382715821266174,-0.01317619439214468,0.5613557696342468,0.3543646037578583,-0.007772911339998245,0.5614056587219238,0.3015512526035309,-0.02783849835395813,0.5561626553535461,0.3016424775123596,-0.019957778975367546,0.4949656128883362,0.2219027429819107,0.03733918070793152,0.5358216762542725,0.25871995091438293,0.0026323641650378704,0.529921293258667,0.26001498103141785,0.0030452790670096874,0.5242953300476074,0.2599318027496338,0.004696758929640055,0.517054557800293,0.2560623288154602,0.009780263528227806,0.5408923029899597,0.255942165851593,0.0031698760576546192,0.5263797044754028,0.2358299195766449,0.000299357547191903,0.5332301259040833,0.23596712946891785,0.0003499678859952837,0.5202752351760864,0.2380310595035553,0.0023223357275128365,0.5164550542831421,0.2417077124118805,0.004866929724812508,0.5122905969619751,0.26167166233062744,0.012769259512424469,0.5414463877677917,0.37116968631744385,-0.001551913795992732,0.5172519683837891,0.2507598102092743,0.010833468288183212,0.49476099014282227,0.25958511233329773,0.039325714111328125,0.5054875612258911,0.25679993629455566,0.018823347985744476,0.5330040454864502,0.29274654388427734,-0.003229668829590082,0.5525692105293274,0.32167577743530273,-0.01586947962641716,0.5537073612213135,0.32954591512680054,-0.01325176190584898,0.5456287860870361,0.3251779079437256,-0.012548435479402542,0.541226863861084,0.3291853368282318,-0.008565428666770458,0.548271894454956,0.33038127422332764,-0.011034311726689339,0.5439903140068054,0.33189138770103455,-0.007311092223972082,0.536512553691864,0.3431455194950104,-0.000575600191950798,0.5567322969436646,0.29703107476234436,-0.030209403485059738,0.5559298396110535,0.2886260151863098,-0.03192935138940811,0.5078122019767761,0.23650458455085754,0.006838666740804911,0.5440685153007507,0.27131107449531555,-0.0039491490460932255,0.5438680648803711,0.2956867218017578,-0.015764418989419937,0.5435109734535217,0.2912777364253998,-0.013952981680631638,0.5155287981033325,0.2933879494667053,0.004349226132035255,0.5560603737831116,0.2782992720603943,-0.028354328125715256,0.5214062333106995,0.22572988271713257,-0.0037913734558969736,0.5132350325584412,0.2298283576965332,0.0009280667291022837,0.500549852848053,0.20529329776763916,0.02566159889101982,0.5480062365531921,0.23061543703079224,-0.00901588425040245,0.5393071174621582,0.23880721628665924,0.002171311294659972,0.5319229364395142,0.33603161573410034,0.001175458892248571,0.5055935382843018,0.3390979468822479,0.05314404144883156,0.5480684638023376,0.30027714371681213,-0.013611062429845333,0.5525670647621155,0.3024818003177643,-0.014429098926484585,0.5365201830863953,0.335921049118042,0.0005053338245488703,0.5379206538200378,0.3354065418243408,-0.001104242168366909,0.5098476409912109,0.2250499129295349,0.004047158174216747,0.5436631441116333,0.2993200421333313,-0.012598675675690174,0.532899022102356,0.22532929480075836,-0.007191343232989311,0.5315155386924744,0.2186918705701828,-0.008295256644487381,0.5250145792961121,0.1817968785762787,0.002764595439657569,0.5056392550468445,0.21426889300346375,0.013190697878599167,0.5293362736701965,0.19921459257602692,-0.003288546111434698,0.5043396949768066,0.23334044218063354,0.012074390426278114,0.49961555004119873,0.22745077311992645,0.02383369766175747,0.5529840588569641,0.3259407579898834,-0.01522843912243843,0.546944260597229,0.3280361294746399,-0.01210120040923357,0.5425593852996826,0.3306266963481903,-0.008458861149847507,0.5493653416633606,0.30164629220962524,-0.012521272525191307,0.5372435450553894,0.335677832365036,-0.00035677707637660205,0.5398988723754883,0.33609309792518616,-0.004202243871986866,0.5386912822723389,0.335116982460022,-0.00131558149587363,0.5506433844566345,0.29741835594177246,-0.021661123260855675,0.5450996160507202,0.3327319324016571,-0.006243637762963772,0.5493429899215698,0.33190006017684937,-0.008580419234931469,0.5544350743293762,0.3318060040473938,-0.010559412650763988,0.5544228553771973,0.3545183539390564,-0.00756930373609066,0.5533964037895203,0.34348875284194946,-0.012828762643039227,0.5535160899162292,0.3390156328678131,-0.013307503424584866,0.5538783073425293,0.33500024676322937,-0.01175678800791502,0.5544498562812805,0.3318760395050049,-0.010951580479741096,0.5451331734657288,0.3327581286430359,-0.006478884723037481,0.5441228151321411,0.33451613783836365,-0.007449818309396505,0.542990505695343,0.3367544710636139,-0.008438844233751297,0.5420927405357361,0.3393523693084717,-0.00755172036588192,0.5379507541656494,0.3214785158634186,-0.006455081980675459,0.4967370927333832,0.29854077100753784,0.06292799115180969,0.5613304376602173,0.3035152852535248,-0.020296290516853333,0.5420225262641907,0.33382001519203186,-0.003541054902598262,0.5410290956497192,0.334879994392395,-0.004164361860603094,0.5543460249900818,0.305596262216568,-0.014667436480522156,0.5456827282905579,0.3040792644023895,-0.008416573517024517,0.5535230040550232,0.30407342314720154,-0.014712837524712086,0.5379691123962402,0.27673643827438354,-0.001965711824595928,0.5286068320274353,0.2828407287597656,-0.0002478919632267207,0.5425875186920166,0.29507750272750854,-0.010674997232854366,0.5102011561393738,0.19156602025032043,0.013328957371413708,0.5151499509811401,0.2044495940208435,0.004434863105416298,0.5191366076469421,0.21951662003993988,-0.002488916739821434,0.5412840843200684,0.347700834274292,-0.00363010517321527,0.545595645904541,0.21952223777770996,-0.011298791505396366,0.5435592532157898,0.1973145306110382,-0.007756201550364494,0.5407915115356445,0.17671865224838257,-0.003416826482862234,0.5197109580039978,0.25877845287323,0.007332109846174717,0.5062368512153625,0.26783567667007446,0.01612016372382641,0.5442085862159729,0.2532893717288971,0.003938290290534496,0.5108705163002014,0.2461903989315033,0.01022360473871231,0.5480402708053589,0.26535066962242126,-0.006083261221647263,0.5471695065498352,0.2923870086669922,-0.02147120237350464,0.5008372068405151,0.27454447746276855,0.022650079801678658,0.5103505253791809,0.2732125222682953,0.010696645826101303,0.5178624987602234,0.2756717801094055,0.005170935299247503,0.528947651386261,0.27371373772621155,0.0023414259776473045,0.5371831059455872,0.2696782052516937,0.0010043068323284388,0.5433751344680786,0.2650536000728607,-0.0006519994931295514,0.5551772713661194,0.2532319128513336,-0.012354323640465736,0.5027598142623901,0.2921081483364105,0.02078980579972267,0.5062494874000549,0.24574103951454163,0.013047969900071621,0.5585895776748657,0.301410973072052,-0.027493229135870934,0.5448635816574097,0.27910399436950684,-0.00640312023460865,0.4925183653831482,0.25990787148475647,0.05922611430287361,0.5479002594947815,0.25994813442230225,-0.0015205087838694453,0.5421509742736816,0.29579365253448486,-0.004732586443424225,0.5147311687469482,0.25152459740638733,0.01199018768966198,0.546981692314148,0.28704628348350525,-0.019211528822779655,0.5004155039787292,0.3187546730041504,0.05965469032526016,0.5442766547203064,0.2502686381340027,0.005411510355770588,0.5513855218887329,0.2817787230014801,-0.024870432913303375,0.5178885459899902,0.35559365153312683,0.021339748054742813,0.5188751816749573,0.3658130168914795,0.031619101762771606,0.4978685677051544,0.295688271522522,0.04194929823279381,0.5108239054679871,0.345384418964386,0.029271209612488747,0.496771901845932,0.2422322779893875,0.033312663435935974,0.5405080914497375,0.3799668550491333,0.0017693366389721632,0.5591310262680054,0.303286612033844,-0.01988687552511692,0.5398375988006592,0.2856859862804413,-0.004280894063413143,0.5007302761077881,0.2586408257484436,0.02485508844256401,0.5247191190719604,0.2549184262752533,0.005202662665396929,0.5296393632888794,0.2552141547203064,0.003681664355099201,0.5388553142547607,0.33754977583885193,-0.0032492426689714193,0.5047905445098877,0.3091791272163391,0.022236844524741173,0.5506806373596191,0.3902266323566437,0.0029634844977408648,0.5343977212905884,0.38209599256515503,0.015163871459662914,0.5272881388664246,0.3756694197654724,0.022342553362250328,0.5595317482948303,0.19684948027133942,-0.00913458876311779,0.5619332790374756,0.3906763792037964,0.0012095943093299866,0.5346519947052002,0.2541981339454651,0.0033766182605177164,0.539426863193512,0.25239354372024536,0.004130030516535044,0.5426359176635742,0.25125816464424133,0.005300819408148527,0.5022305250167847,0.24451807141304016,0.0191440861672163,0.538618803024292,0.24511520564556122,0.003235012758523226,0.5334340929985046,0.24348829686641693,0.0021531879901885986,0.5283538699150085,0.24357707798480988,0.002432538429275155,0.5233547687530518,0.24533726274967194,0.003987997304648161,0.5202828049659729,0.2476041615009308,0.006052865646779537,0.49256253242492676,0.23903153836727142,0.049717824906110764,0.521492600440979,0.25385066866874695,0.0071529787965118885,0.5612369179725647,0.31202104687690735,-0.014936070889234543,0.5435552000999451,0.3162098526954651,-0.009269913658499718,0.5479990839958191,0.29891589283943176,-0.015770163387060165,0.5538377165794373,0.312796950340271,-0.014498052187263966,0.5603019595146179,0.241470605134964,-0.010492981411516666,0.525457501411438,0.3656376004219055,0.014913437888026237,0.5327322483062744,0.3730650544166565,0.008605102077126503,0.550216794013977,0.384207546710968,-0.004149500746279955,0.5120202302932739,0.3546754717826843,0.04288926348090172,0.5424380898475647,0.24802115559577942,0.004504208918660879,0.5518816709518433,0.2666323781013489,-0.014051785692572594,0.5618718862533569,0.3844706118106842,-0.005652274005115032,0.5419513583183289,0.3871622085571289,0.007833988405764103,0.5010039210319519,0.31420791149139404,0.04064327850937843,0.5493651628494263,0.331973135471344,-0.008929498493671417,0.5483746528625488,0.33457401394844055,-0.009936954826116562,0.5475829839706421,0.3378155529499054,-0.011124529875814915,0.5470753908157349,0.341823548078537,-0.010539501905441284,0.5471900701522827,0.3517189025878906,-0.006453998386859894,0.5406589508056641,0.3336748778820038,-0.004057361278682947,0.5393252968788147,0.3333468437194824,-0.004085179418325424,0.5381888151168823,0.33274418115615845,-0.004051996860653162,0.5336815714836121,0.32825133204460144,-0.0026857478078454733,0.5118810534477234,0.31232714653015137,0.0100353192538023,0.5517087578773499,0.25862330198287964,-0.008782981894910336,0.5482937097549438,0.24345102906227112,0.0012152896961197257,0.5447275638580322,0.24481141567230225,0.0034486763179302216,0.5420372486114502,0.33384016156196594,-0.003410907229408622,0.5123089551925659,0.3327888250350952,0.01832561567425728,0.5531217455863953,0.24276159703731537,-0.006413799244910479,0.5441200733184814,0.36159324645996094,-0.003638820257037878,0.5608941316604614,0.2680569887161255,-0.024755507707595825,0.5556493401527405,0.2617952525615692,-0.018097292631864548,0.5607057809829712,0.2596410810947418,-0.019499238580465317,0.5483424663543701,0.2801044285297394,-0.013982162810862064,0.5617140531539917,0.3757418990135193,-0.008755980990827084,0.5615279078483582,0.36465078592300415,-0.0083105294033885,0.5525964498519897,0.3648565113544464,-0.007180874235928059,0.5313032269477844,0.3481179475784302,0.0028011153917759657,0.5374646186828613,0.30297374725341797,-0.0035449236165732145,0.5373486876487732,0.35615482926368713,-0.00029244195320643485,0.5238591432571411,0.303200364112854,-0.001122638350352645,0.5319820642471313,0.3118361532688141,-0.002841583453118801,0.5193268656730652,0.3174191415309906,0.003217055695131421,0.5508027076721191,0.37569642066955566,-0.0071032606065273285,0.5451486110687256,0.2852008640766144,-0.009853648021817207,0.5268121361732483,0.3555304706096649,0.008299685083329678,0.5342066287994385,0.3639701008796692,0.004017236176878214,0.5263427495956421,0.3383614122867584,0.003950164187699556,0.5069534778594971,0.32348865270614624,0.023893535137176514,0.5195887684822083,0.3407209813594818,0.00997227430343628,0.5047488212585449,0.33082157373428345,0.03760415315628052,0.5274347066879272,0.32315123081207275,-0.0004510653088800609,0.5485166311264038,0.2727543115615845,-0.0099099176004529,0.5489139556884766,0.29603224992752075,-0.02278309129178524,0.5455775856971741,0.29836326837539673,-0.016476791352033615,0.5512737035751343,0.2901368737220764,-0.0270218625664711,0.5433684587478638,0.23658323287963867,-0.000597313279286027,0.533185601234436,0.2321901172399521,-0.0017797740874812007,0.5244627594947815,0.23215731978416443,-0.0013743299059569836,0.5174798965454102,0.23485684394836426,0.0011592271039262414,0.5128040909767151,0.23943115770816803,0.005062521435320377,0.5107145309448242,0.253991037607193,0.014418504200875759,0.4954582154750824,0.2775433361530304,0.04099128022789955,0.5155477523803711,0.2648891806602478,0.009732024744153023,0.521480917930603,0.2667979300022125,0.006048502866178751,0.5292347073554993,0.26633745431900024,0.003519731340929866,0.5366543531417847,0.2637966275215149,0.002478686859831214,0.54249507188797,0.2602856457233429,0.0021208706311881542,0.5464574098587036,0.2569659352302551,0.0017552450299263,0.4943373501300812,0.27924543619155884,0.06315823644399643,0.5457348227500916,0.3005284070968628,-0.013619559817016125,0.5520250201225281,0.27400413155555725,-0.01859857887029648,0.5528179407119751,0.2961615025997162,-0.027371879667043686,0.5557990670204163,0.3002576529979706,-0.025139331817626953,0.5528455972671509,0.2976856231689453,-0.024550683796405792,0.5472972393035889,0.3028566837310791,-0.011680583469569683,0.5568367838859558,0.3009360134601593,-0.02669551782310009,0.5573933124542236,0.30283743143081665,-0.01991165056824684,0.54630047082901,0.2503008544445038,0.004527645651251078,0.5493972301483154,0.2519225478172302,0.0009917204733937979,0.5511077642440796,0.2530219554901123,-0.0032444503158330917,0.518584668636322,0.24928860366344452,0.008125272579491138,0.5141793489456177,0.246079683303833,0.00843102764338255,0.565596342086792,0.26921579241752625,-0.02273729257285595,0.6001432538032532,0.24968715012073517,0.008776342496275902,0.5664989948272705,0.301168829202652,-0.01997348666191101,0.6236332654953003,0.2159045934677124,0.03740311414003372,0.5847007632255554,0.25752270221710205,0.0025444431230425835,0.5904213786125183,0.2581847012042999,0.0029650612268596888,0.5958324074745178,0.257415235042572,0.004615847487002611,0.6027416586875916,0.25256192684173584,0.009692390449345112,0.5797555446624756,0.25517067313194275,0.0030779396183788776,0.5920329093933105,0.23305946588516235,0.00023213292297441512,0.5855739712715149,0.2338467240333557,0.00026749461540021,0.5980084538459778,0.23463064432144165,0.0022603292018175125,0.6019151210784912,0.2379443347454071,0.004770120605826378,0.6077920794487,0.2575393617153168,0.012688666582107544,0.5820347666740417,0.3690403401851654,-0.0014906185679137707,0.6020569205284119,0.2474151998758316,0.010751909576356411,0.6251850128173828,0.25356441736221313,0.039253655821084976,0.6142876148223877,0.2520676553249359,0.018718354403972626,0.5891286730766296,0.2903348505496979,-0.0032861882355064154,0.5673707127571106,0.3213644325733185,-0.015898779034614563,0.5666083693504333,0.3293648362159729,-0.013283412903547287,0.5749393701553345,0.3246936798095703,-0.012631264515221119,0.5797853469848633,0.32859620451927185,-0.00861208327114582,0.5725171566009521,0.3300676941871643,-0.011120885610580444,0.577177107334137,0.3314908742904663,-0.00733304163441062,0.5858535766601562,0.3408457040786743,-0.0005158836720511317,0.5660438537597656,0.2965998649597168,-0.030223233625292778,0.5665603876113892,0.28810182213783264,-0.03195270523428917,0.6098276376724243,0.2318221926689148,0.006723308004438877,0.5774931907653809,0.26976510882377625,-0.004006019793450832,0.5786443948745728,0.29408973455429077,-0.015863578766584396,0.578792929649353,0.28966718912124634,-0.014071120880544186,0.6065874695777893,0.2894279658794403,0.004319483879953623,0.5660762190818787,0.2777799963951111,-0.02837626077234745,0.5955474376678467,0.22277238965034485,-0.003798953490331769,0.6038203835487366,0.22585511207580566,0.0008896518847905099,0.6178142428398132,0.1997992992401123,0.025711026042699814,0.5707507729530334,0.2302539050579071,-0.009042540565133095,0.580051064491272,0.23738056421279907,0.002046299399808049,0.5903418064117432,0.3333888649940491,0.0012513200053945184,0.6175391674041748,0.33378666639328003,0.053267329931259155,0.5745483636856079,0.29907476902008057,-0.01362686324864626,0.5700563192367554,0.30173933506011963,-0.014431501738727093,0.5855377316474915,0.3353177309036255,0.0006193079170770943,0.5840820074081421,0.33487626910209656,-0.0010183718986809254,0.6069834232330322,0.22049106657505035,0.004002286586910486,0.5788033604621887,0.2978101372718811,-0.012677567079663277,0.584618091583252,0.22357095777988434,-0.00723511166870594,0.585411787033081,0.2166154682636261,-0.008343891240656376,0.593341588973999,0.1786212921142578,0.0027512158267199993,0.6132627129554749,0.209078848361969,0.013170655816793442,0.5893997550010681,0.19626829028129578,-0.003336144145578146,0.6133171319961548,0.22817012667655945,0.011999594047665596,0.6195410490036011,0.22186395525932312,0.023731332272291183,0.5671592950820923,0.3256811797618866,-0.015285775996744633,0.5737292170524597,0.32764023542404175,-0.012192134745419025,0.5785204172134399,0.3301178216934204,-0.008508262224495411,0.5731684565544128,0.30060043931007385,-0.012560749426484108,0.584797203540802,0.33512231707572937,-0.00026015398907475173,0.5819480419158936,0.33565807342529297,-0.004145316779613495,0.583272397518158,0.33460918068885803,-0.001228490611538291,0.5719845294952393,0.2964305877685547,-0.021711833775043488,0.5760871767997742,0.33235645294189453,-0.006244060583412647,0.5714791417121887,0.3316384553909302,-0.008627300150692463,0.5660439133644104,0.33167266845703125,-0.010600537061691284,0.5683931708335876,0.3539012372493744,-0.0075437393970787525,0.5677147507667542,0.3433508276939392,-0.01282241940498352,0.5672593712806702,0.3388656675815582,-0.013307864777743816,0.5667317509651184,0.3348614573478699,-0.011780590750277042,0.5660912394523621,0.3317677974700928,-0.010971132665872574,0.5761083364486694,0.3324649930000305,-0.0064689405262470245,0.5772503614425659,0.3341769278049469,-0.007426174823194742,0.5785183310508728,0.3364194333553314,-0.008418395183980465,0.5795978307723999,0.338989794254303,-0.007512668147683144,0.5843318104743958,0.3194397985935211,-0.006515298970043659,0.6246374845504761,0.29276183247566223,0.06305528432130814,0.5795984864234924,0.33343571424484253,-0.0035051661543548107,0.5806787014007568,0.3344712257385254,-0.004131636582314968,0.5683232545852661,0.30506059527397156,-0.014689107425510883,0.5767861008644104,0.30281418561935425,-0.00849451869726181,0.569146454334259,0.30346646904945374,-0.01471184752881527,0.5836707353591919,0.27471786737442017,-0.0020152356009930372,0.593192994594574,0.28007546067237854,-0.000295804173219949,0.5797517895698547,0.29347121715545654,-0.010772286914288998,0.6081157922744751,0.18698148429393768,0.013363146223127842,0.6035968661308289,0.2001693844795227,0.004378597717732191,0.59739750623703,0.21604910492897034,-0.0025564078241586685,0.5812548398971558,0.3457750082015991,-0.003573355730623007,0.5721853971481323,0.21879126131534576,-0.011320265009999275,0.5753286480903625,0.1957770586013794,-0.007776876911520958,0.5776646733283997,0.17499908804893494,-0.0034212658647447824,0.6002533435821533,0.2557430863380432,0.007257501594722271,0.6142318248748779,0.2633053958415985,0.016024744138121605,0.5764397978782654,0.2528991401195526,0.003865179605782032,0.6078396439552307,0.2418648600578308,0.010086406953632832,0.5734066963195801,0.2641241252422333,-0.006128550041466951,0.5752859711647034,0.2910842299461365,-0.02153605781495571,0.6203116178512573,0.2691071033477783,0.022572964429855347,0.6103330254554749,0.26882851123809814,0.010605000890791416,0.603045642375946,0.2717970907688141,0.005065165460109711,0.592197060585022,0.2710563540458679,0.002253035083413124,0.5840802192687988,0.2678963541984558,0.0009230864234268665,0.577892541885376,0.26397353410720825,-0.0007034324808046222,0.5658913254737854,0.2527067959308624,-0.012362786568701267,0.6192666888237,0.28688591718673706,0.020719241350889206,0.6124868392944336,0.24101975560188293,0.01293193269520998,0.5641935467720032,0.30113568902015686,-0.027499236166477203,0.5769979357719421,0.2776201367378235,-0.00648046750575304,0.6270454525947571,0.25365495681762695,0.05936504527926445,0.5732097625732422,0.2593710422515869,-0.0015907419146969914,0.5801581740379333,0.2941882610321045,-0.004859899170696735,0.6046931743621826,0.24769091606140137,0.011922700330615044,0.5752671360969543,0.2856971323490143,-0.019271541386842728,0.6218993663787842,0.31320643424987793,0.05981060862541199,0.576248049736023,0.24999360740184784,0.005362439900636673,0.5707400441169739,0.28081780672073364,-0.02490667626261711,0.6057250499725342,0.35107043385505676,0.02132146805524826,0.6050115823745728,0.3611533045768738,0.03168468177318573,0.6238596439361572,0.2899186611175537,0.04184582829475403,0.6126267313957214,0.3403302729129791,0.029211625456809998,0.6226321458816528,0.23643580079078674,0.033223945647478104,0.5832314491271973,0.3775937557220459,0.0017884955741465092,0.5635516047477722,0.30309033393859863,-0.019887298345565796,0.5821253061294556,0.2838406562805176,-0.00436011515557766,0.6194836497306824,0.25383272767066956,0.024735379964113235,0.5949550867080688,0.2528168261051178,0.005136112216860056,0.5902273654937744,0.2536436915397644,0.0036022262647747993,0.5831341743469238,0.33705875277519226,-0.0031715850345790386,0.6178483963012695,0.3040766417980194,0.022161904722452164,0.5731860995292664,0.388931006193161,0.0030365698039531708,0.5895385146141052,0.378743439912796,0.015180155634880066,0.5966964960098267,0.37163665890693665,0.02238825336098671,0.5854419469833374,0.2530812919139862,0.0033165623899549246,0.5808498859405518,0.25167346000671387,0.004094608593732119,0.5778235793113708,0.2508629560470581,0.005259225144982338,0.6166619658470154,0.23931124806404114,0.019013909623026848,0.5813042521476746,0.2440037876367569,0.003192953299731016,0.5861132740974426,0.241753488779068,0.002110060304403305,0.590877890586853,0.2413884401321411,0.0024004564620554447,0.5956640839576721,0.24260565638542175,0.003927296958863735,0.5987244248390198,0.24452084302902222,0.005980321671813726,0.6263177990913391,0.23279182612895966,0.04985647276043892,0.598039448261261,0.25128334760665894,0.007091269828379154,0.5789283514022827,0.3146648406982422,-0.009284314699470997,0.5746058821678162,0.2977047860622406,-0.015834327787160873,0.5687846541404724,0.3121569752693176,-0.014508100226521492,0.5982323884963989,0.36179640889167786,0.014933215454220772,0.590923011302948,0.3698350191116333,0.008613602258265018,0.5735859274864197,0.38295382261276245,-0.004144508391618729,0.6116841435432434,0.3495584726333618,0.042981185019016266,0.5778197050094604,0.24749936163425446,0.004448124673217535,0.5696976184844971,0.26577213406562805,-0.014095171354711056,0.5819282531738281,0.38471221923828125,0.007865656167268753,0.6214271783828735,0.3086286783218384,0.040553029626607895,0.571513295173645,0.33176088333129883,-0.008932565338909626,0.5725684762001038,0.33431652188301086,-0.009943360462784767,0.5735232830047607,0.3375648558139801,-0.01114032045006752,0.5743117332458496,0.34157130122184753,-0.010549517348408699,0.5754657983779907,0.3503178656101227,-0.006367044057697058,0.580974817276001,0.33313652873039246,-0.00399860180914402,0.5822290182113647,0.33272117376327515,-0.004027131944894791,0.5833644270896912,0.3320493996143341,-0.003981214482337236,0.5885170102119446,0.32581013441085815,-0.0026743507478386164,0.6107655763626099,0.30790001153945923,0.010060780681669712,0.5695182085037231,0.257777601480484,-0.008809728547930717,0.5718749165534973,0.2431311011314392,0.0011314615840092301,0.575345516204834,0.24425166845321655,0.0033514495007693768,0.5796079635620117,0.3333932161331177,-0.0033595971763134003,0.6107898950576782,0.32808148860931396,0.01835394650697708,0.5668509602546692,0.2428187131881714,-0.0064633931033313274,0.578982412815094,0.3597613573074341,-0.0035958781372755766,0.5657862424850464,0.26127389073371887,-0.018124956637620926,0.5736504197120667,0.2789316177368164,-0.014048679731786251,0.5705597996711731,0.3639415204524994,-0.007165275048464537,0.5915118455886841,0.3452315926551819,0.0028494070284068584,0.5848679542541504,0.30094581842422485,-0.0036347832065075636,0.5856109857559204,0.35368847846984863,-0.00025018269661813974,0.5984619855880737,0.2999671697616577,-0.0011229913216084242,0.5904387831687927,0.3093234598636627,-0.002888221526518464,0.6033324003219604,0.3136960566043854,0.0032311263494193554,0.572731077671051,0.37459278106689453,-0.007102546282112598,0.576977550983429,0.2837226688861847,-0.009952440857887268,0.5964863300323486,0.3519962430000305,0.008375376462936401,0.589113175868988,0.3610493540763855,0.004064411856234074,0.5963203310966492,0.33515262603759766,0.004040111787617207,0.6160581707954407,0.31839102506637573,0.023897893726825714,0.6034679412841797,0.33667582273483276,0.0100631732493639,0.6182783246040344,0.3254087567329407,0.037521716207265854,0.5950524210929871,0.3202112019062042,-0.00041684057214297354,0.5731832385063171,0.27159416675567627,-0.009979397989809513,0.573699414730072,0.2948765158653259,-0.0228164903819561,0.5770127773284912,0.2969300150871277,-0.0165705569088459,0.5712044835090637,0.2891758680343628,-0.027000853791832924,0.5759003162384033,0.23568159341812134,-0.0006981241167522967,0.5850635766983032,0.23022159934043884,-0.0017963267164304852,0.5933371782302856,0.22925861179828644,-0.0014065193245187402,0.6002711653709412,0.23119375109672546,0.0011223425390198827,0.6052073240280151,0.23525568842887878,0.0049563623033463955,0.6088448762893677,0.2498602420091629,0.014340007677674294,0.6253750920295715,0.27159154415130615,0.04092343524098396,0.6047036647796631,0.26110735535621643,0.009621781297028065,0.5990117192268372,0.2635732591152191,0.005965614691376686,0.5915036201477051,0.26401904225349426,0.00344106531701982,0.5842528939247131,0.262288898229599,0.002382582053542137,0.5785353183746338,0.2593766450881958,0.0020247523207217455,0.5745580196380615,0.25642362236976624,0.001649848883971572,0.6261476874351501,0.2732434570789337,0.06332145631313324,0.5767966508865356,0.2991350591182709,-0.013698140159249306,0.5698347091674805,0.2731456160545349,-0.018656816333532333,0.5698361396789551,0.295347660779953,-0.027377905324101448,0.5668917298316956,0.2997523844242096,-0.025141095742583275,0.5698192715644836,0.29694315791130066,-0.024576762691140175,0.5752154588699341,0.3016395568847656,-0.011745292693376541,0.5659030079841614,0.30051329731941223,-0.026689112186431885,0.5652582049369812,0.30246078968048096,-0.01992272585630417,0.5742430090904236,0.2500768303871155,0.004451098386198282,0.5713862776756287,0.25166648626327515,0.0008913672645576298,0.5696197152137756,0.25282251834869385,-0.0033010668121278286,0.6005387306213379,0.24602940678596497,0.008072824217379093,0.6045418977737427,0.24212820827960968,0.008336870931088924,0.5294619202613831,0.24844646453857422,0.00527821434661746,0.5359756946563721,0.247837632894516,0.00527821434661746,0.5289524793624878,0.24108345806598663,0.00527821434661746,0.5229138135910034,0.24897617101669312,0.00527821434661746,0.5299333333969116,0.2557540535926819,0.00527821434661746,0.5902106165885925,0.24664756655693054,0.0052201710641384125,0.5965460538864136,0.24669696390628815,0.0052201710641384125,0.5902392864227295,0.23888760805130005,0.0052201710641384125,0.5839300155639648,0.24654357135295868,0.0052201710641384125,0.5902155041694641,0.2544403076171875,0.0052201710641384125
1566.6666666666658,0.5601847171783447,0.3245096802711487,-0.016417648643255234,0.5601428151130676,0.29853543639183044,-0.030365251004695892,0.5600195527076721,0.30723080039024353,-0.01596750319004059,0.5550569891929626,0.2710381746292114,-0.02241508848965168,0.5600841641426086,0.2897224724292755,-0.03227837011218071,0.5599231719970703,0.2785471975803375,-0.029876044020056725,0.5595073699951172,0.25201109051704407,-0.014500475488603115,0.518764853477478,0.25403183698654175,0.009233706630766392,0.5591933727264404,0.23322637379169464,-0.010869916528463364,0.5590410828590393,0.22165599465370178,-0.012085586786270142,0.5587437152862549,0.17612120509147644,-0.0048994929529726505,0.5602949857711792,0.327520489692688,-0.015714768320322037,0.5603075623512268,0.3307759165763855,-0.013770806603133678,0.5603247880935669,0.33308395743370056,-0.010830863378942013,0.5603839755058289,0.3332396149635315,-0.011765817180275917,0.5605781078338623,0.33624017238616943,-0.012436183169484138,0.560766339302063,0.340066134929657,-0.013859791681170464,0.5609588623046875,0.34457024931907654,-0.013404273428022861,0.5599469542503357,0.3552831709384918,-0.008199388161301613,0.5601654052734375,0.30314475297927856,-0.02746436931192875,0.5549724102020264,0.30320680141448975,-0.019589710980653763,0.4947846531867981,0.22237984836101532,0.0378187820315361,0.5353167057037354,0.26017245650291443,0.002880307612940669,0.5293923020362854,0.2614445984363556,0.0033686335664242506,0.5237587690353394,0.2613152265548706,0.005079301539808512,0.5164762139320374,0.2573789358139038,0.010191988199949265,0.5404074192047119,0.25742435455322266,0.003373629180714488,0.5259081721305847,0.23706571757793427,0.0005676582804881036,0.5327684879302979,0.23725546896457672,0.0005545364692807198,0.5198007822036743,0.23927927017211914,0.0026536162476986647,0.515981137752533,0.24299810826778412,0.005230937153100967,0.5117148756980896,0.26293668150901794,0.013225958682596684,0.5403041839599609,0.37253880500793457,-0.0016741660656407475,0.5167044997215271,0.25208067893981934,0.011196475476026535,0.4943152666091919,0.26007014513015747,0.03979505971074104,0.5049741864204407,0.2581234574317932,0.019292142242193222,0.5320696234703064,0.29409584403038025,-0.002759390976279974,0.5527933239936829,0.322864294052124,-0.015552237629890442,0.5537827610969543,0.3306809663772583,-0.012862053699791431,0.5454288721084595,0.3268296718597412,-0.01219838298857212,0.5405557751655579,0.3310944139957428,-0.008296667598187923,0.5479082465171814,0.3318462371826172,-0.010653180070221424,0.5431636571884155,0.3336707353591919,-0.007029049564152956,0.535631000995636,0.34456685185432434,-0.0005758316838182509,0.5555004477500916,0.29854661226272583,-0.029792411252856255,0.5546910762786865,0.29016199707984924,-0.03151644021272659,0.5075543522834778,0.23808348178863525,0.007262673694640398,0.5431187152862549,0.2725488245487213,-0.00362222152762115,0.5427465438842773,0.29721352458000183,-0.015297389589250088,0.5424025654792786,0.29277342557907104,-0.013504468835890293,0.5147759318351746,0.2945384681224823,0.005002837162464857,0.5548864006996155,0.2797643840312958,-0.027980146929621696,0.5211766362190247,0.2274473011493683,-0.003492276184260845,0.5130183696746826,0.23142771422863007,0.0013237614184617996,0.5003693103790283,0.20587345957756042,0.02608400397002697,0.5473452806472778,0.23241832852363586,-0.008891120553016663,0.5388481020927429,0.24017241597175598,0.002321448642760515,0.5310883522033691,0.3376922607421875,0.0013827178627252579,0.505311906337738,0.33988049626350403,0.05375608056783676,0.5469493865966797,0.30181992053985596,-0.013211586512625217,0.5513983964920044,0.30409955978393555,-0.014070549048483372,0.5349466800689697,0.33789464831352234,0.0006158160977065563,0.5362963080406189,0.33739492297172546,-0.0010575968772172928,0.509697437286377,0.22669865190982819,0.004428070038557053,0.5425805449485779,0.3009108006954193,-0.012149911373853683,0.5325161218643188,0.22717416286468506,-0.006971167866140604,0.5311095118522644,0.22048377990722656,-0.008067871443927288,0.5246707201004028,0.1826755851507187,0.003019867930561304,0.5051817297935486,0.21484000980854034,0.013544788584113121,0.528713047504425,0.20005488395690918,-0.003074496751651168,0.50407475233078,0.2348433881998062,0.01249157264828682,0.49918779730796814,0.22794798016548157,0.024223342537879944,0.553180456161499,0.32708847522735596,-0.014883944764733315,0.5466920733451843,0.3295738101005554,-0.011739343404769897,0.541841447353363,0.3324529826641083,-0.00818792637437582,0.5482472777366638,0.30325230956077576,-0.012135906144976616,0.5356452465057373,0.3376466631889343,-0.0002791318402159959,0.5389110445976257,0.3377882242202759,-0.004282047972083092,0.5370619893074036,0.3371118903160095,-0.0012787210289388895,0.5494936108589172,0.2988668978214264,-0.021212739869952202,0.5441584587097168,0.33448636531829834,-0.005930235609412193,0.5488662123680115,0.3333064913749695,-0.008155075833201408,0.5543787479400635,0.33294039964675903,-0.010100617073476315,0.5532296895980835,0.35538116097450256,-0.007916836068034172,0.5539369583129883,0.3442152738571167,-0.012991894036531448,0.5539661645889282,0.339695543050766,-0.013367381878197193,0.5541067123413086,0.33590978384017944,-0.011757802218198776,0.5544446706771851,0.33304813504219055,-0.011009283363819122,0.5442286133766174,0.3344186544418335,-0.006565900519490242,0.5434715151786804,0.3359866738319397,-0.007536806631833315,0.5425931811332703,0.3380928039550781,-0.008572584018111229,0.541922926902771,0.34067302942276,-0.007710350211709738,0.5370383262634277,0.3232446014881134,-0.006189138162881136,0.4965983033180237,0.29907137155532837,0.06353157758712769,0.5601053237915039,0.30514097213745117,-0.01997169852256775,0.5406835079193115,0.33570095896720886,-0.0036244450602680445,0.5398973822593689,0.3366360068321228,-0.00424532825127244,0.5531633496284485,0.30725106596946716,-0.014354105107486248,0.5446382761001587,0.30576109886169434,-0.008057543076574802,0.5523468255996704,0.3057090938091278,-0.014362703077495098,0.5370663404464722,0.27799370884895325,-0.001559434924274683,0.5277557373046875,0.284077525138855,0.00027847394812852144,0.5415237545967102,0.2966088354587555,-0.01023273915052414,0.509972333908081,0.19227007031440735,0.013666560873389244,0.5146344900131226,0.20512251555919647,0.004725839011371136,0.5189279913902283,0.22122204303741455,-0.0021879940759390593,0.5403655171394348,0.3488950729370117,-0.0037842465098947287,0.5449379682540894,0.221308633685112,-0.01117016188800335,0.5428856015205383,0.19832709431648254,-0.007647502236068249,0.5403429269790649,0.17773357033729553,-0.003268088912591338,0.5191494226455688,0.2601444125175476,0.007745041511952877,0.5055975914001465,0.26909327507019043,0.01664157584309578,0.543742835521698,0.25480660796165466,0.004107553977519274,0.5104334950447083,0.24762210249900818,0.010617099702358246,0.5470597147941589,0.26657217741012573,-0.0058012655936181545,0.5460047721862793,0.2938516438007355,-0.02100984752178192,0.500259280204773,0.2752745747566223,0.02323026955127716,0.5096763372421265,0.27441585063934326,0.011240236461162567,0.5172135829925537,0.2768123745918274,0.005670700687915087,0.5283393263816833,0.27489691972732544,0.002769878599792719,0.5365813970565796,0.2709406316280365,0.0013322236482053995,0.5427625775337219,0.2663695216178894,-0.0003759413957595825,0.554166853427887,0.25444626808166504,-0.012154395692050457,0.502180278301239,0.2929770052433014,0.021463541314005852,0.505836009979248,0.2471723109483719,0.013486101292073727,0.5573565363883972,0.302976131439209,-0.0270911306142807,0.5438645482063293,0.28044167160987854,-0.006030315067619085,0.49232351779937744,0.26027819514274597,0.0597122423350811,0.5472618937492371,0.2613002359867096,-0.0013007224770262837,0.5411489009857178,0.29732364416122437,-0.004349574912339449,0.514191746711731,0.25285547971725464,0.012373772449791431,0.5458455085754395,0.2884911894798279,-0.018772872164845467,0.5002574920654297,0.3194383382797241,0.06028817221522331,0.5438408851623535,0.25177931785583496,0.005552417598664761,0.5502223372459412,0.2832176983356476,-0.02445892058312893,0.5171599388122559,0.35665738582611084,0.021663395687937737,0.5182739496231079,0.3668192923069,0.031985681504011154,0.49748486280441284,0.2963636815547943,0.04255017638206482,0.5102664828300476,0.3462865948677063,0.029767800122499466,0.49634337425231934,0.2427113801240921,0.03373844176530838,0.5392770767211914,0.38143190741539,0.0017253640107810497,0.5579108595848083,0.3048798441886902,-0.01954721473157406,0.5388782620429993,0.28706473112106323,-0.0038608554750680923,0.5002666115760803,0.25998809933662415,0.02535848692059517,0.5242180824279785,0.25635936856269836,0.005533776246011257,0.5291491150856018,0.2566681206226349,0.003978265915066004,0.5379830002784729,0.33924514055252075,-0.0033024519216269255,0.5042553544044495,0.31011611223220825,0.022931894287467003,0.5492878556251526,0.3920016288757324,0.002753935754299164,0.5333868265151978,0.3835503160953522,0.01517057791352272,0.5264735221862793,0.3769161105155945,0.022505799308419228,0.5588399767875671,0.19798272848129272,-0.009142186492681503,0.5604159832000732,0.3925854563713074,0.0008686427609063685,0.5341868996620178,0.2556692063808441,0.003619557013735175,0.5389894247055054,0.2538793385028839,0.004325534217059612,0.5422050356864929,0.25276753306388855,0.0054637654684484005,0.501807689666748,0.24588021636009216,0.019588414579629898,0.5381471514701843,0.24638883769512177,0.0034132555592805147,0.5329346656799316,0.24457333981990814,0.0023706902284175158,0.5278414487838745,0.24457883834838867,0.002707430860027671,0.522825300693512,0.24635905027389526,0.0043040793389081955,0.5197514891624451,0.24872460961341858,0.006385740824043751,0.49236685037612915,0.2394392490386963,0.05020851269364357,0.520968496799469,0.2552652359008789,0.007509339135140181,0.560022234916687,0.31388142704963684,-0.01472733449190855,0.5425379872322083,0.31801220774650574,-0.008973692543804646,0.5468733310699463,0.300412654876709,-0.015357647091150284,0.552696943283081,0.3146272897720337,-0.014238020405173302,0.5593708157539368,0.24263444542884827,-0.010414871387183666,0.5245466232299805,0.3668871521949768,0.01505238562822342,0.5316950678825378,0.3744312524795532,0.008641296997666359,0.548801839351654,0.3857516050338745,-0.004296757280826569,0.5115774273872375,0.35553210973739624,0.04344642907381058,0.5420013666152954,0.24947309494018555,0.00466564716771245,0.5508200526237488,0.26792147755622864,-0.013764861971139908,0.5603324770927429,0.38613224029541016,-0.005928282625973225,0.540734052658081,0.3887961506843567,0.00773140462115407,0.5006712079048157,0.31495463848114014,0.04126591980457306,0.5489469766616821,0.33332574367523193,-0.008990856818854809,0.5482247471809387,0.3357119560241699,-0.009979254566133022,0.5476998090744019,0.33877047896385193,-0.011241726577281952,0.5474106073379517,0.342742919921875,-0.010730196721851826,0.5461716651916504,0.35269367694854736,-0.006705381907522678,0.5393143892288208,0.33564889430999756,-0.0038847210817039013,0.5380774140357971,0.3353253901004791,-0.003906733822077513,0.5370027422904968,0.3347738981246948,-0.0038546707946807146,0.5328296422958374,0.3300098180770874,-0.002438180847093463,0.5111746788024902,0.31343579292297363,0.010715657845139503,0.5507141947746277,0.2598368525505066,-0.008549107238650322,0.5477051734924316,0.2449629008769989,0.0013219594256952405,0.5442500710487366,0.24627383053302765,0.00358524895273149,0.5406500697135925,0.33580225706100464,-0.003238389268517494,0.5116621255874634,0.33385205268859863,0.018886525183916092,0.5524072647094727,0.24423646926879883,-0.0063064745627343655,0.543064296245575,0.362821102142334,-0.003878111718222499,0.5597858428955078,0.2694639265537262,-0.024497292935848236,0.5545705556869507,0.2630804479122162,-0.01785956881940365,0.5596426129341125,0.2609584331512451,-0.019305314868688583,0.5472723841667175,0.2814892828464508,-0.01360788568854332,0.5601859092712402,0.3772278428077698,-0.009094325825572014,0.5600566267967224,0.36589914560317993,-0.008699223399162292,0.5513536334037781,0.36602655053138733,-0.007495805621147156,0.5303606390953064,0.3495912551879883,0.0028738940600305796,0.5364696383476257,0.30449411273002625,-0.0031592941377311945,0.5363755226135254,0.3575093746185303,-0.00041359366150572896,0.5229611396789551,0.3044944405555725,-0.0005893234629184008,0.5310209393501282,0.3133516013622284,-0.002480054274201393,0.5184433460235596,0.31873488426208496,0.003741180058568716,0.5494599342346191,0.37708503007888794,-0.007318361662328243,0.5441129207611084,0.28661325573921204,-0.0094626909121871,0.5258700251579285,0.35689014196395874,0.008444804698228836,0.5331970453262329,0.36535191535949707,0.004003784619271755,0.5254345536231995,0.3398953080177307,0.004256030078977346,0.506438672542572,0.32445570826530457,0.024539286270737648,0.5187643766403198,0.3419742286205292,0.010360834188759327,0.5043491721153259,0.33162981271743774,0.03820663318037987,0.5265228152275085,0.32474902272224426,-6.631082214880735e-05,0.5474833846092224,0.2740631103515625,-0.009581499733030796,0.5477604866027832,0.29748207330703735,-0.02232014574110508,0.5444583296775818,0.29988524317741394,-0.016030071303248405,0.55007004737854,0.2915976643562317,-0.026553375646471977,0.5428236126899719,0.2381519377231598,-0.0004837609303649515,0.5327476859092712,0.23371447622776031,-0.001589109655469656,0.5240662097930908,0.23357436060905457,-0.0011136943940073252,0.5170997977256775,0.23625147342681885,0.0015002171276137233,0.512417197227478,0.24086454510688782,0.005444651935249567,0.5102004408836365,0.2553676664829254,0.014832066372036934,0.4950145184993744,0.27812114357948303,0.04153846204280853,0.5149790048599243,0.26612988114356995,0.010177072137594223,0.5209214687347412,0.268033504486084,0.006462342571467161,0.5286848545074463,0.2676406800746918,0.0038808605168014765,0.5361039638519287,0.26516640186309814,0.0027488938067108393,0.5419432520866394,0.2616919279098511,0.0023512993939220905,0.5458873510360718,0.258392870426178,0.0019371797097846866,0.49417364597320557,0.27966269850730896,0.0636974647641182,0.5446330308914185,0.3021107316017151,-0.013191410340368748,0.5509250164031982,0.2753700017929077,-0.01824893243610859,0.5516209006309509,0.2976152300834656,-0.02693360112607479,0.5546131134033203,0.30178818106651306,-0.024739285930991173,0.5516867637634277,0.29914480447769165,-0.024123676121234894,0.546226978302002,0.3045082688331604,-0.011295248754322529,0.5556247234344482,0.3024756908416748,-0.02629396878182888,0.556187629699707,0.3044182062149048,-0.01955893263220787,0.5458441376686096,0.2518186867237091,0.004660061560571194,0.5488019585609436,0.253373384475708,0.0011323074577376246,0.5504419207572937,0.25441548228263855,-0.0030645127408206463,0.5180455446243286,0.2505011558532715,0.008473830297589302,0.5136933922767639,0.2474454939365387,0.00880474504083395,0.5644861459732056,0.27067720890045166,-0.02254033274948597,0.5992979407310486,0.25127872824668884,0.008315348997712135,0.5653039216995239,0.30286547541618347,-0.019696904346346855,0.6232128143310547,0.2172941416501999,0.03652986139059067,0.5836338996887207,0.2587551772594452,0.002255698898807168,0.5893463492393494,0.2595656216144562,0.0026427845004945993,0.5947926044464111,0.258965402841568,0.0042524076998233795,0.6018962264060974,0.25427207350730896,0.009223743341863155,0.5787004232406616,0.2563152611255646,0.0028582545928657055,0.5913046598434448,0.2345164269208908,-0.00015366367006208748,0.584831953048706,0.23515835404396057,-5.147882620804012e-05,0.5972583889961243,0.23622041940689087,0.0018326817080378532,0.6011497378349304,0.23962077498435974,0.004309000447392464,0.6068998575210571,0.25939202308654785,0.012201184406876564,0.5804017186164856,0.3709126114845276,-0.0020165808964520693,0.601295530796051,0.24908123910427094,0.010250898078083992,0.6244999170303345,0.2551334798336029,0.038436029106378555,0.6135269999504089,0.25407400727272034,0.018134918063879013,0.5879155993461609,0.2922338843345642,-0.0033803575206547976,0.5673430562019348,0.3226466476917267,-0.015734078362584114,0.5666271448135376,0.33056387305259705,-0.01304154098033905,0.5747178196907043,0.326356440782547,-0.012587311677634716,0.5794301629066467,0.33063384890556335,-0.008775477297604084,0.5723391175270081,0.33157411217689514,-0.01102487277239561,0.5768901109695435,0.3333311080932617,-0.007436256390064955,0.5845016837120056,0.3428744077682495,-0.0010869259713217616,0.5647964477539062,0.2982167601585388,-0.02987765148282051,0.565345287322998,0.2897305488586426,-0.03162549063563347,0.6090326309204102,0.23386146128177643,0.006168946158140898,0.5764306783676147,0.27131444215774536,-0.00403583375737071,0.5774810314178467,0.2959027886390686,-0.015724539756774902,0.5776594281196594,0.2914474308490753,-0.013957489281892776,0.605295717716217,0.29145562648773193,0.004043543711304665,0.5649275779724121,0.2793344259262085,-0.02811477519571781,0.594731330871582,0.2245563119649887,-0.004167051985859871,0.6030433177947998,0.2277756929397583,0.00043828904745168984,0.617340087890625,0.20115572214126587,0.02494019828736782,0.5699036717414856,0.2318078726530075,-0.009135848842561245,0.5792530179023743,0.2385709285736084,0.001772081945091486,0.5890783071517944,0.3357241153717041,0.0007841844926588237,0.6165631413459778,0.33575814962387085,0.052577972412109375,0.5733879208564758,0.300844669342041,-0.013476627878844738,0.5689061880111694,0.3035185933113098,-0.01419814582914114,0.5848848223686218,0.3376902937889099,0.00013995172048453242,0.5835169553756714,0.33715537190437317,-0.0015013343654572964,0.6062241792678833,0.22242477536201477,0.003484161803498864,0.577656626701355,0.2996917963027954,-0.012554075568914413,0.583748996257782,0.2252756655216217,-0.007467833813279867,0.5846050977706909,0.21824823319911957,-0.008584288880228996,0.5927571058273315,0.17990288138389587,0.0023501075338572264,0.6126840114593506,0.2103860080242157,0.012525063008069992,0.588721752166748,0.19750946760177612,-0.003662758506834507,0.6125523447990417,0.2301812320947647,0.011363575235009193,0.6189881563186646,0.22321997582912445,0.022973010316491127,0.5671859383583069,0.3269132375717163,-0.015089049004018307,0.5735499262809753,0.3292366564273834,-0.012129169888794422,0.5782159566879272,0.33204659819602966,-0.008640945889055729,0.5720058679580688,0.3024127185344696,-0.012372265569865704,0.5841935873031616,0.337440550327301,-0.0007402109331451356,0.5812802314758301,0.33768436312675476,-0.004698797594755888,0.5827264189720154,0.33684295415878296,-0.0017111102351918817,0.5707799792289734,0.29808297753334045,-0.021487446501851082,0.5757571458816528,0.33410942554473877,-0.006291746627539396,0.5712559819221497,0.3330836594104767,-0.008469365537166595,0.5659803748130798,0.33286330103874207,-0.01029053796082735,0.5668176412582397,0.35496199131011963,-0.008050208911299706,0.5676319599151611,0.3442716598510742,-0.013153580017387867,0.5672025680541992,0.3397122919559479,-0.0135452039539814,0.5666894316673279,0.33590075373649597,-0.011951074935495853,0.5660437941551208,0.3330266773700714,-0.011191708035767078,0.5757909417152405,0.3342036008834839,-0.006919829174876213,0.5767629146575928,0.3358815908432007,-0.00787492748349905,0.5778716802597046,0.3381059765815735,-0.008926993235945702,0.5788354277610779,0.3407548666000366,-0.00807894766330719,0.5830466747283936,0.3216973543167114,-0.006744756363332272,0.6239305138587952,0.29454782605171204,0.062246136367321014,0.5791683197021484,0.3354177474975586,-0.004040692467242479,0.5801228284835815,0.33645740151405334,-0.004667665809392929,0.5671521425247192,0.3068526089191437,-0.014500473625957966,0.5756046772003174,0.3047795295715332,-0.00839634332805872,0.5679891109466553,0.30525079369544983,-0.01448557898402214,0.5825563669204712,0.27639731764793396,-0.0020914480555802584,0.5919926762580872,0.2819264233112335,-0.0004343756299931556,0.5786136388778687,0.2953120172023773,-0.010683326050639153,0.6075775027275085,0.18829235434532166,0.012745806016027927,0.602977454662323,0.2014254778623581,0.0038702646270394325,0.5966184735298157,0.21777763962745667,-0.0029615643434226513,0.579754650592804,0.34747934341430664,-0.004198421258479357,0.5714362859725952,0.2202792465686798,-0.01142614334821701,0.574619472026825,0.19701719284057617,-0.007943205535411835,0.577071487903595,0.17624011635780334,-0.0036029352340847254,0.5993068814277649,0.2573966979980469,0.006841603200882673,0.6133758425712585,0.2653478980064392,0.015494906343519688,0.5754213929176331,0.2539985477924347,0.0036581424064934254,0.6070680618286133,0.24372631311416626,0.0095361964777112,0.572365939617157,0.2655869126319885,-0.00613356614485383,0.5740827918052673,0.2927930951118469,-0.021339498460292816,0.6193442940711975,0.2709072530269623,0.021964019164443016,0.6093468070030212,0.2708430588245392,0.010159077122807503,0.6019560098648071,0.27373453974723816,0.004717240110039711,0.5910583734512329,0.27280765771865845,0.002025434048846364,0.5829576849937439,0.2694695293903351,0.0007605017744936049,0.5768306851387024,0.26541605591773987,-0.0007973333122208714,0.5648713707923889,0.25401532649993896,-0.012283186428248882,0.618118941783905,0.28885790705680847,0.020193133503198624,0.611731767654419,0.2430085390806198,0.01232963241636753,0.5629432797431946,0.30277442932128906,-0.027151694521307945,0.5758879780769348,0.2792465090751648,-0.006451462861150503,0.6265826225280762,0.25516003370285034,0.05842150002717972,0.5721966624259949,0.26071152091026306,-0.0016532068839296699,0.5790368914604187,0.29604506492614746,-0.004832378588616848,0.6039186716079712,0.2494346797466278,0.011402023956179619,0.5741084218025208,0.28738677501678467,-0.019104592502117157,0.621067464351654,0.3151335120201111,0.05907807871699333,0.5752868056297302,0.25106939673423767,0.005110120866447687,0.5695756077766418,0.28243565559387207,-0.024693360552191734,0.6043902635574341,0.3531195819377899,0.020750058814883232,0.603719174861908,0.3632183074951172,0.031097905710339546,0.6228696703910828,0.291785329580307,0.04114248603582382,0.6113541126251221,0.3423228859901428,0.02865416184067726,0.6220263838768005,0.23789054155349731,0.032418061047792435,0.5816606283187866,0.3795880079269409,0.001323077129200101,0.5623312592506409,0.3047437071800232,-0.019584449008107185,0.5809810757637024,0.28561168909072876,-0.004371201153844595,0.6187831163406372,0.2559674382209778,0.024069536477327347,0.5939642190933228,0.2542285919189453,0.004744619596749544,0.5891953110694885,0.2549002468585968,0.0032536329235881567,0.5823485255241394,0.33918413519859314,-0.003728129668161273,0.6165995001792908,0.30614057183265686,0.0216843094676733,0.5716308951377869,0.3910011351108551,0.002570357406511903,0.5880493521690369,0.38091161847114563,0.014566806145012379,0.5952809453010559,0.37377262115478516,0.02177499607205391,0.5844078660011292,0.2542005181312561,0.0030092603992670774,0.5798187255859375,0.25272291898727417,0.00381677970290184,0.5768121480941772,0.25191110372543335,0.005000460892915726,0.6159602999687195,0.24130597710609436,0.018341509625315666,0.580517590045929,0.24520161747932434,0.0028868995141237974,0.5853822827339172,0.2430417835712433,0.0017761904746294022,0.5901488661766052,0.24276627600193024,0.0020304243080317974,0.5949220061302185,0.24409854412078857,0.003508608555421233,0.5979770421981812,0.24610695242881775,0.00552471075206995,0.625908374786377,0.2342282086610794,0.04892352223396301,0.597117006778717,0.2527947723865509,0.006656162440776825,0.5776816010475159,0.3168274462223053,-0.009358076378703117,0.573427140712738,0.29943495988845825,-0.015649430453777313,0.5675343871116638,0.3141362965106964,-0.014407138340175152,0.5968401432037354,0.36388087272644043,0.014352370984852314,0.5894358158111572,0.37190213799476624,0.008077946491539478,0.5719931721687317,0.38479405641555786,-0.004524931311607361,0.6105437278747559,0.35154473781585693,0.04237169399857521,0.5769334435462952,0.24862131476402283,0.004178932867944241,0.5686138868331909,0.26722294092178345,-0.013995174318552017,0.580386221408844,0.38686615228652954,0.007308192551136017,0.6203193068504333,0.31057411432266235,0.03992182016372681,0.5713130831718445,0.3332242965698242,-0.009267161600291729,0.5722523927688599,0.33567026257514954,-0.010270207189023495,0.5730865001678467,0.33881980180740356,-0.011557647958397865,0.573819637298584,0.3428758680820465,-0.011053030379116535,0.5738718509674072,0.351683646440506,-0.006973900366574526,0.580579400062561,0.3352524936199188,-0.0043074884451925755,0.5817940831184387,0.33492201566696167,-0.004364911466836929,0.5828620195388794,0.3343462646007538,-0.004325476940721273,0.5872506499290466,0.32816603779792786,-0.0030402156990021467,0.609434962272644,0.31001269817352295,0.00971855130046606,0.5684952139854431,0.2591567635536194,-0.008781502023339272,0.5709683299064636,0.24426831305027008,0.0009949381928890944,0.5744466185569763,0.2453315258026123,0.0031315088272094727,0.57917720079422,0.335395485162735,-0.003645575838163495,0.6094777584075928,0.3301752209663391,0.017889169976115227,0.5659724473953247,0.244027242064476,-0.006497998256236315,0.5773456692695618,0.36144793033599854,-0.004204495344310999,0.564721405506134,0.2626550495624542,-0.017983801662921906,0.5725003480911255,0.28054922819137573,-0.013927964493632317,0.5689212679862976,0.3653585612773895,-0.007654371205717325,0.5901699662208557,0.34737810492515564,0.002277589403092861,0.5837318301200867,0.3029133081436157,-0.0037114885635674,0.5841013789176941,0.3556247651576996,-0.0008816402405500412,0.5971718430519104,0.3020043969154358,-0.0013267153408378363,0.5892360210418701,0.31142163276672363,-0.003113473067060113,0.6020642518997192,0.3158623278141022,0.002911244286224246,0.5710877776145935,0.37626567482948303,-0.007542507257312536,0.5758541822433472,0.28540876507759094,-0.00987815111875534,0.5951008796691895,0.3541295528411865,0.007807700429111719,0.5875940322875977,0.3630778193473816,0.0035021365620195866,0.5950685739517212,0.3374316394329071,0.0035734795965254307,0.6147803068161011,0.32047557830810547,0.023409733548760414,0.6021460890769958,0.33882856369018555,0.009581991471350193,0.617095410823822,0.3273769021034241,0.03693140298128128,0.5938489437103271,0.32249367237091064,-0.0007448716787621379,0.5720926523208618,0.2731269598007202,-0.009916204959154129,0.5724838972091675,0.29655155539512634,-0.02259640395641327,0.575829803943634,0.2987161874771118,-0.016398584470152855,0.5699992179870605,0.2908252775669098,-0.026734525337815285,0.575027346611023,0.23701006174087524,-0.0009108608355745673,0.5842486619949341,0.2316954880952835,-0.002095670672133565,0.5925474166870117,0.2308412790298462,-0.0017879403894767165,0.5994995832443237,0.23289766907691956,0.0006773158092983067,0.6044443249702454,0.2370748668909073,0.004454093519598246,0.6080430746078491,0.25170350074768066,0.013793950900435448,0.6245409846305847,0.27332672476768494,0.04014807194471359,0.6037236452102661,0.2629340589046478,0.00917875673621893,0.5979372262954712,0.2653094232082367,0.0055990624241530895,0.59039705991745,0.26558199524879456,0.0031594799365848303,0.5831651091575623,0.26368194818496704,0.0021459015551954508,0.5774819850921631,0.26065608859062195,0.0018750421004369855,0.5735458731651306,0.2576405704021454,0.0015254555037245154,0.6255679130554199,0.2748676538467407,0.06241242215037346,0.5756358504295349,0.30098363757133484,-0.013543044216930866,0.5687019228935242,0.27467623353004456,-0.018505563959479332,0.5686081051826477,0.2969844341278076,-0.027090059593319893,0.5656670331954956,0.3014296889305115,-0.024827541783452034,0.5685977935791016,0.298602819442749,-0.02430569939315319,0.5740365982055664,0.30353522300720215,-0.011590458452701569,0.564657986164093,0.30217987298965454,-0.02635928988456726,0.56405109167099,0.3041452169418335,-0.019631164148449898,0.5732721090316772,0.2511497139930725,0.004260213114321232,0.5704286694526672,0.25281575322151184,0.0007942240335978568,0.5686662197113037,0.25405174493789673,-0.0033228020183742046,0.5997889637947083,0.2476721853017807,0.007592312525957823,0.6037777662277222,0.24388238787651062,0.007839508354663849,0.5292859077453613,0.2497243881225586,0.0055458443239331245,0.5359254479408264,0.24918314814567566,0.0055458443239331245,0.5288597345352173,0.24216565489768982,0.0055458443239331245,0.5226097702980042,0.2502032220363617,0.0055458443239331245,0.5296651721000671,0.2572382092475891,0.0055458443239331245,0.589569091796875,0.247849702835083,0.004853460472077131,0.5960033535957336,0.24790631234645844,0.004853460472077131,0.5895635485649109,0.23982171714305878,0.004853460472077131,0.5831596851348877,0.2477397471666336,0.004853460472077131,0.5895971059799194,0.25589871406555176,0.004853460472077131
1599.999999999999,0.5590925812721252,0.32522815465927124,-0.016104506328701973,0.5605897307395935,0.2983347475528717,-0.030171727761626244,0.5603434443473816,0.306944876909256,-0.01581266149878502,0.5553748607635498,0.27114197611808777,-0.022490931674838066,0.560519278049469,0.28963813185691833,-0.032108258455991745,0.5603001117706299,0.2785766124725342,-0.029765382409095764,0.5596758127212524,0.25226494669914246,-0.014623642899096012,0.5182842016220093,0.25457334518432617,0.008221001364290714,0.559257447719574,0.23381869494915009,-0.01113109290599823,0.5590746998786926,0.222361221909523,-0.012406259775161743,0.5584930181503296,0.17676928639411926,-0.005401316098868847,0.5591788291931152,0.32816281914711,-0.015363144688308239,0.5592511296272278,0.3313743472099304,-0.013409692794084549,0.5593702793121338,0.3336530923843384,-0.010418175719678402,0.5593245029449463,0.33363693952560425,-0.011475793085992336,0.5594881772994995,0.33676591515541077,-0.012084889225661755,0.5596696734428406,0.3406619131565094,-0.013541770167648792,0.5598768591880798,0.34498342871665955,-0.013173649087548256,0.5605875849723816,0.3538956940174103,-0.008134969510138035,0.5605853199958801,0.30290019512176514,-0.02727103978395462,0.5553077459335327,0.30298057198524475,-0.019520770758390427,0.49393242597579956,0.2226450890302658,0.03607373312115669,0.5348762273788452,0.26058733463287354,0.0022062950301915407,0.5289915800094604,0.2618671655654907,0.0025863812770694494,0.5233709216117859,0.2617659270763397,0.004189664963632822,0.5160245299339294,0.25788551568984985,0.009141018614172935,0.539932906627655,0.2579072117805481,0.0027916491962969303,0.525438666343689,0.23759154975414276,-0.00033321199589408934,0.532317578792572,0.2378605753183365,-0.00021233396546449512,0.5192837119102478,0.23975975811481476,0.0016544247046113014,0.5154330730438232,0.24346719682216644,0.0041737803258001804,0.5113762617111206,0.2633301317691803,0.012126963585615158,0.5411134362220764,0.3714030981063843,-0.001927562989294529,0.5162181854248047,0.2526060938835144,0.010124698281288147,0.49371564388275146,0.2602468430995941,0.03824707493185997,0.5046114921569824,0.2584846615791321,0.01802428998053074,0.5322163701057434,0.29408562183380127,-0.0032702453900128603,0.5514711141586304,0.3235819935798645,-0.015404555946588516,0.5525754690170288,0.3312845230102539,-0.01264239102602005,0.5439794063568115,0.327219694852829,-0.012207400053739548,0.5390896201133728,0.331341028213501,-0.008422360755503178,0.5467035174369812,0.3323219120502472,-0.010572034865617752,0.5419758558273315,0.3340475261211395,-0.007060636300593615,0.5359218716621399,0.3438347280025482,-0.0008694971329532564,0.5559476017951965,0.2983759045600891,-0.029673991724848747,0.5551464557647705,0.29009515047073364,-0.03143731877207756,0.5070819854736328,0.23851905763149261,0.0059551359154284,0.5431991815567017,0.2726547420024872,-0.004027515649795532,0.5429285764694214,0.2970708906650543,-0.015510771423578262,0.5425583124160767,0.2926674783229828,-0.013750218786299229,0.5147994756698608,0.2946109473705292,0.0041276877745985985,0.5552647113800049,0.2798020541667938,-0.02798520028591156,0.5207598805427551,0.227880597114563,-0.004512167070060968,0.5125530958175659,0.23187342286109924,0.00012916102423332632,0.4996088743209839,0.2062542736530304,0.024425910785794258,0.547134518623352,0.23293735086917877,-0.009394255466759205,0.5383948087692261,0.24083398282527924,0.0016689045587554574,0.5312613248825073,0.33720073103904724,0.001012140535749495,0.5048142671585083,0.3395344614982605,0.05258161574602127,0.5471426248550415,0.30159881711006165,-0.01332361251115799,0.551642119884491,0.3038519322872162,-0.014058686792850494,0.5334600806236267,0.3382893204689026,0.00034078213502652943,0.5349032282829285,0.33781754970550537,-0.0012734871124848723,0.5092359781265259,0.22719459235668182,0.00314846052788198,0.542716920375824,0.3007187247276306,-0.01235007494688034,0.5321861505508423,0.2276332974433899,-0.007750942371785641,0.5308147668838501,0.22099575400352478,-0.008886680006980896,0.524245023727417,0.18325521051883698,0.0018465877510607243,0.5047131776809692,0.2153327763080597,0.012096373364329338,0.5285436511039734,0.20069780945777893,-0.0040743411518633366,0.5036212205886841,0.2353494018316269,0.011078648269176483,0.4986041784286499,0.22834059596061707,0.022661680355668068,0.5518704056739807,0.32772791385650635,-0.01470092125236988,0.5453506708145142,0.3300023078918457,-0.011696873232722282,0.540489137172699,0.3327593505382538,-0.008262474089860916,0.5484437942504883,0.303020179271698,-0.012209899723529816,0.534217894077301,0.338071346282959,-0.0005162064335308969,0.5373059511184692,0.3383549749851227,-0.004467995371669531,0.5357191562652588,0.3375338912010193,-0.001481722923927009,0.5498003959655762,0.29867491126060486,-0.02129017934203148,0.5430973768234253,0.3348890542984009,-0.005914418492466211,0.5478034615516663,0.33382153511047363,-0.00801780354231596,0.5533103346824646,0.3335241377353668,-0.00983060896396637,0.5539155602455139,0.35406941175460815,-0.007974555715918541,0.5524826049804688,0.3448117971420288,-0.012912364676594734,0.5525321364402771,0.3404257297515869,-0.01323155127465725,0.5527903437614441,0.336521714925766,-0.011575791984796524,0.5533069372177124,0.3335433602333069,-0.010868375189602375,0.5430858731269836,0.3348829448223114,-0.006659563165158033,0.5420680642127991,0.3365972638130188,-0.007614559028297663,0.5409097075462341,0.3388110101222992,-0.008674168959259987,0.5400195717811584,0.341354101896286,-0.00785471498966217,0.5372884273529053,0.32295528054237366,-0.006450512446463108,0.4958544373512268,0.2990134358406067,0.06207030266523361,0.5604801774024963,0.30486932396888733,-0.01980329491198063,0.539498507976532,0.3361169993877411,-0.0038172153290361166,0.5384832620620728,0.3371643126010895,-0.00442151166498661,0.5534367561340332,0.3069785237312317,-0.014331428334116936,0.5447927713394165,0.3055166006088257,-0.008192092180252075,0.5526041984558105,0.30544838309288025,-0.014341513626277447,0.5371435284614563,0.27807989716529846,-0.0020699487067759037,0.5278580784797668,0.2841693162918091,-0.00039063036092557013,0.5416470766067505,0.29646265506744385,-0.01048579066991806,0.5093724131584167,0.1927531659603119,0.012207135558128357,0.5143240690231323,0.2056935429573059,0.0034704578574746847,0.5185291767120361,0.22172927856445312,-0.0032735448330640793,0.5408534407615662,0.3479844927787781,-0.004028170369565487,0.5447337031364441,0.22188745439052582,-0.011730975471436977,0.542768120765686,0.19897055625915527,-0.008370840921998024,0.5400269031524658,0.17836910486221313,-0.004098302684724331,0.5187279582023621,0.26062437891960144,0.006753468886017799,0.5054008364677429,0.26934128999710083,0.015458961948752403,0.5432616472244263,0.25535205006599426,0.003557116724550724,0.5099413990974426,0.2480599582195282,0.009419502690434456,0.5471656322479248,0.266722172498703,-0.006151441950351,0.5463032722473145,0.29374921321868896,-0.0211483221501112,0.4999102056026459,0.2754693627357483,0.021929511800408363,0.5094860792160034,0.27465787529945374,0.010162010788917542,0.5170395970344543,0.2770465910434723,0.004765316378325224,0.5281457901000977,0.27514055371284485,0.002059896942228079,0.5363631248474121,0.2712378203868866,0.0007678885012865067,0.5425414443016052,0.266730934381485,-0.0008431033929809928,0.5543370842933655,0.254702627658844,-0.012395218014717102,0.5019057989120483,0.29309335350990295,0.020263953134417534,0.5054017901420593,0.24758830666542053,0.01216388400644064,0.5577861070632935,0.3027503192424774,-0.026960162445902824,0.5439796447753906,0.2804621756076813,-0.006363535299897194,0.4914989471435547,0.2603367567062378,0.05802873149514198,0.5470559000968933,0.2617287337779999,-0.001708406605757773,0.5412284135818481,0.2971644103527069,-0.00461824145168066,0.5136852264404297,0.25335612893104553,0.01126138400286436,0.5460895895957947,0.2884361147880554,-0.018945496529340744,0.49959468841552734,0.31928500533103943,0.05896219611167908,0.5433327555656433,0.2523685693740845,0.004967994522303343,0.5505663156509399,0.2832314372062683,-0.024549325928092003,0.5172711610794067,0.35605865716934204,0.020945969969034195,0.518312394618988,0.36611461639404297,0.031197356060147285,0.496971070766449,0.29644593596458435,0.04118386283516884,0.5101318955421448,0.34587088227272034,0.028859954327344894,0.4957512617111206,0.2429826855659485,0.03215069696307182,0.5401244759559631,0.3801880180835724,0.0014660292072221637,0.558280885219574,0.30461782217025757,-0.019418945536017418,0.5389707088470459,0.2870517373085022,-0.004259118810296059,0.49990808963775635,0.26028236746788025,0.02397509291768074,0.5237765908241272,0.25686994194984436,0.004642729181796312,0.5287036895751953,0.2571384906768799,0.0031765117309987545,0.5362298488616943,0.33976781368255615,-0.0035176039673388004,0.5039869546890259,0.31013500690460205,0.02184087224304676,0.5502298474311829,0.39051130414009094,0.002681960351765156,0.5340269207954407,0.3823941946029663,0.014713847078382969,0.5268456339836121,0.37597063183784485,0.021899860352277756,0.5587361454963684,0.19858157634735107,-0.00957570131868124,0.5613085031509399,0.3909948170185089,0.0010496859904378653,0.5337035655975342,0.25612905621528625,0.0029042460955679417,0.5384604334831238,0.25438886880874634,0.003675694577395916,0.5416789650917053,0.25333094596862793,0.004849250428378582,0.5013672709465027,0.24632152915000916,0.018159493803977966,0.537621021270752,0.24708378314971924,0.0027303132228553295,0.5324321389198303,0.24526306986808777,0.0016055259620770812,0.5273662209510803,0.2452106922864914,0.0018497990677133203,0.5223482251167297,0.2469271719455719,0.0033547573257237673,0.5192663669586182,0.2492617517709732,0.005390244536101818,0.4915095269680023,0.2395957112312317,0.04846201837062836,0.5205068588256836,0.25580161809921265,0.0065465872175991535,0.5603445768356323,0.31356367468833923,-0.014554854482412338,0.5427843332290649,0.31771641969680786,-0.009162252768874168,0.5470941066741943,0.3002065420150757,-0.015465869568288326,0.5530245304107666,0.3143325448036194,-0.014220401644706726,0.5594598054885864,0.24303458631038666,-0.0106211481615901,0.5249210596084595,0.3660696744918823,0.014502379111945629,0.5323190689086914,0.3734051585197449,0.008237507194280624,0.5497424602508545,0.3843345046043396,-0.004369200207293034,0.5113275647163391,0.35499125719070435,0.042449261993169785,0.5414818525314331,0.25011324882507324,0.004033773671835661,0.5510406494140625,0.2680494785308838,-0.01397470012307167,0.5612210631370544,0.3845990300178528,-0.005765477195382118,0.5415893197059631,0.3874444365501404,0.007441720459610224,0.5002077221870422,0.314925879240036,0.04003290459513664,0.5478207468986511,0.33385029435157776,-0.008981386199593544,0.5468660593032837,0.3363739848136902,-0.009946665726602077,0.5461091995239258,0.3395552635192871,-0.011257524602115154,0.5456587672233582,0.3434721529483795,-0.010795102454721928,0.5468035340309143,0.3515687882900238,-0.006883467081934214,0.5380586385726929,0.3360273241996765,-0.004033732693642378,0.5366710424423218,0.33566081523895264,-0.004093830939382315,0.5354728102684021,0.33505141735076904,-0.004073760472238064,0.5330368876457214,0.3296497166156769,-0.00277692754752934,0.5110958218574524,0.31340131163597107,0.009832868352532387,0.5508542060852051,0.26004758477211,-0.008844961412250996,0.5473495125770569,0.2456057220697403,0.0008621743181720376,0.5437927842140198,0.24692557752132416,0.0030049881897866726,0.5395393371582031,0.33619022369384766,-0.0033572285901755095,0.5115737318992615,0.3336035907268524,0.018048793077468872,0.5522568225860596,0.24482929706573486,-0.0066601987928152084,0.5437788963317871,0.36173176765441895,-0.004120812751352787,0.5600932836532593,0.2695624530315399,-0.024461284279823303,0.5548213124275208,0.26324331760406494,-0.018006570637226105,0.5598870515823364,0.26112034916877747,-0.019351093098521233,0.5474931597709656,0.2815035581588745,-0.013813722878694534,0.5610345602035522,0.3757805824279785,-0.008965644054114819,0.5608036518096924,0.3645162582397461,-0.00860829558223486,0.552158772945404,0.36474135518074036,-0.007577699143439531,0.5306779146194458,0.348957896232605,0.002490399405360222,0.5365880727767944,0.3043249547481537,-0.0035249758511781693,0.5369096398353577,0.3566357493400574,-0.0007292262744158506,0.5230918526649475,0.30447304248809814,-0.0012309744488447905,0.5311933755874634,0.31318849325180054,-0.002932557137683034,0.5184957385063171,0.3186332881450653,0.003074673004448414,0.5503653287887573,0.3757553696632385,-0.007410807069391012,0.5442430973052979,0.2865592837333679,-0.009724765084683895,0.526225209236145,0.3562062382698059,0.007962154224514961,0.5337978601455688,0.3644371032714844,0.0036439383402466774,0.5256071090698242,0.3394911289215088,0.00376529386267066,0.5061967968940735,0.3243456184864044,0.023544704541563988,0.5188713073730469,0.3415812849998474,0.009727840311825275,0.5039869546890259,0.3314298689365387,0.037105534225702286,0.5266618132591248,0.324527382850647,-0.0005572113441303372,0.5476475954055786,0.27414190769195557,-0.009856389835476875,0.5480746030807495,0.2973223030567169,-0.022419365122914314,0.5446622371673584,0.299702912569046,-0.016177089884877205,0.5504608750343323,0.2915147542953491,-0.026601238176226616,0.5424515008926392,0.2387920320034027,-0.0010758840944617987,0.532340943813324,0.23425796627998352,-0.002362223109230399,0.5236116647720337,0.2340485155582428,-0.0020584326703101397,0.516601026058197,0.2367037534713745,0.0004227726021781564,0.5118896961212158,0.24130795896053314,0.004277929663658142,0.5097646713256836,0.2558155059814453,0.01365991123020649,0.49445465207099915,0.2782650887966156,0.040065765380859375,0.5146386623382568,0.26650577783584595,0.009154880419373512,0.5206197500228882,0.26838669180870056,0.005568952765315771,0.5283774733543396,0.2679782211780548,0.00313389440998435,0.5357666611671448,0.26553040742874146,0.0021394251380115747,0.5415862798690796,0.2621248960494995,0.0018373188795521855,0.5455431938171387,0.2588841915130615,0.0014809241984039545,0.4933750033378601,0.27966320514678955,0.06210579723119736,0.5448000431060791,0.3018989562988281,-0.013335922732949257,0.5512131452560425,0.27544596791267395,-0.01840360090136528,0.5520301461219788,0.2974584102630615,-0.02691596932709217,0.5549907684326172,0.3015890419483185,-0.02465365268290043,0.5520448088645935,0.29896464943885803,-0.024118606001138687,0.5463997721672058,0.3042689859867096,-0.011397985741496086,0.5560356974601746,0.3022666275501251,-0.026179352775216103,0.5565389394760132,0.3041720986366272,-0.019458385184407234,0.54537034034729,0.252407431602478,0.0041433521546423435,0.5484718680381775,0.2539363205432892,0.0007179133826866746,0.550244152545929,0.2549324333667755,-0.003418694483116269,0.5175589323043823,0.25102755427360535,0.0074427779763937,0.5131610035896301,0.24791307747364044,0.00770540488883853,0.5647619366645813,0.27074846625328064,-0.02239084802567959,0.5986924171447754,0.2512325644493103,0.00894000381231308,0.565601646900177,0.302601158618927,-0.019447483122348785,0.6221692562103271,0.2172970473766327,0.037436310201883316,0.5831889510154724,0.2587588429450989,0.0026489626616239548,0.5888619422912598,0.2594723701477051,0.0031345710158348083,0.5942744612693787,0.2588450312614441,0.004832878243178129,0.6012933850288391,0.25420939922332764,0.009913468733429909,0.5782697796821594,0.25644350051879883,0.003118059830740094,0.5907734036445618,0.23479656875133514,0.00029447642737068236,0.5843191742897034,0.2354600876569748,0.0002533753286115825,0.5967023968696594,0.23646748065948486,0.002376075368374586,0.600561261177063,0.2398073971271515,0.004916485399007797,0.6063234806060791,0.259270578622818,0.012987262569367886,0.580847978591919,0.36949050426483154,-0.0014922496629878879,0.6006554961204529,0.2490910142660141,0.010892679914832115,0.6235440373420715,0.2548135221004486,0.03943728655576706,0.6128867864608765,0.25397756695747375,0.01898370310664177,0.587851881980896,0.29196056723594666,-0.0027777606155723333,0.566658079624176,0.3232930302619934,-0.015297701582312584,0.5659950375556946,0.33104822039604187,-0.012547735124826431,0.574495255947113,0.3266720771789551,-0.011998181231319904,0.5795093774795532,0.33058270812034607,-0.008099613711237907,0.5720590949058533,0.33187344670295715,-0.010417118668556213,0.5768374800682068,0.3333919048309326,-0.006784862373024225,0.5846884250640869,0.34190917015075684,-0.0003820019483100623,0.5652087330818176,0.29799512028694153,-0.029614849016070366,0.5657601356506348,0.28963011503219604,-0.031372323632240295,0.6084576845169067,0.2340404987335205,0.006857501342892647,0.5763389468193054,0.27130067348480225,-0.003712552599608898,0.5776528120040894,0.2956741750240326,-0.015249805524945259,0.5777902603149414,0.29125669598579407,-0.01349241565912962,0.6050072908401489,0.29105058312416077,0.004979048855602741,0.565268337726593,0.279339075088501,-0.027899859473109245,0.5942547917366028,0.22492998838424683,-0.0038003972731530666,0.6024947762489319,0.22806890308856964,0.000967516447417438,0.6164975166320801,0.20136773586273193,0.02566341683268547,0.5697057247161865,0.23223254084587097,-0.009175054728984833,0.5787774920463562,0.23885849118232727,0.0019914519507437944,0.5891854763031006,0.3349566161632538,0.0016408620867878199,0.6156895160675049,0.3347150683403015,0.053860727697610855,0.5735798478126526,0.30056482553482056,-0.013084778562188148,0.5691519975662231,0.3032470941543579,-0.01393142156302929,0.5853314995765686,0.3371456563472748,0.0009095376590266824,0.5838666558265686,0.3367617130279541,-0.0007959840586408973,0.6056479811668396,0.22268801927566528,0.004041000735014677,0.5778090357780457,0.2994181215763092,-0.012085451744496822,0.5833742618560791,0.22569438815116882,-0.007295022252947092,0.5842307806015015,0.2186891734600067,-0.00842925813049078,0.5922785997390747,0.18045125901699066,0.002525695599615574,0.612060010433197,0.21060611307621002,0.013099073432385921,0.5884317755699158,0.19802609086036682,-0.0035514861810952425,0.6119565963745117,0.23028144240379333,0.012083739042282104,0.6181809306144714,0.2232574224472046,0.023704927414655685,0.5665174722671509,0.32743674516677856,-0.014611860737204552,0.573292076587677,0.3295074999332428,-0.01152277272194624,0.5782185196876526,0.33203694224357605,-0.007974423468112946,0.5722105503082275,0.30213186144828796,-0.012039588764309883,0.5845869183540344,0.33697524666786194,-1.655173946346622e-05,0.5817384719848633,0.33740249276161194,-0.004076608922332525,0.5830419659614563,0.33651459217071533,-0.0010242043063044548,0.5710342526435852,0.2978152334690094,-0.02110302448272705,0.5757719874382019,0.3342013955116272,-0.005637010559439659,0.5710269212722778,0.33338698744773865,-0.007846921682357788,0.5654379725456238,0.33332115411758423,-0.009740696288645267,0.5673362612724304,0.35354703664779663,-0.007856301963329315,0.5673617720603943,0.34457239508628845,-0.012795394286513329,0.566829264163971,0.34017494320869446,-0.01311676949262619,0.5661776065826416,0.3362778425216675,-0.01148182526230812,0.5653990507125854,0.3333268463611603,-0.01077524945139885,0.5757526159286499,0.33422866463661194,-0.006383838597685099,0.5769741535186768,0.3358802795410156,-0.007330228108912706,0.5783184766769409,0.33805495500564575,-0.008383841253817081,0.5794498324394226,0.34056517481803894,-0.007539157755672932,0.5831725597381592,0.32118529081344604,-0.006092865020036697,0.6227169632911682,0.29382607340812683,0.06349771469831467,0.5793508887290955,0.33529427647590637,-0.0034439098089933395,0.580443799495697,0.33627328276634216,-0.004060938023030758,0.5674321055412292,0.30655810236930847,-0.014227292500436306,0.5757520794868469,0.3044678866863251,-0.008007190190255642,0.5682520866394043,0.3049663007259369,-0.014222495257854462,0.5824087262153625,0.27630311250686646,-0.0016247965395450592,0.5918011665344238,0.28171658515930176,0.00021233345614746213,0.5787219405174255,0.29507046937942505,-0.010206473991274834,0.6069244146347046,0.18868950009346008,0.013228829018771648,0.602522075176239,0.2017926722764969,0.00423807930201292,0.5961273312568665,0.2181551456451416,-0.002587311202660203,0.580035924911499,0.34633058309555054,-0.003645646385848522,0.5712328553199768,0.2207665741443634,-0.011493861675262451,0.5744388103485107,0.19760283827781677,-0.008089791052043438,0.5767168998718262,0.17686721682548523,-0.0037579576019197702,0.5987380146980286,0.2572881281375885,0.007494733668863773,0.6127640604972839,0.26514944434165955,0.016411183401942253,0.5749934911727905,0.25420427322387695,0.0038519541267305613,0.6064606308937073,0.24381747841835022,0.010244140401482582,0.5723220109939575,0.2656543254852295,-0.005900627002120018,0.5743271112442017,0.29259800910949707,-0.02092643827199936,0.6186299324035645,0.2705501616001129,0.02302979677915573,0.6087968349456787,0.27065199613571167,0.011056185699999332,0.6015155911445618,0.2735901474952698,0.005508068948984146,0.5907058119773865,0.27273091673851013,0.0026238816790282726,0.5826576948165894,0.2694869041442871,0.0011994383530691266,0.5765804052352905,0.2655382454395294,-0.0005077930400148034,0.5649882555007935,0.25423797965049744,-0.012283110059797764,0.6174878478050232,0.28836554288864136,0.02135428600013256,0.6111137270927429,0.24304403364658356,0.013108673505485058,0.5633406639099121,0.30251842737197876,-0.026900816708803177,0.5758705735206604,0.27916038036346436,-0.006075946614146233,0.6253470778465271,0.2547752857208252,0.05955982580780983,0.5719901323318481,0.2609291970729828,-0.0014755635056644678,0.5790732502937317,0.2957873046398163,-0.004377932287752628,0.6032842993736267,0.24943861365318298,0.012088010087609291,0.5742925405502319,0.2872559428215027,-0.01870938576757908,0.6199754476547241,0.3142569065093994,0.06036575883626938,0.5748130083084106,0.25128722190856934,0.005293471273034811,0.5698475241661072,0.2823862135410309,-0.024384818971157074,0.6042308807373047,0.3519444167613983,0.021800652146339417,0.6034818887710571,0.3619380295276642,0.03218469396233559,0.6219477653503418,0.2911788523197174,0.04234340414404869,0.610948920249939,0.34126994013786316,0.02983502298593521,0.621116578578949,0.2377444952726364,0.033284541219472885,0.5821449160575867,0.37807562947273254,0.0019198044901713729,0.5626879930496216,0.3044743835926056,-0.01938038133084774,0.5809279084205627,0.2854403257369995,-0.003899322124198079,0.6181169748306274,0.255805104970932,0.025008225813508034,0.593424916267395,0.2541128396987915,0.00528836390003562,0.5887055397033691,0.2548201084136963,0.003721707034856081,0.582951545715332,0.33874058723449707,-0.0030716448090970516,0.6160389184951782,0.3054974675178528,0.022884737700223923,0.572353184223175,0.3893547058105469,0.0029965918511152267,0.588303804397583,0.3793891668319702,0.015338270924985409,0.5953084230422974,0.3723614811897278,0.022699110209941864,0.5839424133300781,0.2542165517807007,0.003382377792149782,0.5793526768684387,0.2528500556945801,0.004096804652363062,0.5763400197029114,0.25210335850715637,0.0052169086411595345,0.6153109669685364,0.24126401543617249,0.019177496433258057,0.5800084471702576,0.24540504813194275,0.0031623803079128265,0.5848484635353088,0.2432025969028473,0.0021296758204698563,0.5896168351173401,0.24288935959339142,0.0024734805338084698,0.594360888004303,0.2441781759262085,0.004040106199681759,0.597383439540863,0.2461513876914978,0.006110933609306812,0.624740481376648,0.23404179513454437,0.04995705559849739,0.5965350270271301,0.2527100443840027,0.007249309681355953,0.5778628587722778,0.316398561000824,-0.008848676458001137,0.573628842830658,0.2991631329059601,-0.015272635966539383,0.5678192973136902,0.313795268535614,-0.014095987193286419,0.5968658924102783,0.3625742793083191,0.01524428278207779,0.5896806716918945,0.37050390243530273,0.008817516267299652,0.5726947784423828,0.38320839405059814,-0.004118518438190222,0.6099895238876343,0.3503798246383667,0.04358968138694763,0.5764520168304443,0.24885082244873047,0.004400401841849089,0.5687313675880432,0.2672927677631378,-0.013818351551890373,0.5808855891227722,0.38526248931884766,0.007938832975924015,0.6194658875465393,0.3098112940788269,0.041160181164741516,0.5709989070892334,0.3334098756313324,-0.008774766698479652,0.5721931457519531,0.3358772099018097,-0.009750381112098694,0.5732555389404297,0.339023232460022,-0.011060300283133984,0.574131190776825,0.3429567813873291,-0.010596812702715397,0.5742721557617188,0.3503738343715668,-0.00658603897318244,0.5807095766067505,0.3350927233695984,-0.003622953314334154,0.5820074081420898,0.33466657996177673,-0.0036459846887737513,0.583181619644165,0.3340047597885132,-0.0035790554247796535,0.5873579382896423,0.3275405466556549,-0.002241942100226879,0.6091550588607788,0.3093900680541992,0.010786619037389755,0.5685182809829712,0.25931164622306824,-0.008664255030453205,0.5706599950790405,0.24456074833869934,0.0010464758379384875,0.5740230679512024,0.24558711051940918,0.0032789898104965687,0.5793327689170837,0.33532458543777466,-0.0029711807146668434,0.6092066168785095,0.3293115198612213,0.019005438312888145,0.5658446550369263,0.24438630044460297,-0.0065479702316224575,0.5777670741081238,0.3601275682449341,-0.0037978054024279118,0.5649202466011047,0.2627846598625183,-0.01792703941464424,0.5726030468940735,0.28048476576805115,-0.013611420057713985,0.5695120096206665,0.3639475107192993,-0.007407123688608408,0.5903170108795166,0.3463684320449829,0.003059021197259426,0.5837447047233582,0.30255910754203796,-0.003173673991113901,0.5843609571456909,0.35444313287734985,-0.0002964619197882712,0.5971031188964844,0.30156177282333374,-0.0005444147391244769,0.5892610549926758,0.31095051765441895,-0.0024459075648337603,0.6019945740699768,0.3152472674846649,0.0038515967316925526,0.5717501640319824,0.37476876378059387,-0.00719052366912365,0.575892448425293,0.28527015447616577,-0.009486901573836803,0.5951837301254272,0.35297220945358276,0.008669057860970497,0.5878480076789856,0.36179864406585693,0.004183237440884113,0.5951471924781799,0.336610347032547,0.004506622441112995,0.6142871379852295,0.31969720125198364,0.024600328877568245,0.6021045446395874,0.3378922939300537,0.010596766136586666,0.6163997650146484,0.3264670968055725,0.03818845748901367,0.5938887000083923,0.32189029455184937,8.946809248300269e-05,0.5721302628517151,0.273124635219574,-0.009631921537220478,0.5727391242980957,0.2963048219680786,-0.022194944322109222,0.5760214924812317,0.29845520853996277,-0.015966761857271194,0.5703226327896118,0.29066580533981323,-0.026393258944153786,0.5746647715568542,0.2373260110616684,-0.0008038413943722844,0.5838111042976379,0.23205828666687012,-0.001858177362009883,0.5920594334602356,0.23118817806243896,-0.001398021006025374,0.5989552140235901,0.23320388793945312,0.0011990794446319342,0.6038593649864197,0.2372916042804718,0.0050765108317136765,0.607425332069397,0.2516809105873108,0.014545212499797344,0.6235858201980591,0.27286362648010254,0.04128903150558472,0.6031793355941772,0.2628064751625061,0.009942714124917984,0.5974608063697815,0.26518645882606506,0.00625927047803998,0.5899736285209656,0.265505850315094,0.003695514053106308,0.58278489112854,0.26369211077690125,0.0025546359829604626,0.577136218547821,0.2607763111591339,0.0021309279836714268,0.5732364058494568,0.25783485174179077,0.0017011122545227408,0.6243143081665039,0.27430880069732666,0.0636153593659401,0.5758164525032043,0.3007017970085144,-0.01312268991023302,0.5688923597335815,0.2746909260749817,-0.018260909244418144,0.5689498782157898,0.2967369556427002,-0.026762286201119423,0.5659890174865723,0.3011639416217804,-0.024557042866945267,0.5688918232917786,0.29833295941352844,-0.02397919073700905,0.5742232203483582,0.30323973298072815,-0.011219537816941738,0.5650226473808289,0.30191904306411743,-0.02610011398792267,0.5643743276596069,0.30387651920318604,-0.019404679536819458,0.5728603601455688,0.2513994574546814,0.0043838899582624435,0.5701509118080139,0.2530759572982788,0.0008772291475906968,0.5684878826141357,0.2543524503707886,-0.0032620704732835293,0.5991750955581665,0.247695192694664,0.008206107653677464,0.6031656265258789,0.24398237466812134,0.00849372148513794,0.5285475850105286,0.25033944845199585,0.004719743970781565,0.5351366400718689,0.2497960329055786,0.004719743970781565,0.528080940246582,0.2428504228591919,0.004719743970781565,0.5218964219093323,0.25080907344818115,0.004719743970781565,0.5289627313613892,0.2577723264694214,0.004719743970781565,0.5888459086418152,0.24787764251232147,0.005287794396281242,0.595263659954071,0.247924342751503,0.005287794396281242,0.588839054107666,0.2399986982345581,0.005287794396281242,0.5824436545372009,0.2477712780237198,0.005287794396281242,0.5888723134994507,0.2557776868343353,0.005287794396281242
1633.3333333333323,0.5593417882919312,0.32506346702575684,-0.01645665243268013,0.5607666969299316,0.2979092597961426,-0.030237853527069092,0.5605305433273315,0.3065902292728424,-0.015963617712259293,0.5555073022842407,0.2709052860736847,-0.022327693179249763,0.560684323310852,0.28919777274131775,-0.032116737216711044,0.5604445338249207,0.2782069742679596,-0.029690615832805634,0.559768795967102,0.2521432340145111,-0.014296203851699829,0.5182546973228455,0.2546831965446472,0.00867703091353178,0.559295117855072,0.23352573812007904,-0.010622677393257618,0.5590802431106567,0.2219850718975067,-0.011793573386967182,0.5583662986755371,0.1763649582862854,-0.004509683232754469,0.5594300031661987,0.32790607213974,-0.01576097123324871,0.5594940781593323,0.3309844136238098,-0.013830668292939663,0.5595911741256714,0.333149254322052,-0.010880639776587486,0.5595102906227112,0.33323806524276733,-0.011879713274538517,0.5596734881401062,0.3361751437187195,-0.012531310319900513,0.55985426902771,0.3398669362068176,-0.013996430672705173,0.5600595474243164,0.34400030970573425,-0.013625068590044975,0.5606686472892761,0.35379111766815186,-0.00858685839921236,0.5607608556747437,0.3025001883506775,-0.027364984154701233,0.5555355548858643,0.30267664790153503,-0.01961231417953968,0.4938547611236572,0.2232096642255783,0.03696272522211075,0.5347171425819397,0.26056626439094543,0.002545748371630907,0.5288817882537842,0.26189616322517395,0.002947744447737932,0.5232946276664734,0.26184192299842834,0.004582561086863279,0.5159964561462402,0.258056104183197,0.009584667161107063,0.5397218465805054,0.25782421231269836,0.0031422232277691364,0.5253986120223999,0.2377188801765442,0.0001636997767491266,0.5321916937828064,0.23792648315429688,0.000276313308859244,0.5193031430244446,0.23992633819580078,0.0021645105443894863,0.5154757499694824,0.24366146326065063,0.0046892487443983555,0.5113288164138794,0.26360079646110535,0.012549945153295994,0.5412533283233643,0.37141138315200806,-0.0025019829627126455,0.5161959528923035,0.25276419520378113,0.010614600963890553,0.49374985694885254,0.2608998417854309,0.03881867974996567,0.5045474767684937,0.2589185833930969,0.01853560097515583,0.5323503017425537,0.29414069652557373,-0.0032153520733118057,0.5519489645957947,0.3235163688659668,-0.01572135090827942,0.5530276298522949,0.330900639295578,-0.013050900772213936,0.5446586012840271,0.32702651619911194,-0.012527011334896088,0.5398753881454468,0.3309643268585205,-0.008756931871175766,0.5473158955574036,0.33190545439720154,-0.01096807885915041,0.5427045226097107,0.3335602879524231,-0.007455809973180294,0.5361376404762268,0.3439497947692871,-0.0012982587795704603,0.5561356544494629,0.29798418283462524,-0.029726479202508926,0.5553244352340698,0.2897016108036041,-0.03143119439482689,0.5071684122085571,0.23877418041229248,0.006627560127526522,0.543325662612915,0.27271074056625366,-0.003823312232270837,0.5431970357894897,0.2969242036342621,-0.015515515580773354,0.5427975058555603,0.2925627827644348,-0.01372646912932396,0.51486736536026,0.2948524057865143,0.00425470806658268,0.5554185509681702,0.2794760763645172,-0.027897097170352936,0.5208509564399719,0.2279212772846222,-0.0038402245845645666,0.512660801410675,0.2320118397474289,0.0008263596682809293,0.4994771182537079,0.2066439986228943,0.02539762482047081,0.5470665097236633,0.23281002044677734,-0.008855502121150494,0.5381982922554016,0.240829735994339,0.0021162470802664757,0.5314891934394836,0.3373332619667053,0.0006394859519787133,0.5050124526023865,0.34031540155410767,0.052455879747867584,0.5474427938461304,0.30142924189567566,-0.013381591998040676,0.551923930644989,0.303620308637619,-0.014148193411529064,0.5343650579452515,0.33754420280456543,-5.314774170983583e-05,0.5357910394668579,0.3371068835258484,-0.001675837324000895,0.5093605518341064,0.227352112531662,0.003909616265445948,0.543006956577301,0.30059757828712463,-0.012385043315589428,0.5322325229644775,0.22759298980236053,-0.007130749989300966,0.5308923125267029,0.22091735899448395,-0.008198197931051254,0.5240836143493652,0.1831984966993332,0.002811362035572529,0.5046045184135437,0.2156117707490921,0.012970704585313797,0.5284373760223389,0.20060627162456512,-0.0032062402460724115,0.5037144422531128,0.2356719672679901,0.011814153753221035,0.4985322654247284,0.22877533733844757,0.023475654423236847,0.5523446798324585,0.3275006115436554,-0.015066648833453655,0.5460030436515808,0.32968565821647644,-0.012060919776558876,0.5412499308586121,0.33231979608535767,-0.008633770048618317,0.54874587059021,0.3028358817100525,-0.012269077822566032,0.5351136326789856,0.33733949065208435,-0.0009138954919762909,0.5381964445114136,0.3375987708568573,-0.00488045671954751,0.5365831851959229,0.3368475139141083,-0.00188199442345649,0.550037145614624,0.2984312176704407,-0.021314118057489395,0.5437857508659363,0.3343631327152252,-0.006334997713565826,0.5483644008636475,0.3333308696746826,-0.008453422226011753,0.5537197589874268,0.3330276608467102,-0.01027754507958889,0.5540148019790649,0.35400885343551636,-0.00842379778623581,0.5529360175132751,0.3437822163105011,-0.013347435742616653,0.5529719591140747,0.339604914188385,-0.013660648837685585,0.5532050728797913,0.33592700958251953,-0.012001372873783112,0.5536847710609436,0.3331373631954193,-0.011255212128162384,0.5437716841697693,0.3343791365623474,-0.00703240605071187,0.5428332686424255,0.33595654368400574,-0.00801073294132948,0.5417466759681702,0.33802053332328796,-0.009092815220355988,0.5408975481987,0.3404349386692047,-0.008280928246676922,0.5374699234962463,0.32293078303337097,-0.006681845523416996,0.49600282311439514,0.29984933137893677,0.06234034150838852,0.5606626272201538,0.30450087785720825,-0.019929051399230957,0.5402790307998657,0.33553653955459595,-0.004191345069557428,0.5393250584602356,0.33648979663848877,-0.0048184082843363285,0.5536779165267944,0.30670595169067383,-0.014464467763900757,0.5450712442398071,0.3053864538669586,-0.00827733427286148,0.5528656244277954,0.3051937222480774,-0.014448210597038269,0.5372543334960938,0.2781710922718048,-0.0018935037078335881,0.5279433727264404,0.28429290652275085,-0.00021653161093126982,0.5418970584869385,0.29638686776161194,-0.010488529689610004,0.5092135667800903,0.19294515252113342,0.013196302577853203,0.5141923427581787,0.2058117687702179,0.004351645242422819,0.5186492204666138,0.22175830602645874,-0.002536032348871231,0.5410074591636658,0.34803885221481323,-0.004475829657167196,0.5447216033935547,0.22172826528549194,-0.011096803471446037,0.5426845550537109,0.1987263262271881,-0.007538599893450737,0.539876401424408,0.17811793088912964,-0.0031755848322063684,0.5186799764633179,0.2607544958591461,0.007175280712544918,0.5052782297134399,0.26973479986190796,0.01586141809821129,0.5430131554603577,0.2552274465560913,0.003920416347682476,0.5099756121635437,0.24833102524280548,0.009976142086088657,0.5472891330718994,0.2667417526245117,-0.005915710236877203,0.5465250015258789,0.2935279309749603,-0.021138545125722885,0.4999854266643524,0.2759794294834137,0.022310132160782814,0.5094268321990967,0.27494919300079346,0.010490556247532368,0.5169732570648193,0.2772561013698578,0.005026765633374453,0.5280245542526245,0.2752529978752136,0.0023004452232271433,0.5361893773078918,0.2712501883506775,0.001000917167402804,0.5423405170440674,0.2666592299938202,-0.0005846163257956505,0.5544325113296509,0.2546261250972748,-0.012068701907992363,0.5019902586936951,0.2935827374458313,0.020484119653701782,0.5054352283477783,0.24794618785381317,0.012768076732754707,0.5579685568809509,0.30237096548080444,-0.027045026421546936,0.5441327691078186,0.2804640531539917,-0.006237046793103218,0.49154818058013916,0.2611326575279236,0.058647144585847855,0.546841561794281,0.26158541440963745,-0.0014187273336574435,0.5414718389511108,0.2971363365650177,-0.004633820150047541,0.5136901140213013,0.2535807192325592,0.011755372397601604,0.5462847948074341,0.2882644832134247,-0.01889771968126297,0.49976709485054016,0.3201134204864502,0.059048157185316086,0.5430642366409302,0.2522560656070709,0.005362095311284065,0.5507307648658752,0.2829781472682953,-0.024476120248436928,0.5174272656440735,0.3565208911895752,0.02053813822567463,0.5185095071792603,0.366603285074234,0.03079169988632202,0.49708056449890137,0.29713669419288635,0.0414264053106308,0.5102456212043762,0.3464898467063904,0.028575344011187553,0.495726078748703,0.2435469925403595,0.03286683186888695,0.5402835607528687,0.3801780343055725,0.0008221547468565404,0.5584757924079895,0.3042725920677185,-0.019534500315785408,0.5391319394111633,0.2870800495147705,-0.004172987304627895,0.4997698664665222,0.2608591914176941,0.024503247812390327,0.5236906409263611,0.2569121718406677,0.005054384935647249,0.5285876393318176,0.2571461498737335,0.0035685717593878508,0.537155270576477,0.3389451503753662,-0.003937798086553812,0.5040670037269592,0.3106553852558136,0.02188378944993019,0.5503408312797546,0.3903341293334961,0.001955286832526326,0.5342537760734558,0.3824818730354309,0.014128459617495537,0.5270844101905823,0.3762337267398834,0.021391021087765694,0.5586839914321899,0.19821524620056152,-0.008782205171883106,0.561340868473053,0.39076024293899536,0.00028118208865635097,0.5335429310798645,0.2560912072658539,0.0032877607736736536,0.5382517576217651,0.25430750846862793,0.004063344094902277,0.5414272546768188,0.2532236874103546,0.005245944019407034,0.5013806819915771,0.24678371846675873,0.01880452036857605,0.53741854429245,0.24705824255943298,0.003152154851704836,0.5322925448417664,0.24532152712345123,0.0020529688335955143,0.52727210521698,0.24532614648342133,0.002314639510586858,0.5222898125648499,0.24708448350429535,0.0038352354895323515,0.5192267894744873,0.24942827224731445,0.005867079831659794,0.49148809909820557,0.2402947098016739,0.049237314611673355,0.520455539226532,0.25587818026542664,0.006981035228818655,0.5605378746986389,0.31323689222335815,-0.014757896773517132,0.5429907441139221,0.31759580969810486,-0.009345320984721184,0.5473842620849609,0.3000229299068451,-0.015494415536522865,0.5532376766204834,0.31406569480895996,-0.014408044517040253,0.5595302581787109,0.24288681149482727,-0.010205148719251156,0.5251182913780212,0.3663627505302429,0.01399098988622427,0.5325069427490234,0.3735401928424835,0.007653114385902882,0.5498630404472351,0.384211003780365,-0.005068800412118435,0.5115137696266174,0.3556688725948334,0.042183954268693924,0.5412304401397705,0.2500169575214386,0.0044462671503424644,0.5511664748191833,0.26794642210006714,-0.013765880838036537,0.5612779855728149,0.38438844680786133,-0.006512567400932312,0.5417619943618774,0.38737955689430237,0.006785170640796423,0.5003088712692261,0.31563130021095276,0.040087390691041946,0.5483595132827759,0.33341115713119507,-0.009356838651001453,0.5474740266799927,0.33575439453125,-0.010351589880883694,0.546779453754425,0.3387376368045807,-0.011674931272864342,0.5463753342628479,0.34245091676712036,-0.011226140893995762,0.5469226837158203,0.35157114267349243,-0.007334212306886911,0.5388834476470947,0.3354233503341675,-0.00441983575001359,0.537528932094574,0.3350602984428406,-0.004468891769647598,0.5363547801971436,0.3344791829586029,-0.004432923626154661,0.5332301259040833,0.32970893383026123,-0.0030653250869363546,0.5111777782440186,0.3137660026550293,0.009803356602787971,0.5509621500968933,0.2600128948688507,-0.008562931790947914,0.5471331477165222,0.2454633265733719,0.001272090943530202,0.5435472726821899,0.24682825803756714,0.003437203587964177,0.5403099656105042,0.3355921804904938,-0.003763668704777956,0.5116835832595825,0.3340742290019989,0.01784491166472435,0.5520877838134766,0.24464184045791626,-0.00625584414228797,0.5439048409461975,0.3617570996284485,-0.004627939313650131,0.560221791267395,0.26928701996803284,-0.024302775040268898,0.55494225025177,0.26309365034103394,-0.017755091190338135,0.5599972605705261,0.2609317898750305,-0.01910288631916046,0.5476409196853638,0.28139662742614746,-0.013705953024327755,0.5610949993133545,0.3756062388420105,-0.009625953622162342,0.5608781576156616,0.36439308524131775,-0.00917463656514883,0.5522561073303223,0.3646833598613739,-0.008119051344692707,0.5308906435966492,0.3491252362728119,0.0020530482288450003,0.5368027091026306,0.30432838201522827,-0.003567189211025834,0.5370816588401794,0.35672980546951294,-0.0012119479943066835,0.5231982469558716,0.30461055040359497,-0.0012351319892331958,0.5313628315925598,0.31324756145477295,-0.003038733499124646,0.518623948097229,0.31886520981788635,0.0029461912345141172,0.5504770874977112,0.3756621479988098,-0.008033274672925472,0.5444218516349792,0.28651192784309387,-0.009651374071836472,0.5264281630516052,0.35643133521080017,0.007497475482523441,0.5339714288711548,0.3645473122596741,0.003105460898950696,0.5258069634437561,0.3396948575973511,0.003415879560634494,0.5062832236289978,0.32489731907844543,0.02344476245343685,0.5190326571464539,0.3419112265110016,0.009411434642970562,0.5040977597236633,0.33212798833847046,0.036978721618652344,0.5268322825431824,0.32465729117393494,-0.0007567869033664465,0.5477883815765381,0.2740944027900696,-0.009689951315522194,0.5483096837997437,0.2970814108848572,-0.022426245734095573,0.54494708776474,0.29953351616859436,-0.01620931178331375,0.5506584048271179,0.29120928049087524,-0.026579875499010086,0.5423047542572021,0.23873767256736755,-0.0005930238403379917,0.5322971343994141,0.23428663611412048,-0.0018124165944755077,0.5236457586288452,0.23413005471229553,-0.0014820498181506991,0.5166766047477722,0.23683160543441772,0.001015253597870469,0.5119619965553284,0.24150234460830688,0.0048744273371994495,0.5097320079803467,0.25615841150283813,0.01416114903986454,0.4945450723171234,0.27894270420074463,0.04047302529215813,0.514594316482544,0.2667275667190552,0.009531892836093903,0.5205485224723816,0.2685415744781494,0.005909550003707409,0.5282569527626038,0.2680557668209076,0.0034420681186020374,0.535597562789917,0.26552844047546387,0.0024204084184020758,0.5413762927055359,0.26205047965049744,0.0021448107436299324,0.5453066229820251,0.2587592303752899,0.0017927024746313691,0.49349039793014526,0.280492901802063,0.06255576014518738,0.5450969338417053,0.30174800753593445,-0.01338246837258339,0.5513477325439453,0.27526727318763733,-0.018262237310409546,0.5522360801696777,0.29713425040245056,-0.02694498747587204,0.5551940202713013,0.3012620508670807,-0.024724852293729782,0.5522573590278625,0.2986740171909332,-0.0241564828902483,0.5466910600662231,0.3041083514690399,-0.011471572332084179,0.5562247633934021,0.3019113838672638,-0.026260744780302048,0.5567520260810852,0.3038492500782013,-0.01956414245069027,0.5451018810272217,0.2522661089897156,0.004526318982243538,0.548226535320282,0.2537705898284912,0.0010625337017700076,0.5500276684761047,0.25473758578300476,-0.0030893899966031313,0.5175324082374573,0.2511913478374481,0.007924364879727364,0.5131959915161133,0.2481321543455124,0.008216599002480507,0.5648961663246155,0.270456463098526,-0.02225760743021965,0.5987793207168579,0.2513001561164856,0.00917462445795536,0.5657539963722229,0.30224037170410156,-0.01956721395254135,0.622288167476654,0.2170034497976303,0.03790108859539032,0.5835235118865967,0.2588346600532532,0.002845290582627058,0.5891607403755188,0.25960618257522583,0.0033242939971387386,0.5945415496826172,0.25896522402763367,0.0050263055600225925,0.6014536619186401,0.25414153933525085,0.010117988102138042,0.5786604285240173,0.25644198060035706,0.0033531857188791037,0.5907915234565735,0.23458921909332275,0.0006182587239891291,0.5844520330429077,0.23521307110786438,0.0005986980395391583,0.596619188785553,0.23632889986038208,0.002689041430130601,0.6004536151885986,0.23972003161907196,0.005211505573242903,0.6066206097602844,0.2590752840042114,0.013140746392309666,0.5809608101844788,0.36932802200317383,-0.002191745676100254,0.6007444858551025,0.24904906749725342,0.01114767324179411,0.623883068561554,0.25470346212387085,0.03960445895791054,0.6131867170333862,0.253521203994751,0.01917591318488121,0.5881649851799011,0.29172834753990173,-0.0028802400920540094,0.5666645169258118,0.32331037521362305,-0.015651874244213104,0.5659916400909424,0.33075782656669617,-0.012984714470803738,0.5742158889770508,0.3266538381576538,-0.012401716783642769,0.5790244936943054,0.330442875623703,-0.008544916287064552,0.5718069672584534,0.3316364288330078,-0.01088004931807518,0.5763794183731079,0.33313876390457153,-0.007269324269145727,0.58477383852005,0.3417935371398926,-0.000942758284509182,0.5653704404830933,0.29756295680999756,-0.029689358547329903,0.5659105181694031,0.28918033838272095,-0.03139109909534454,0.6082168221473694,0.23356403410434723,0.007254994940012693,0.5765702724456787,0.2711739242076874,-0.003607172053307295,0.5778496265411377,0.29531577229499817,-0.015364063903689384,0.5780053734779358,0.29093682765960693,-0.013581530191004276,0.6054723262786865,0.2908405363559723,0.004851249977946281,0.5654138922691345,0.2789550721645355,-0.027841467410326004,0.5938425660133362,0.2247387170791626,-0.0032931827008724213,0.6021180748939514,0.22770917415618896,0.0014556151581928134,0.616527795791626,0.2009333074092865,0.026253584772348404,0.5695263743400574,0.2323349118232727,-0.008683472871780396,0.5790309906005859,0.238626629114151,0.0023216898553073406,0.589318037033081,0.33482369780540466,0.0010980612132698298,0.6163459420204163,0.3349835276603699,0.053343746811151505,0.5737414360046387,0.30023205280303955,-0.013220101594924927,0.569297730922699,0.3028956651687622,-0.014060679823160172,0.5845644474029541,0.3367500901222229,0.00037490128306671977,0.5831278562545776,0.336373507976532,-0.001320958836004138,0.6052265763282776,0.22209064662456512,0.004565821494907141,0.5780093669891357,0.29908642172813416,-0.012226558290421963,0.5830380916595459,0.22565799951553345,-0.006784492172300816,0.5837424993515015,0.21852439641952515,-0.007860586978495121,0.5922530889511108,0.17989811301231384,0.003294398309662938,0.6121128797531128,0.21009588241577148,0.013682172633707523,0.5884395241737366,0.19745852053165436,-0.002833370352163911,0.611748456954956,0.22954463958740234,0.012506562285125256,0.618323564529419,0.22286373376846313,0.024176258593797684,0.566515326499939,0.3273019790649414,-0.015016349032521248,0.5730284452438354,0.3293687105178833,-0.011964185163378716,0.5777619481086731,0.3318342864513397,-0.008445383049547672,0.5723689198493958,0.30180034041404724,-0.012162337079644203,0.5838332176208496,0.336581826210022,-0.0005384692922234535,0.5810156464576721,0.336942583322525,-0.004595329985022545,0.5823212265968323,0.33613237738609314,-0.0015413149958476424,0.5712078809738159,0.29745495319366455,-0.02119767852127552,0.5753001570701599,0.33390405774116516,-0.006142739672213793,0.5707764029502869,0.33306464552879333,-0.008342652581632137,0.5654295682907104,0.3329092264175415,-0.010222497396171093,0.5674229860305786,0.353426992893219,-0.00832974910736084,0.5672370195388794,0.34361183643341064,-0.013258757069706917,0.5667262077331543,0.339417427778244,-0.013576156459748745,0.5660991668701172,0.3357502222061157,-0.011936475522816181,0.5653543472290039,0.33298784494400024,-0.011191139928996563,0.5752439498901367,0.3339253067970276,-0.0068307435140013695,0.5764080286026001,0.33545857667922974,-0.0078035881742835045,0.5776947736740112,0.3374939560890198,-0.008882716298103333,0.5787968635559082,0.339878648519516,-0.00805505272001028,0.5833881497383118,0.32093992829322815,-0.006461283657699823,0.6232279539108276,0.2940039038658142,0.06331086903810501,0.578696072101593,0.33495014905929565,-0.003925232216715813,0.5797591805458069,0.3358694911003113,-0.004562002141028643,0.5675981640815735,0.3061876595020294,-0.014395172707736492,0.5759501457214355,0.30415627360343933,-0.008169942535459995,0.5684084296226501,0.30460211634635925,-0.014362188056111336,0.5826934576034546,0.27614691853523254,-0.0015834810910746455,0.5921516418457031,0.2815101742744446,0.0002026896399911493,0.578946590423584,0.29477545619010925,-0.010324073024094105,0.6069173812866211,0.1881718933582306,0.013914687559008598,0.6025269031524658,0.20123043656349182,0.004898820538073778,0.5956071615219116,0.21775603294372559,-0.0020309791434556246,0.5801351070404053,0.34620651602745056,-0.004197187256067991,0.5708033442497253,0.22074319422245026,-0.010914324782788754,0.5744310021400452,0.1971094310283661,-0.007332679815590382,0.5766591429710388,0.1763523817062378,-0.0029286728240549564,0.598960816860199,0.25733575224876404,0.007688805926591158,0.6131753921508789,0.2648817300796509,0.016496147960424423,0.5754380226135254,0.254183292388916,0.004110908601433039,0.6064091324806213,0.24357366561889648,0.010532788001000881,0.5725148320198059,0.26553040742874146,-0.0057438211515545845,0.5745077133178711,0.29221728444099426,-0.020999908447265625,0.619091808795929,0.27040594816207886,0.023042025044560432,0.6092313528060913,0.2705043852329254,0.011092295870184898,0.6019708514213562,0.2735508382320404,0.005528910085558891,0.591217577457428,0.27279940247535706,0.002684979001060128,0.5831552147865295,0.26957574486732483,0.0012972584227100015,0.5770717859268188,0.2656417489051819,-0.00035065526026301086,0.5651001930236816,0.2540940046310425,-0.01198606751859188,0.6180736422538757,0.2882547080516815,0.021211249753832817,0.6111189126968384,0.24258682131767273,0.01340327225625515,0.5635111331939697,0.3021157383918762,-0.027004485949873924,0.576109766960144,0.2789772152900696,-0.006054319906979799,0.6255996823310852,0.25476956367492676,0.05971546098589897,0.5724266767501831,0.2610973119735718,-0.0012611310230568051,0.57932049036026,0.29553741216659546,-0.004504180047661066,0.6033483743667603,0.24932578206062317,0.0123318862169981,0.5744914412498474,0.2869148552417755,-0.018749486654996872,0.6206027269363403,0.3144865930080414,0.06001673638820648,0.5753371715545654,0.2512516975402832,0.005578529089689255,0.5700128078460693,0.2820186913013458,-0.02436656877398491,0.6047180891036987,0.35202667117118835,0.02111130580306053,0.6039338707923889,0.3620684742927551,0.031475361436605453,0.6225842237472534,0.2912236452102661,0.042171917855739594,0.6116064786911011,0.3414369523525238,0.029212048277258873,0.6213635206222534,0.2375085949897766,0.033615842461586,0.5822493433952332,0.37787577509880066,0.0011336884927004576,0.5628587007522583,0.30409660935401917,-0.019509561359882355,0.5811983346939087,0.28524014353752136,-0.003940414637327194,0.6185430884361267,0.255161315202713,0.02518276870250702,0.5935190916061401,0.2543129026889801,0.005504802335053682,0.5888342261314392,0.25499048829078674,0.003943310119211674,0.5821916460990906,0.33822837471961975,-0.0036080717109143734,0.6167131066322327,0.3054681718349457,0.022579994052648544,0.5723603367805481,0.3891083300113678,0.002195929642766714,0.5884318947792053,0.3792625963687897,0.014557083137333393,0.5955702066421509,0.3723466992378235,0.021939953789114952,0.5841594934463501,0.25428858399391174,0.0036192245315760374,0.5796667337417603,0.2528134882450104,0.004351240582764149,0.576772928237915,0.252031534910202,0.00549400644376874,0.6154242753982544,0.2405197024345398,0.01947309635579586,0.5803611278533936,0.24504226446151733,0.0034605227410793304,0.5851038098335266,0.2427777200937271,0.00243550818413496,0.589782178401947,0.24255231022834778,0.002775358036160469,0.5944599509239197,0.2439666986465454,0.004328403156250715,0.5974597334861755,0.2460443079471588,0.006378965452313423,0.6249340772628784,0.23389318585395813,0.05028269812464714,0.5966233611106873,0.25286608934402466,0.007474668323993683,0.578075110912323,0.31609976291656494,-0.009138250723481178,0.5737943649291992,0.2988160252571106,-0.015379714779555798,0.5679940581321716,0.31344109773635864,-0.014324572868645191,0.5971822738647461,0.362554669380188,0.01449741143733263,0.5898886322975159,0.37038087844848633,0.008045118302106857,0.572753369808197,0.38298919796943665,-0.004895967431366444,0.610582709312439,0.35061514377593994,0.04296312481164932,0.5769050121307373,0.24869555234909058,0.0046952860429883,0.5688876509666443,0.2670876979827881,-0.013662014156579971,0.5809329748153687,0.38504713773727417,0.007132049184292555,0.6202207207679749,0.30994004011154175,0.04081723093986511,0.5707105994224548,0.3331119418144226,-0.009207372553646564,0.5718425512313843,0.3354043960571289,-0.010212309658527374,0.5728575587272644,0.33835721015930176,-0.011543608270585537,0.5737054944038391,0.3420862555503845,-0.011089107021689415,0.5743635296821594,0.35024696588516235,-0.00710382591933012,0.5800821185112,0.3347707986831665,-0.0041193608194589615,0.5813720226287842,0.3343598246574402,-0.0041440874338150024,0.5825238227844238,0.3337276577949524,-0.004072620999068022,0.5875402688980103,0.32734742760658264,-0.002695287810638547,0.6097245812416077,0.30928391218185425,0.010481171309947968,0.5686713457107544,0.25917550921440125,-0.008434957824647427,0.5709514617919922,0.24457499384880066,0.0013858020538464189,0.5744204521179199,0.2455199807882309,0.0036079189740121365,0.5787149667739868,0.33498525619506836,-0.003485220018774271,0.6097711324691772,0.32933780550956726,0.018504157662391663,0.5659533143043518,0.24453064799308777,-0.0061783273704349995,0.5778918862342834,0.36000484228134155,-0.004391069523990154,0.5650396943092346,0.26257503032684326,-0.017699800431728363,0.572814404964447,0.2802272439002991,-0.013581027276813984,0.5695998072624207,0.3638143241405487,-0.007998240180313587,0.5904870629310608,0.3462793231010437,0.0024591470137238503,0.5840002298355103,0.30230966210365295,-0.0033417476806789637,0.5845069885253906,0.3543350398540497,-0.0009077954455278814,0.5974932909011841,0.30133822560310364,-0.0007467939867638052,0.5895440578460693,0.31072333455085754,-0.002710377797484398,0.6024057269096375,0.31508317589759827,0.0034999551717191935,0.571815550327301,0.3745908737182617,-0.007882381789386272,0.5761328935623169,0.285031259059906,-0.009513880126178265,0.5954243540763855,0.35290586948394775,0.00800254661589861,0.5880316495895386,0.361676424741745,0.003482821164652705,0.5953766107559204,0.33650821447372437,0.003960258327424526,0.6149678230285645,0.3197455406188965,0.02416929416358471,0.6024876832962036,0.3378545045852661,0.01003816444426775,0.6171614527702332,0.32665497064590454,0.03768318146467209,0.5941574573516846,0.3217044472694397,-0.00029224102036096156,0.5723280906677246,0.2729341387748718,-0.009546121582388878,0.5729116797447205,0.295927494764328,-0.022280290722846985,0.5762006640434265,0.29809290170669556,-0.01608983427286148,0.5704817175865173,0.2902512848377228,-0.026427166536450386,0.5747780203819275,0.23731158673763275,-0.0004143999540247023,0.5837252140045166,0.23196832835674286,-0.001437141327187419,0.5918437838554382,0.23105084896087646,-0.000991625594906509,0.5987063050270081,0.2330174744129181,0.0015842302236706018,0.6036468744277954,0.23707562685012817,0.005432468838989735,0.6075637340545654,0.2513801157474518,0.014772680588066578,0.6240668892860413,0.2728308439254761,0.04128004238009453,0.6034920811653137,0.2627236545085907,0.010065330192446709,0.5978381037712097,0.26519638299942017,0.006384415552020073,0.590377688407898,0.26557374000549316,0.0038332981057465076,0.5832144021987915,0.26374900341033936,0.002700844779610634,0.577603280544281,0.26080095767974854,0.0023357877507805824,0.5737095475196838,0.25788527727127075,0.0019283901201561093,0.6246654391288757,0.27441301941871643,0.06360706686973572,0.5759989023208618,0.3003644347190857,-0.013257645070552826,0.569061279296875,0.2744062542915344,-0.01817558892071247,0.5691090822219849,0.296334445476532,-0.026837021112442017,0.5661512017250061,0.3007841110229492,-0.024658063426613808,0.5690585970878601,0.29796189069747925,-0.02406533993780613,0.5744036436080933,0.30291008949279785,-0.011365138925611973,0.5651893615722656,0.3015204668045044,-0.02620200626552105,0.5645365118980408,0.30350261926651,-0.019527627155184746,0.5733431577682495,0.25140756368637085,0.004672066308557987,0.5705780982971191,0.2531442642211914,0.001159131876192987,0.5688318014144897,0.2545291781425476,-0.002980763791128993,0.5992568135261536,0.24765212833881378,0.008470012806355953,0.6031012535095215,0.24389681220054626,0.008767974562942982,0.528193473815918,0.2503115236759186,0.005152967292815447,0.5345632433891296,0.2496665120124817,0.005152967292815447,0.5276653170585632,0.24295000731945038,0.005152967292815447,0.521751880645752,0.25087422132492065,0.005152967292815447,0.5286659598350525,0.25760647654533386,0.005152967292815447,0.5890401601791382,0.2477368861436844,0.005552008282393217,0.5952082872390747,0.2478771209716797,0.005552008282393217,0.5890659689903259,0.2397729605436325,0.005552008282393217,0.5829522013664246,0.2475385069847107,0.005552008282393217,0.5890558362007141,0.255736768245697,0.005552008282393217
1666.6666666666656,0.5582127571105957,0.32333868741989136,-0.0162106491625309,0.5606783032417297,0.2959078550338745,-0.029814502224326134,0.5603582262992859,0.3047613203525543,-0.015718411654233932,0.5553534030914307,0.2691313624382019,-0.022100867703557014,0.5605898499488831,0.2872828245162964,-0.03167477995157242,0.5603066086769104,0.2763807475566864,-0.029284348711371422,0.5594794750213623,0.25051349401474,-0.014123360626399517,0.5174908638000488,0.2534945607185364,0.007977468892931938,0.5589359998703003,0.23193734884262085,-0.010558634996414185,0.5587026476860046,0.2204827070236206,-0.01173078641295433,0.5578635931015015,0.1759774386882782,-0.0045725335367023945,0.5582724809646606,0.32634851336479187,-0.015511159785091877,0.5583720207214355,0.3295811414718628,-0.013595552183687687,0.5585638880729675,0.33184829354286194,-0.010605343617498875,0.5584539175033569,0.3319050073623657,-0.01152366679161787,0.5585201978683472,0.3350890576839447,-0.012085692025721073,0.5586168169975281,0.33903804421424866,-0.013540065847337246,0.5587781667709351,0.3434258699417114,-0.013190703466534615,0.5608124136924744,0.35201072692871094,-0.008259356021881104,0.5606520175933838,0.3005110025405884,-0.026977406814694405,0.5554501414299011,0.300739049911499,-0.01938639022409916,0.4932056665420532,0.22216704487800598,0.03549906238913536,0.5341083407402039,0.259324848651886,0.002081238431856036,0.5283147096633911,0.26063451170921326,0.0024256566539406776,0.5227411985397339,0.26060402393341064,0.003983872942626476,0.515285313129425,0.2568051517009735,0.008849415928125381,0.5390779972076416,0.2567085921764374,0.002750214422121644,0.5245968699455261,0.23662500083446503,-0.0003669613506644964,0.5314156413078308,0.23695296049118042,-0.00018276773334946483,0.5184444189071655,0.23870258033275604,0.0015652352012693882,0.5145934820175171,0.24234360456466675,0.004024354740977287,0.510852038860321,0.2622320055961609,0.011748015880584717,0.5415292978286743,0.36947304010391235,-0.002532021142542362,0.5154125094413757,0.25156068801879883,0.009866908192634583,0.4931761622428894,0.2595822513103485,0.03751857951283455,0.5040863156318665,0.2574051022529602,0.017595937475562096,0.5323212742805481,0.2925430238246918,-0.003528409404680133,0.5510779023170471,0.3218141198158264,-0.015567261725664139,0.552161455154419,0.3295941948890686,-0.012910828925669193,0.5441463589668274,0.32554861903190613,-0.012518245726823807,0.5396937131881714,0.3296252489089966,-0.008888386189937592,0.5467798113822937,0.33067479729652405,-0.010955341160297394,0.5424559712409973,0.33233603835105896,-0.007568649016320705,0.5362975597381592,0.34225916862487793,-0.0015599962789565325,0.5560805797576904,0.2959873080253601,-0.029359839856624603,0.5552704334259033,0.28779178857803345,-0.031052960082888603,0.5062121152877808,0.23721075057983398,0.005866218823939562,0.5430841445922852,0.2711254060268402,-0.004033357836306095,0.5431124567985535,0.295165091753006,-0.015515899285674095,0.5426846146583557,0.29086098074913025,-0.013766277581453323,0.514890193939209,0.2933148741722107,0.0036405553109943867,0.5553128123283386,0.2776465117931366,-0.02758793905377388,0.5197778940200806,0.22656477987766266,-0.004308932926505804,0.5115857124328613,0.2305387556552887,0.00022400511079467833,0.4989142119884491,0.2056635618209839,0.02414478361606598,0.5463494658470154,0.231507807970047,-0.0089662354439497,0.5374459624290466,0.23990987241268158,0.0016913117142394185,0.5316471457481384,0.33575886487960815,0.00028675084467977285,0.5043410658836365,0.3387346565723419,0.05097159370779991,0.5473194718360901,0.2995961010456085,-0.013355884701013565,0.5517942905426025,0.3018055558204651,-0.01401316374540329,0.5346291661262512,0.33635395765304565,-0.0003785429580602795,0.5360205173492432,0.3359074592590332,-0.001951216021552682,0.5082429051399231,0.225797638297081,0.0032273470424115658,0.5429086685180664,0.2989153265953064,-0.012421097606420517,0.5312541723251343,0.22628284990787506,-0.007426043972373009,0.5298737287521362,0.21956494450569153,-0.008496662601828575,0.5236524939537048,0.18253083527088165,0.00218441360630095,0.504109263420105,0.21427133679389954,0.01209959015250206,0.5279784798622131,0.19944161176681519,-0.0036433101631700993,0.502798855304718,0.23404771089553833,0.010946976020932198,0.49804091453552246,0.22746813297271729,0.0224066860973835,0.5514485239982605,0.3260214328765869,-0.014921840280294418,0.5454499125480652,0.3283478915691376,-0.012050737626850605,0.5410219430923462,0.3310513496398926,-0.008750871755182743,0.5486294627189636,0.30103886127471924,-0.012210285291075706,0.5353512167930603,0.3361485004425049,-0.001211958471685648,0.5381627678871155,0.33652207255363464,-0.005049209110438824,0.5367971658706665,0.3356435298919678,-0.0021396337542682886,0.5499557852745056,0.2964552938938141,-0.02116493321955204,0.5435736179351807,0.333167165517807,-0.006413717288523912,0.5478597283363342,0.33216091990470886,-0.008407168090343475,0.552923858165741,0.33180612325668335,-0.010107041336596012,0.5542202591896057,0.3521970510482788,-0.008198236115276814,0.5518749952316284,0.3432527482509613,-0.013030696660280228,0.5519522428512573,0.33882367610931396,-0.013332444243133068,0.5522747039794922,0.3348948061466217,-0.011677212081849575,0.5528607368469238,0.33187606930732727,-0.011012331582605839,0.5435363054275513,0.33319592475891113,-0.007065113168209791,0.5425134897232056,0.3348798155784607,-0.007999841123819351,0.5413877964019775,0.33705049753189087,-0.009094729088246822,0.540532112121582,0.3395698666572571,-0.008324040099978447,0.5376017093658447,0.3214028477668762,-0.0069060479290783405,0.4951438903808594,0.29846933484077454,0.06059372425079346,0.5605233907699585,0.3025583028793335,-0.019633710384368896,0.5403047800064087,0.33433568477630615,-0.004374702926725149,0.5392794609069824,0.33536624908447266,-0.004976915195584297,0.5535587072372437,0.30493029952049255,-0.014323479495942593,0.5449932217597961,0.30375880002975464,-0.008316745050251484,0.5527392625808716,0.3033968508243561,-0.014301830902695656,0.5370609760284424,0.2766234874725342,-0.0021952504757791758,0.5278712511062622,0.28276878595352173,-0.000623213651124388,0.5417890548706055,0.2947350740432739,-0.010578080080449581,0.5086943507194519,0.19207432866096497,0.012234478257596493,0.5136856436729431,0.20449349284172058,0.003682187758386135,0.5175195336341858,0.22035177052021027,-0.0030532509554177523,0.5412229895591736,0.34627753496170044,-0.0046163285151124,0.5438947677612305,0.22038470208644867,-0.011198596097528934,0.5422600507736206,0.19776639342308044,-0.0077656968496739864,0.5394638180732727,0.17763380706310272,-0.0034985789097845554,0.5180515050888062,0.25949954986572266,0.00649823946878314,0.5050077438354492,0.2682507038116455,0.014961373060941696,0.5423625111579895,0.2542085647583008,0.0035402015782892704,0.5091564059257507,0.24688030779361725,0.009187370538711548,0.5470316410064697,0.2651297152042389,-0.006047861184924841,0.546464741230011,0.29164668917655945,-0.021019866690039635,0.4996417164802551,0.2745599150657654,0.0212699081748724,0.5091692209243774,0.2735118269920349,0.009691225364804268,0.5167455077171326,0.2758651077747345,0.004382931161671877,0.5277833342552185,0.2739216685295105,0.0018306883284822106,0.5359163880348206,0.2700062692165375,0.0006326920120045543,0.5420414805412292,0.26549747586250305,-0.0008606160990893841,0.5541765689849854,0.25299036502838135,-0.012006225995719433,0.5017349720001221,0.2921037971973419,0.019495468586683273,0.5047214031219482,0.24641448259353638,0.01188868097960949,0.5578990578651428,0.30038607120513916,-0.026699265465140343,0.5439456105232239,0.2788161635398865,-0.006400391925126314,0.4907362461090088,0.2599365711212158,0.05690120905637741,0.546513557434082,0.2604714035987854,-0.0016371029196307063,0.5413486957550049,0.29552289843559265,-0.004807911813259125,0.5128511190414429,0.2522781789302826,0.01097956020385027,0.5461963415145874,0.2864646911621094,-0.018820103257894516,0.4989142417907715,0.31862884759902954,0.05740108713507652,0.5424085259437561,0.25125426054000854,0.004940264858305454,0.5506478548049927,0.28115755319595337,-0.024272125214338303,0.5173102617263794,0.35468220710754395,0.019853172823786736,0.5182068943977356,0.36482954025268555,0.029812054708600044,0.49650803208351135,0.2956783175468445,0.040133118629455566,0.5100617408752441,0.34468552470207214,0.027676725760102272,0.49520763754844666,0.24226027727127075,0.03165121003985405,0.5404779314994812,0.37834054231643677,0.0007566622225567698,0.558370053768158,0.3023263216018677,-0.0192773025482893,0.538986086845398,0.2854856848716736,-0.004406742751598358,0.49947068095207214,0.2592763602733612,0.0234366524964571,0.5230032801628113,0.2556946873664856,0.004452370572835207,0.5279167890548706,0.25588396191596985,0.0030283534433692694,0.5371479988098145,0.33790886402130127,-0.004147286992520094,0.503871738910675,0.3090651333332062,0.02092553675174713,0.5505580306053162,0.3887304663658142,0.002040691440925002,0.5341765880584717,0.38078030943870544,0.013661338947713375,0.5268652439117432,0.37448549270629883,0.020681273192167282,0.5582299828529358,0.19732403755187988,-0.008817370049655437,0.5616592764854431,0.3891809582710266,0.0005869166343472898,0.5328567028045654,0.2548398971557617,0.002809160389006138,0.5375345945358276,0.25316593050956726,0.0036209302488714457,0.5407419204711914,0.2521740198135376,0.0048148599453270435,0.5007584691047668,0.2451878935098648,0.01781044527888298,0.5366841554641724,0.2463095486164093,0.0026916670612990856,0.53154057264328,0.24462109804153442,0.0015680184587836266,0.5265365839004517,0.24453701078891754,0.0017794929444789886,0.5215598940849304,0.24613246321678162,0.0032314464915543795,0.5184725522994995,0.24834519624710083,0.005211445968598127,0.49075835943222046,0.23918317258358002,0.04760831221938133,0.5197247266769409,0.25468555092811584,0.006323360372334719,0.5603736639022827,0.3115639090538025,-0.014536067843437195,0.5430034399032593,0.31605303287506104,-0.009447288699448109,0.5472715497016907,0.29813525080680847,-0.015429950319230556,0.553167998790741,0.3124326765537262,-0.014282813295722008,0.5591817498207092,0.2413417547941208,-0.010127490386366844,0.5250309705734253,0.36453208327293396,0.013504188507795334,0.5325602293014526,0.37170106172561646,0.00737101910635829,0.550138533115387,0.3823772072792053,-0.004905427806079388,0.5110644698143005,0.3539453148841858,0.04092628136277199,0.5405439138412476,0.24911649525165558,0.004011508543044329,0.5509766936302185,0.266236811876297,-0.013717507012188435,0.5615911483764648,0.38255971670150757,-0.006170598324388266,0.541857123374939,0.3857216238975525,0.006596339866518974,0.4998018741607666,0.31407567858695984,0.03887356072664261,0.5478167533874512,0.33221837878227234,-0.009253780357539654,0.5468200445175171,0.3347359001636505,-0.010184790007770061,0.5460561513900757,0.3378966450691223,-0.011535490863025188,0.5455970168113708,0.34180909395217896,-0.01112090889364481,0.5471547842025757,0.34975466132164,-0.007313836365938187,0.5389238595962524,0.33419227600097656,-0.004641206003725529,0.537586510181427,0.3338257372379303,-0.004711222369223833,0.5364475846290588,0.33321958780288696,-0.004684741143137217,0.5334269404411316,0.3281807601451874,-0.003387677948921919,0.5112040042877197,0.3121049106121063,0.009113145060837269,0.5507028698921204,0.2583853602409363,-0.008606855757534504,0.5464956760406494,0.24444952607154846,0.0009755448554642498,0.5428528785705566,0.24588431417942047,0.0030499743297696114,0.5403614044189453,0.3343624770641327,-0.003968206699937582,0.5116662979125977,0.332307904958725,0.01708870381116867,0.5516310334205627,0.24353060126304626,-0.006352161522954702,0.5441797971725464,0.3598273992538452,-0.004643024876713753,0.5600292086601257,0.26751014590263367,-0.023978549987077713,0.5547376275062561,0.2613731324672699,-0.017593568190932274,0.5597613453865051,0.25921162962913513,-0.018856247887015343,0.5475119352340698,0.2796603739261627,-0.013694055378437042,0.5613711476325989,0.37364068627357483,-0.009249253198504448,0.5610790252685547,0.36246129870414734,-0.008817728608846664,0.5525488257408142,0.3627232611179352,-0.007905833423137665,0.5309624075889587,0.3473609983921051,0.0017354467418044806,0.5367570519447327,0.3027401566505432,-0.0038190013729035854,0.5372374653816223,0.35486751794815063,-0.0013920966302976012,0.523302435874939,0.30298417806625366,-0.0016520303906872869,0.5314392447471619,0.3116418719291687,-0.0033770196605473757,0.51873779296875,0.31719881296157837,0.0024422043934464455,0.550794780254364,0.3736879229545593,-0.007831580936908722,0.5442734360694885,0.2848254442214966,-0.009737898595631123,0.5264325141906738,0.3546190559864044,0.007096697576344013,0.5341155529022217,0.36265838146209717,0.002886615227907896,0.5259016156196594,0.33800485730171204,0.003000902244821191,0.5061281323432922,0.3232126235961914,0.022534780204296112,0.519057035446167,0.3401426374912262,0.00886834692209959,0.5037123560905457,0.33045923709869385,0.035869576036930084,0.5269874334335327,0.323064386844635,-0.0011467112926766276,0.5475962162017822,0.2724076807498932,-0.009755311533808708,0.5482447743415833,0.2951267659664154,-0.02227385714650154,0.5448582768440247,0.29771512746810913,-0.01616186834871769,0.5506078600883484,0.28927868604660034,-0.026331128552556038,0.5415249466896057,0.23768553137779236,-0.0009378486429341137,0.531423807144165,0.23314052820205688,-0.0022263124119490385,0.5227023959159851,0.23288334906101227,-0.0019772674422711134,0.5157060027122498,0.23550088703632355,0.00042430360917933285,0.5110114216804504,0.24008597433567047,0.004187603481113911,0.509075939655304,0.25476154685020447,0.013322480022907257,0.4939557611942291,0.27756062150001526,0.03914972022175789,0.5141237378120422,0.2653881311416626,0.008791232481598854,0.5201607346534729,0.2672269642353058,0.005287747830152512,0.5278548002243042,0.26676222681999207,0.0029417448677122593,0.5351527333259583,0.2642998695373535,0.0019944121595472097,0.5408983826637268,0.260924756526947,0.0018094112165272236,0.5448206663131714,0.2576894760131836,0.0014935529325157404,0.49264347553253174,0.27921348810195923,0.060769692063331604,0.5449949502944946,0.29999324679374695,-0.013370084576308727,0.5512148141860962,0.27350175380706787,-0.018149113282561302,0.5521878600120544,0.29513663053512573,-0.026668084785342216,0.5551406145095825,0.29929351806640625,-0.024433325976133347,0.5521976351737976,0.29668349027633667,-0.023920241743326187,0.5466009378433228,0.30239948630332947,-0.011449846439063549,0.5561748743057251,0.29993510246276855,-0.025934666395187378,0.5566604733467102,0.30191269516944885,-0.019320348277688026,0.5444413423538208,0.2512809932231903,0.004158960655331612,0.5477114319801331,0.2527337968349457,0.0008048672461882234,0.5496398210525513,0.2536584138870239,-0.003229393856599927,0.5167563557624817,0.25003623962402344,0.007230078801512718,0.5123175978660583,0.24676087498664856,0.007486372254788876,0.5646480917930603,0.26870256662368774,-0.021889684721827507,0.5976347923278809,0.24939541518688202,0.009435208514332771,0.5654749870300293,0.30031418800354004,-0.019224373623728752,0.6206809878349304,0.21633687615394592,0.03822597488760948,0.5823244452476501,0.25744256377220154,0.0030195422004908323,0.5880148410797119,0.25803112983703613,0.0035624701995402575,0.5934102535247803,0.2572571933269501,0.0053047556430101395,0.6002384424209595,0.2523155212402344,0.010412276722490788,0.5773859620094299,0.25518399477005005,0.0034679060336202383,0.5896332263946533,0.23312422633171082,0.0008688333327881992,0.583232045173645,0.233831524848938,0.0007700629066675901,0.5955085754394531,0.23474366962909698,0.0029881736263632774,0.5993303060531616,0.23802337050437927,0.0055199614726006985,0.6053934693336487,0.2574186325073242,0.01346074789762497,0.5808388590812683,0.367426335811615,-0.001733028911985457,0.5995157361030579,0.24715708196163177,0.01140885055065155,0.622359037399292,0.25361937284469604,0.03980746865272522,0.6118950247764587,0.2520906627178192,0.019498299807310104,0.5873188972473145,0.2902269661426544,-0.002498132875189185,0.565455436706543,0.32136550545692444,-0.015316881239414215,0.5648661255836487,0.32922184467315674,-0.01268161740154028,0.5730586051940918,0.32473573088645935,-0.012017817236483097,0.5779968500137329,0.32858648896217346,-0.008174416609108448,0.5707771182060242,0.33002039790153503,-0.010536318644881248,0.575477123260498,0.33147701621055603,-0.006954716518521309,0.5842969417572021,0.3402571976184845,-0.0005870065651834011,0.5652236342430115,0.29556718468666077,-0.029225021600723267,0.5657703876495361,0.28728345036506653,-0.030903538689017296,0.6072949171066284,0.23208418488502502,0.007659194525331259,0.5758991241455078,0.26966121792793274,-0.003367682686075568,0.5773348212242126,0.29365500807762146,-0.014929010532796383,0.5774527788162231,0.2893342673778534,-0.013171362690627575,0.604244589805603,0.28941506147384644,0.00532333692535758,0.5652122497558594,0.2771467864513397,-0.02739143557846546,0.5931450724601746,0.2232683300971985,-0.0029661536682397127,0.6013258695602417,0.22626224160194397,0.0018415681552141905,0.6150919198989868,0.20035356283187866,0.026607772335410118,0.5688571333885193,0.23069070279598236,-0.008527725003659725,0.5777567625045776,0.23728206753730774,0.002414575545117259,0.5886867046356201,0.3334195017814636,0.0015073270769789815,0.6150328516960144,0.3336274027824402,0.053537365049123764,0.5732746720314026,0.29847845435142517,-0.012866378761827946,0.5689253807067871,0.3011382222175598,-0.013757399283349514,0.583824098110199,0.3350161910057068,0.0006997875752858818,0.582423985004425,0.334686279296875,-0.0010296315886080265,0.6044639945030212,0.22072112560272217,0.00493905832991004,0.577440619468689,0.29749682545661926,-0.011834630742669106,0.5823549032211304,0.224084734916687,-0.006530647166073322,0.583186686038971,0.2169552594423294,-0.007593060377985239,0.5912487506866455,0.17950555682182312,0.003554948605597019,0.6109643578529358,0.20913851261138916,0.013988854363560677,0.5877033472061157,0.1965913474559784,-0.002626753645017743,0.6107690930366516,0.22816868126392365,0.012884026393294334,0.6169403195381165,0.2218945175409317,0.0244456734508276,0.5653144717216492,0.32557937502861023,-0.014684762805700302,0.5719051957130432,0.32761451601982117,-0.011597767472267151,0.576748251914978,0.3300841450691223,-0.008100846782326698,0.5719058513641357,0.3000786304473877,-0.011841228231787682,0.5831049084663391,0.33487024903297424,-0.00024130776000674814,0.5801551342010498,0.3353859484195709,-0.004273190628737211,0.5816254019737244,0.33447059988975525,-0.0012502572499215603,0.5708515644073486,0.2955278158187866,-0.020751122385263443,0.5745337009429932,0.3323229253292084,-0.005822977051138878,0.5698546767234802,0.3315528929233551,-0.007994157262146473,0.564419686794281,0.33148708939552307,-0.009882200509309769,0.5674200057983398,0.35163623094558716,-0.007951254025101662,0.5659183859825134,0.3428855538368225,-0.012784562073647976,0.5654643774032593,0.33844807744026184,-0.013075091876089573,0.5649269223213196,0.334521621465683,-0.01144611369818449,0.564285159111023,0.3315356969833374,-0.01078503206372261,0.5744041204452515,0.33237409591674805,-0.006480792537331581,0.5754968523979187,0.3339798152446747,-0.007409798912703991,0.5766919255256653,0.33610305190086365,-0.008490239270031452,0.5777053236961365,0.33858197927474976,-0.007680084556341171,0.5827639698982239,0.3195303678512573,-0.006098547950387001,0.6216375827789307,0.29283562302589417,0.06343147158622742,0.577984631061554,0.33338114619255066,-0.003619901370257139,0.5789675116539001,0.3343043625354767,-0.004238279070705175,0.5672836899757385,0.30445802211761475,-0.01409048680216074,0.575372040271759,0.30261510610580444,-0.007871221750974655,0.5680620670318604,0.30285826325416565,-0.014054394327104092,0.5819008350372314,0.2746904790401459,-0.0012900839792564511,0.5911931395530701,0.28008192777633667,0.0005924982251599431,0.578342854976654,0.29321420192718506,-0.009948951192200184,0.605695366859436,0.18766853213310242,0.01425513532012701,0.6016163229942322,0.2002859115600586,0.005168284755200148,0.5949907302856445,0.2163275182247162,-0.0017071269685402513,0.5798096060752869,0.3445504307746887,-0.00384106975980103,0.5703037977218628,0.21904394030570984,-0.010729040950536728,0.5738297700881958,0.19630208611488342,-0.007226479705423117,0.5758886933326721,0.17602157592773438,-0.002807210199534893,0.5977838635444641,0.25554198026657104,0.007988210767507553,0.6119621396064758,0.26340875029563904,0.016849128529429436,0.5741183757781982,0.25296750664711,0.0041815838776528835,0.6053071022033691,0.2419104129076004,0.010865324176847935,0.5719356536865234,0.2639799118041992,-0.005517901387065649,0.5741127729415894,0.2904055714607239,-0.020533939823508263,0.6176507472991943,0.26916319131851196,0.02341383509337902,0.6080519556999207,0.268935889005661,0.011474213562905788,0.6008760929107666,0.27197909355163574,0.005900939926505089,0.5901226997375488,0.271235853433609,0.002997493837028742,0.5820688605308533,0.26805609464645386,0.0015300337690860033,0.5759827494621277,0.2641385793685913,-0.00016857449372764677,0.5647269487380981,0.2524939179420471,-0.011775641702115536,0.61662757396698,0.2869252562522888,0.02162940800189972,0.6099978685379028,0.2410736232995987,0.013764632865786552,0.5633500218391418,0.30012738704681396,-0.026581579819321632,0.5754689574241638,0.27741390466690063,-0.005776887759566307,0.6239525079727173,0.25387439131736755,0.05988454073667526,0.5713961124420166,0.25955861806869507,-0.0011279759928584099,0.5786325335502625,0.29401829838752747,-0.00422052014619112,0.6021291613578796,0.2474832832813263,0.012608945369720459,0.574038565158844,0.2851943373680115,-0.01831446774303913,0.619143009185791,0.31319260597229004,0.0601683147251606,0.5738853812217712,0.25004932284355164,0.0056198518723249435,0.5697005987167358,0.28024107217788696,-0.0239094328135252,0.6039753556251526,0.3503885567188263,0.02149253524839878,0.6032676100730896,0.3605796694755554,0.0318133644759655,0.6210970878601074,0.2899208962917328,0.042402490973472595,0.6105244159698486,0.33985888957977295,0.02956710010766983,0.6198682188987732,0.2365007847547531,0.033839598298072815,0.5822842717170715,0.3760744035243988,0.0016045114025473595,0.562669038772583,0.30216342210769653,-0.019200770184397697,0.5804505944252014,0.28373345732688904,-0.0036311252042651176,0.6171885132789612,0.25395381450653076,0.025493506342172623,0.5924763679504395,0.2525489926338196,0.005754371173679829,0.5877640843391418,0.2534164786338806,0.0041588786989450455,0.5812920331954956,0.33668839931488037,-0.003281014272943139,0.6152840256690979,0.3040303885936737,0.02299434132874012,0.5726614594459534,0.3875204920768738,0.002633696887642145,0.5884101986885071,0.3776908814907074,0.014977846294641495,0.5952948927879333,0.3707902431488037,0.02232576534152031,0.5829949975013733,0.2529181241989136,0.003787821624428034,0.57838374376297,0.2516045570373535,0.00446699745953083,0.5753964185714722,0.2508697509765625,0.0055632698349654675,0.6141803860664368,0.23919755220413208,0.019824421033263206,0.5789197683334351,0.2438099980354309,0.0035697256680577993,0.5837222337722778,0.24148446321487427,0.0026071544270962477,0.5885007977485657,0.2411441057920456,0.0029988205060362816,0.5932227969169617,0.24238678812980652,0.004589516203850508,0.5962353944778442,0.24430114030838013,0.006647428032010794,0.6232749819755554,0.23312261700630188,0.050528451800346375,0.5955321788787842,0.25099802017211914,0.007733391597867012,0.5775719881057739,0.31465205550193787,-0.008793204091489315,0.5733502507209778,0.29701390862464905,-0.015003281645476818,0.56771320104599,0.3118594288825989,-0.014010651968419552,0.5967667698860168,0.3608402609825134,0.014889669604599476,0.5897042155265808,0.3686365783214569,0.00846803281456232,0.5729517936706543,0.3811507821083069,-0.0044350530952215195,0.6095485687255859,0.3491950035095215,0.04323743283748627,0.5754647254943848,0.24747247993946075,0.004773195367306471,0.5684806108474731,0.2654227614402771,-0.01337243802845478,0.5811113119125366,0.38346344232559204,0.007606355007737875,0.6187995076179504,0.308538019657135,0.04107043147087097,0.5697203874588013,0.3315908908843994,-0.008810284547507763,0.5707784295082092,0.3340391218662262,-0.009750406257808208,0.5716918706893921,0.3371656835079193,-0.01109172310680151,0.5724426507949829,0.34109699726104736,-0.01067274995148182,0.5742084383964539,0.3485020697116852,-0.006729727610945702,0.5793179273605347,0.33309075236320496,-0.003821010934188962,0.5805132389068604,0.3326271176338196,-0.0038164996076375246,0.5816290378570557,0.33194833993911743,-0.003720529144629836,0.5868589282035828,0.3259715437889099,-0.002298066159710288,0.6084336638450623,0.30776771903038025,0.010964962653815746,0.5681969523429871,0.25759533047676086,-0.00822508055716753,0.5698367357254028,0.24316227436065674,0.0014018549118191004,0.5731016397476196,0.24422037601470947,0.0036578024737536907,0.5780478119850159,0.3333718478679657,-0.0031981056090444326,0.6086345911026001,0.3277648985385895,0.01893492601811886,0.5652071833610535,0.24296633899211884,-0.006098371930420399,0.577695369720459,0.3581438362598419,-0.004001884255558252,0.5647402405738831,0.26087793707847595,-0.01741325855255127,0.572314977645874,0.2785637080669403,-0.013243178837001324,0.5696027874946594,0.3618758022785187,-0.007578086573630571,0.5900061726570129,0.34463444352149963,0.00286541017703712,0.5832590460777283,0.3008165657520294,-0.003022199496626854,0.5841771364212036,0.3525654971599579,-0.0005223138141445816,0.5964709520339966,0.2998161017894745,-0.0002823075628839433,0.5887457728385925,0.3092209994792938,-0.0023382233921438456,0.6013439893722534,0.3135417103767395,0.003981710411608219,0.571902334690094,0.37261393666267395,-0.00740474509075284,0.575524628162384,0.28343987464904785,-0.00919112004339695,0.5949543714523315,0.3511943221092224,0.008432076312601566,0.5877527594566345,0.3598780333995819,0.0039113531820476055,0.5947031378746033,0.33497101068496704,0.004423568490892649,0.6136376857757568,0.3182373642921448,0.02456521987915039,0.6016768217086792,0.33625149726867676,0.010503150522708893,0.6158565878868103,0.3251672387123108,0.037978220731019974,0.593321681022644,0.3202429413795471,0.00014935519720893353,0.5717981457710266,0.2713131606578827,-0.00926236528903246,0.5725473165512085,0.29402631521224976,-0.02181055396795273,0.5757192969322205,0.29636338353157043,-0.015674198046326637,0.5702155828475952,0.28835567831993103,-0.02592822164297104,0.5737231969833374,0.23576980829238892,-0.0003421087749302387,0.5827476978302002,0.23043440282344818,-0.0012552518164739013,0.5909304618835449,0.22951236367225647,-0.0007136791828088462,0.5977867245674133,0.23144447803497314,0.00192463886924088,0.6026579141616821,0.23544305562973022,0.005792161915451288,0.6063555479049683,0.24978402256965637,0.015073511749505997,0.6225454807281494,0.27163609862327576,0.04150830954313278,0.6022976040840149,0.26103490591049194,0.010388222523033619,0.5966972708702087,0.2635560929775238,0.006689864676445723,0.58924800157547,0.26402291655540466,0.004093784838914871,0.5820422768592834,0.2623060941696167,0.002883218927308917,0.5763818621635437,0.2594500780105591,0.0024613223504275084,0.5724928379058838,0.25652313232421875,0.002006116323173046,0.6230159401893616,0.27339252829551697,0.06372895836830139,0.5754842758178711,0.29869481921195984,-0.012880527414381504,0.5686972737312317,0.272685706615448,-0.01781238242983818,0.568861186504364,0.29434433579444885,-0.02636323869228363,0.5658913850784302,0.29881715774536133,-0.024246281012892723,0.5687547922134399,0.2959871292114258,-0.023624219000339508,0.5738827586174011,0.301283597946167,-0.011035600677132607,0.5649800896644592,0.2995401620864868,-0.025783950462937355,0.5642991065979004,0.3015766441822052,-0.019203171133995056,0.5719861388206482,0.2501680850982666,0.0046986122615635395,0.5694088935852051,0.25175946950912476,0.00119786465074867,0.5678768754005432,0.25298357009887695,-0.0028786559123545885,0.5980267524719238,0.24579814076423645,0.00873522087931633,0.6019526720046997,0.2421022355556488,0.009068108163774014,0.5273149013519287,0.24932055175304413,0.00459733372554183,0.5338032245635986,0.24871166050434113,0.00459733372554183,0.52679044008255,0.2418910264968872,0.00459733372554183,0.5207461714744568,0.24983632564544678,0.00459733372554183,0.5277899503707886,0.2566682994365692,0.00459733372554183,0.5875974297523499,0.24632501602172852,0.005740606226027012,0.5938461422920227,0.24632154405117035,0.005740606226027012,0.5875435471534729,0.23845943808555603,0.005740606226027012,0.5813814997673035,0.24624653160572052,0.005740606226027012,0.5876775979995728,0.2542073428630829,0.005740606226027012
1699.9999999999989,0.5588093400001526,0.3205295205116272,-0.016128137707710266,0.5606995224952698,0.29388105869293213,-0.02958758920431137,0.560450553894043,0.30260106921195984,-0.015651503577828407,0.5553378462791443,0.2672841250896454,-0.021786939352750778,0.5605528950691223,0.28525614738464355,-0.03140280768275261,0.5602254867553711,0.2744055390357971,-0.02897757478058338,0.5593032836914062,0.24875184893608093,-0.013794871978461742,0.5177034139633179,0.2527373433113098,0.008326376788318157,0.5586462616920471,0.23072665929794312,-0.010110579431056976,0.5583286881446838,0.219344824552536,-0.011183573864400387,0.5571008324623108,0.17439335584640503,-0.003753683064132929,0.5588570237159729,0.32361021637916565,-0.01545211672782898,0.5588897466659546,0.3268960416316986,-0.013576286844909191,0.5589633584022522,0.3292226195335388,-0.010707711800932884,0.5588372349739075,0.32922354340553284,-0.011882279068231583,0.5589167475700378,0.33239293098449707,-0.012561431154608727,0.5590038299560547,0.33639538288116455,-0.014096486382186413,0.5591020584106445,0.34096014499664307,-0.013901034370064735,0.5611001253128052,0.3479467034339905,-0.009179679676890373,0.5607147812843323,0.29847240447998047,-0.026785604655742645,0.5555764436721802,0.29878026247024536,-0.019249625504016876,0.49276861548423767,0.2218347042798996,0.03600415959954262,0.5339680314064026,0.2579122483730316,0.002442770404741168,0.5284130573272705,0.25943654775619507,0.0027809578459709883,0.5229803323745728,0.2595599889755249,0.0043339477851986885,0.5154865384101868,0.2558838427066803,0.009171395562589169,0.5386821031570435,0.2550937533378601,0.003093644045293331,0.5246548652648926,0.23559121787548065,7.550846203230321e-05,0.5311577320098877,0.23570425808429718,0.0002806250413414091,0.5187459588050842,0.23781970143318176,0.0019739896524697542,0.5149624347686768,0.24154521524906158,0.004416871815919876,0.5111140012741089,0.2613084614276886,0.012036984786391258,0.5421497225761414,0.366711288690567,-0.0035387976095080376,0.5155682563781738,0.2507578134536743,0.010207519866526127,0.49314528703689575,0.2591473460197449,0.037726953625679016,0.5041388273239136,0.2566142678260803,0.017879551276564598,0.5326161980628967,0.2908238172531128,-0.003427198389545083,0.5518401861190796,0.3190993368625641,-0.015505533665418625,0.5527485609054565,0.3269323706626892,-0.012903019785881042,0.5448849201202393,0.32297635078430176,-0.012498050928115845,0.5402721166610718,0.32713091373443604,-0.008929901756346226,0.5473253130912781,0.32810482382774353,-0.010961608029901981,0.5428664684295654,0.32986706495285034,-0.007625938858836889,0.5366891026496887,0.339307963848114,-0.0019874898716807365,0.556151807308197,0.29404711723327637,-0.02912331186234951,0.555332601070404,0.2858315706253052,-0.03077566623687744,0.5067771077156067,0.23649811744689941,0.006275597494095564,0.5432722568511963,0.2695007622241974,-0.0037904311902821064,0.5434466004371643,0.293290376663208,-0.015320743434131145,0.5430370569229126,0.28899917006492615,-0.013561028987169266,0.5151320099830627,0.2918410897254944,0.0037144003435969353,0.5553290247917175,0.2757374346256256,-0.027284717187285423,0.5203000903129578,0.22550654411315918,-0.0038298405706882477,0.5122466087341309,0.22973784804344177,0.000655059062410146,0.49852457642555237,0.20522011816501617,0.024788184091448784,0.5461826920509338,0.22959226369857788,-0.008490928448736668,0.536939799785614,0.23847821354866028,0.0021423043217509985,0.5319036245346069,0.3331177234649658,-2.0976785890525207e-05,0.5047381520271301,0.3381638526916504,0.05046015605330467,0.547629714012146,0.29769012331962585,-0.013209784403443336,0.5520341396331787,0.29978030920028687,-0.013923414051532745,0.5348701477050781,0.33379867672920227,-0.0006082422914914787,0.5362644195556641,0.33336538076400757,-0.0021512226667255163,0.5088165998458862,0.22513285279273987,0.0037105679512023926,0.5432553887367249,0.29693803191185,-0.012268458493053913,0.5314715504646301,0.22479915618896484,-0.006913894787430763,0.5301771759986877,0.21830657124519348,-0.007921228185296059,0.5232280492782593,0.18154478073120117,0.003032091772183776,0.5040341019630432,0.21399401128292084,0.012636804021894932,0.5278770923614502,0.1986161321401596,-0.002937303390353918,0.503140389919281,0.23346897959709167,0.011373619548976421,0.4978775978088379,0.227242112159729,0.02285611443221569,0.552151083946228,0.3233408033847809,-0.014871804974973202,0.5461238622665405,0.3257647752761841,-0.012038832530379295,0.5415433645248413,0.32855162024497986,-0.008797534741461277,0.5489153265953064,0.2990579605102539,-0.012103413231670856,0.5355985164642334,0.33359602093696594,-0.0014205544721335173,0.538515567779541,0.33398598432540894,-0.005354160908609629,0.5370584726333618,0.33311665058135986,-0.0023455903865396976,0.5501781702041626,0.29467034339904785,-0.020956985652446747,0.5438730120658875,0.3307017683982849,-0.006524162366986275,0.5482632517814636,0.3295981287956238,-0.008500517345964909,0.5533885955810547,0.32917600870132446,-0.010202279314398766,0.5546693801879883,0.3482995927333832,-0.00909369345754385,0.5523934960365295,0.34078359603881836,-0.013709090650081635,0.5525142550468445,0.33620521426200867,-0.013890160247683525,0.5528126358985901,0.3322035074234009,-0.012146128341555595,0.5533353686332703,0.3292045593261719,-0.011366131715476513,0.5438226461410522,0.33069509267807007,-0.0073547870852053165,0.5428804159164429,0.33233940601348877,-0.008370870724320412,0.541839063167572,0.3345176577568054,-0.009510445408523083,0.5410369038581848,0.33706551790237427,-0.008772186003625393,0.5377737283706665,0.31906309723854065,-0.006910673808306456,0.4952530264854431,0.2982313930988312,0.060429248958826065,0.5606075525283813,0.3004830777645111,-0.01951759122312069,0.5404994487762451,0.33185991644859314,-0.004620768595486879,0.5395738482475281,0.3328397274017334,-0.005268870387226343,0.5537768006324768,0.30281755328178406,-0.014261692762374878,0.545303463935852,0.3016520142555237,-0.008240259252488613,0.5529671907424927,0.30133119225502014,-0.014224354177713394,0.5373159646987915,0.27502599358558655,-0.0019963548984378576,0.5281412601470947,0.2811926007270813,-0.0004867287934757769,0.5421494245529175,0.2928099036216736,-0.01040993444621563,0.5083509683609009,0.19141821563243866,0.012991949915885925,0.513667643070221,0.20405083894729614,0.004314925987273455,0.5180187821388245,0.21951857209205627,-0.002502104500308633,0.5416625738143921,0.34303808212280273,-0.005183832254260778,0.5438748002052307,0.21875813603401184,-0.010636702179908752,0.5419572591781616,0.19655171036720276,-0.007035568356513977,0.538884162902832,0.17633336782455444,-0.0026317890733480453,0.5183069705963135,0.25856566429138184,0.00683214608579874,0.5052680969238281,0.2674049735069275,0.015209429897367954,0.5417957305908203,0.25249797105789185,0.003892750944942236,0.5095003843307495,0.24611209332942963,0.009549201466143131,0.547151505947113,0.26349613070487976,-0.005780570209026337,0.5467332005500793,0.28985467553138733,-0.020786618813872337,0.4998472332954407,0.27373868227005005,0.02144031599164009,0.5097638368606567,0.27248677611351013,0.009934347122907639,0.5174878239631653,0.274606853723526,0.0046221595257520676,0.5282639265060425,0.272349089384079,0.00205875257961452,0.5360538363456726,0.26821544766426086,0.0008836818742565811,0.5419389009475708,0.26362526416778564,-0.0005892404005862772,0.554092288017273,0.25130367279052734,-0.011681373231112957,0.5019986033439636,0.2911044955253601,0.01955500803887844,0.5049793720245361,0.24566936492919922,0.012250225991010666,0.5579866766929626,0.298393577337265,-0.026502791792154312,0.5441750884056091,0.27711021900177,-0.006174773909151554,0.4905356466770172,0.25972113013267517,0.05706655979156494,0.5462989807128906,0.25861236453056335,-0.0013337075943127275,0.5416883230209351,0.29359719157218933,-0.0046791331842541695,0.5130265355110168,0.2514133155345917,0.01130618341267109,0.5464689135551453,0.2846670150756836,-0.018574127927422523,0.49922630190849304,0.31832486391067505,0.057060595601797104,0.5417062640190125,0.24965140223503113,0.005313685163855553,0.5507928729057312,0.2793177366256714,-0.023991171270608902,0.5177128911018372,0.3531261086463928,0.01916700415313244,0.5187451839447021,0.36351901292800903,0.02906002104282379,0.4967529773712158,0.29509633779525757,0.04006774723529816,0.5103498697280884,0.3435153663158417,0.027114370837807655,0.4950658082962036,0.2419157475233078,0.031983841210603714,0.5412008166313171,0.37571102380752563,-0.00035263606696389616,0.5584695935249329,0.3002898395061493,-0.019154751673340797,0.539275050163269,0.2837606370449066,-0.0042312066070735455,0.49927693605422974,0.2585870623588562,0.02369401976466179,0.5232247710227966,0.25488612055778503,0.004818981047719717,0.5280250906944275,0.2549186646938324,0.003402202855795622,0.5375499725341797,0.33537375926971436,-0.004464220721274614,0.5041195154190063,0.3080390691757202,0.02081221714615822,0.5513511300086975,0.3857787251472473,0.0007347816717810929,0.5350044369697571,0.37862247228622437,0.012612272053956985,0.527584433555603,0.3727201819419861,0.019781753420829773,0.5576764345169067,0.19585494697093964,-0.008104352280497551,0.5622931718826294,0.3860050141811371,-0.0007649180479347706,0.5327327847480774,0.25367623567581177,0.003179012332111597,0.5371347665786743,0.251763254404068,0.003987354692071676,0.5401367545127869,0.2506093382835388,0.005177173297852278,0.5007340312004089,0.24452760815620422,0.018161050975322723,0.5361878871917725,0.2449043095111847,0.0031075039878487587,0.5312390327453613,0.2434321641921997,0.0019918300677090883,0.5264520049095154,0.2435653805732727,0.0021930059883743525,0.5216692090034485,0.24527844786643982,0.0036259950138628483,0.5186481475830078,0.24751338362693787,0.005589648615568876,0.4903925061225891,0.2389085590839386,0.04794744402170181,0.5199726819992065,0.25393450260162354,0.006678248289972544,0.5604848265647888,0.3091825842857361,-0.014479479752480984,0.543256402015686,0.3137332797050476,-0.009416595101356506,0.5475717782974243,0.2962983250617981,-0.015261917375028133,0.5533702373504639,0.3100898563861847,-0.014243128709495068,0.5589625835418701,0.2398291379213333,-0.009736820124089718,0.5256102085113525,0.36261677742004395,0.01266791857779026,0.5332299470901489,0.3694611191749573,0.006384462583810091,0.5508350133895874,0.3793504238128662,-0.0061247446574270725,0.5115119218826294,0.35301876068115234,0.0403035469353199,0.5399141311645508,0.24759337306022644,0.0044015259481966496,0.5510349273681641,0.26450425386428833,-0.013422375544905663,0.5621576905250549,0.3792734742164612,-0.007431774400174618,0.5427075028419495,0.38313233852386475,0.005413549020886421,0.5001111030578613,0.31341248750686646,0.038634561002254486,0.5482110977172852,0.32962244749069214,-0.00957504566758871,0.547285795211792,0.33212804794311523,-0.010612544603645802,0.5465949177742004,0.3353267312049866,-0.012018931098282337,0.5461653470993042,0.3393254280090332,-0.011676154099404812,0.5476504564285278,0.34617286920547485,-0.008030476979911327,0.5392061471939087,0.3317425847053528,-0.004756607115268707,0.5379427075386047,0.3313467800617218,-0.00482537504285574,0.5368395447731018,0.3307487368583679,-0.004795968532562256,0.5335469245910645,0.32570353150367737,-0.0034980636555701494,0.5113807320594788,0.3107388913631439,0.00898763258010149,0.5507221221923828,0.2567298114299774,-0.00830597709864378,0.5459237694740295,0.24277833104133606,0.0014053357299417257,0.5421817898750305,0.24429069459438324,0.0034734411165118217,0.540582001209259,0.33192405104637146,-0.00411660922691226,0.5118567943572998,0.3309304118156433,0.016706939786672592,0.5513526201248169,0.2417573779821396,-0.0059460848569869995,0.5447331070899963,0.35674726963043213,-0.005528523586690426,0.5599204897880554,0.26560690999031067,-0.023663770407438278,0.5546972155570984,0.25959184765815735,-0.017275117337703705,0.559622585773468,0.2573632001876831,-0.01853947341442108,0.5477159023284912,0.27789708971977234,-0.013443175703287125,0.561854898929596,0.37021496891975403,-0.010451387614011765,0.5614656805992126,0.3587571978569031,-0.009903310798108578,0.5530538558959961,0.35925573110580444,-0.008956823498010635,0.5314182043075562,0.3448547124862671,0.0011881960090249777,0.5370762348175049,0.3007946312427521,-0.0037594789173454046,0.5377950072288513,0.35211068391799927,-0.002118813106790185,0.5235047936439514,0.30127859115600586,-0.0016774028772488236,0.5316521525382996,0.30965638160705566,-0.003384995274245739,0.5188778638839722,0.31550073623657227,0.002286064438521862,0.5513860583305359,0.3705347180366516,-0.008985713124275208,0.5445560216903687,0.28305065631866455,-0.009525032714009285,0.5269519686698914,0.35244473814964294,0.006411896087229252,0.5347186923027039,0.3602082133293152,0.0020101903937757015,0.5262089967727661,0.3357601463794708,0.0026062598917633295,0.5063460469245911,0.32213354110717773,0.022252902388572693,0.519372284412384,0.3383033871650696,0.008418561890721321,0.5040251016616821,0.3296256959438324,0.03545503318309784,0.5270867943763733,0.3209528625011444,-0.0012865647440776229,0.5477434396743774,0.2707012891769409,-0.0094925407320261,0.5484820008277893,0.2933495044708252,-0.022048627957701683,0.5451743006706238,0.29584988951683044,-0.015984080731868744,0.5507678985595703,0.2874462306499481,-0.026082416996359825,0.541100025177002,0.23608773946762085,-0.0004479904309846461,0.5313705205917358,0.23183375597000122,-0.001739254454150796,0.5230391621589661,0.23184023797512054,-0.001528490916825831,0.5162598490715027,0.2346334159374237,0.0008418457000516355,0.5115578174591064,0.23931150138378143,0.004576633684337139,0.5092063546180725,0.25393861532211304,0.013632722198963165,0.4940681457519531,0.2770555019378662,0.03923792392015457,0.5145071148872375,0.26436230540275574,0.0090873958542943,0.5205579996109009,0.2660359740257263,0.0055795894004404545,0.5280659794807434,0.26534271240234375,0.0032317806035280228,0.5350805521011353,0.2626613676548004,0.0023111910559237003,0.5405693054199219,0.2591444253921509,0.002118304604664445,0.5443558692932129,0.2558807134628296,0.001822069170884788,0.4925864040851593,0.2790065407752991,0.06076947599649429,0.5453178882598877,0.29803743958473206,-0.013223414309322834,0.5513008832931519,0.2717093527317047,-0.017861437052488327,0.5523319840431213,0.2933039367198944,-0.026432428508996964,0.5552482008934021,0.29737699031829834,-0.024244174361228943,0.5523488521575928,0.2948662042617798,-0.023708801716566086,0.5468969941139221,0.3003483712673187,-0.011346396990120411,0.5562748908996582,0.2979825437068939,-0.0257401242852211,0.55677330493927,0.2999088168144226,-0.0191925261169672,0.5437528491020203,0.24956785142421722,0.004537141881883144,0.5471633672714233,0.25094902515411377,0.0011656915303319693,0.5493417978286743,0.25185465812683105,-0.00290382606908679,0.5169349312782288,0.24921685457229614,0.007587360218167305,0.512647271156311,0.24595606327056885,0.007848378270864487,0.5644921660423279,0.26673272252082825,-0.021597614511847496,0.5976739525794983,0.24795526266098022,0.009671923704445362,0.5655046105384827,0.29818063974380493,-0.019110098481178284,0.6204632520675659,0.21419650316238403,0.03843611106276512,0.5827265977859497,0.2557607591152191,0.003304052399471402,0.588383138179779,0.2563798725605011,0.0038239294663071632,0.5936976075172424,0.2555486261844635,0.005546011961996555,0.6003062725067139,0.25071316957473755,0.010614434257149696,0.5778203010559082,0.2534106373786926,0.003746915142983198,0.5896434187889099,0.23145443201065063,0.0012213040608912706,0.5833401083946228,0.2321871519088745,0.0011596406111493707,0.5954664945602417,0.23306015133857727,0.003290959633886814,0.5992842316627502,0.23636163771152496,0.005793885327875614,0.605541467666626,0.2554578185081482,0.013608204200863838,0.581193745136261,0.36421069502830505,-0.002784569514915347,0.5995045304298401,0.24569590389728546,0.01162931602448225,0.6225879788398743,0.251421183347702,0.039814308285713196,0.6119115948677063,0.24993407726287842,0.019610218703746796,0.5873093008995056,0.2877961993217468,-0.0024584804195910692,0.5658324956893921,0.31864821910858154,-0.01526661217212677,0.5652614831924438,0.32658958435058594,-0.012667191214859486,0.5732744932174683,0.3221226632595062,-0.012027663178741932,0.578148365020752,0.32607877254486084,-0.008250749669969082,0.5710055232048035,0.3275010585784912,-0.010547471232712269,0.5756378769874573,0.3290557563304901,-0.007025210652500391,0.5842880010604858,0.3366965353488922,-0.0010429909452795982,0.565203070640564,0.29349085688591003,-0.029008088633418083,0.5656737089157104,0.285189151763916,-0.030642034485936165,0.6070964336395264,0.2300432175397873,0.007929791696369648,0.5757440328598022,0.26760590076446533,-0.00317640439607203,0.5771921873092651,0.2913549840450287,-0.014806932769715786,0.5772734880447388,0.2870575189590454,-0.013038716278970242,0.6044541597366333,0.2867535948753357,0.0053138951770961285,0.5650681853294373,0.2751110792160034,-0.02710636891424656,0.5929674506187439,0.22135311365127563,-0.002560872584581375,0.6011252999305725,0.22425615787506104,0.0021756968926638365,0.6145023703575134,0.1982613056898117,0.026975005865097046,0.5687411427497864,0.22907979786396027,-0.00807371735572815,0.5779485106468201,0.23566371202468872,0.0028001542668789625,0.5887608528137207,0.33004266023635864,0.0011542000574991107,0.6157891750335693,0.33153945207595825,0.052752912044525146,0.5732012987136841,0.29622963070869446,-0.012770495377480984,0.568916916847229,0.29888662695884705,-0.013692694716155529,0.5838063955307007,0.3326285481452942,0.0004360222374089062,0.5824712514877319,0.33227407932281494,-0.0012553713750094175,0.6041390895843506,0.2187146246433258,0.005309380125254393,0.57734614610672,0.2950999140739441,-0.011749828234314919,0.58223557472229,0.22232621908187866,-0.006072208285331726,0.5829073190689087,0.21530169248580933,-0.007080915383994579,0.5903338193893433,0.17755603790283203,0.0042296820320189,0.6102700233459473,0.20729905366897583,0.014379369094967842,0.5868207812309265,0.1948491632938385,-0.002003900008276105,0.6104685068130493,0.22614897787570953,0.013152622617781162,0.6165829300880432,0.21996630728244781,0.024725228548049927,0.5657267570495605,0.3229145109653473,-0.01464329194277525,0.5721439123153687,0.3250470459461212,-0.011603311635553837,0.5769080519676208,0.32761624455451965,-0.008168699219822884,0.5718830227851868,0.29779356718063354,-0.011776489205658436,0.5831206440925598,0.33246493339538574,-0.00047778483713045716,0.580109715461731,0.3329569697380066,-0.004601833410561085,0.5816945433616638,0.3320613503456116,-0.0014828211860731244,0.5707798600196838,0.2934221625328064,-0.02058974653482437,0.5746517777442932,0.3299582004547119,-0.005948986858129501,0.5700647830963135,0.3290923535823822,-0.008094662800431252,0.5647413730621338,0.32890382409095764,-0.009975976310670376,0.5675535202026367,0.34757691621780396,-0.00883820652961731,0.5660489201545715,0.3403927683830261,-0.013452243991196156,0.5656397342681885,0.33583420515060425,-0.01362024899572134,0.56516033411026,0.3318781852722168,-0.011902133002877235,0.5645503997802734,0.32891929149627686,-0.01112451869994402,0.5745155215263367,0.3299548923969269,-0.0067754783667624,0.5755541324615479,0.3315255641937256,-0.0077900635078549385,0.5766598582267761,0.33361995220184326,-0.008915819227695465,0.5775954127311707,0.33611059188842773,-0.008145404979586601,0.5828632116317749,0.31661733984947205,-0.0061602056957781315,0.6222556233406067,0.29078689217567444,0.06292124092578888,0.578072190284729,0.3309818208217621,-0.0038896482437849045,0.5789864659309387,0.33188849687576294,-0.004554187413305044,0.5672838687896729,0.30217355489730835,-0.014047098346054554,0.5753636956214905,0.30015549063682556,-0.00784126203507185,0.5680610537528992,0.3005911409854889,-0.01399967074394226,0.5817716717720032,0.2725021541118622,-0.0011523790890350938,0.5911673307418823,0.2776697874069214,0.0006655949400737882,0.5782061815261841,0.2908577620983124,-0.00985430646687746,0.6048544049263,0.1856352537870407,0.014774549752473831,0.6007102131843567,0.19852541387081146,0.005683327093720436,0.5946729779243469,0.21448244154453278,-0.0012472027447074652,0.5798233151435852,0.34082844853401184,-0.004432097543030977,0.5699652433395386,0.2176097184419632,-0.010196862742304802,0.5730876922607422,0.1946021169424057,-0.006540106609463692,0.5750170946121216,0.1741962432861328,-0.002028635935857892,0.5979557633399963,0.2538769543170929,0.008202933706343174,0.6121295094490051,0.2611159086227417,0.016934709623456,0.5745584964752197,0.25114673376083374,0.004473126959055662,0.6052132248878479,0.24008268117904663,0.011081356555223465,0.5717633366584778,0.2620110511779785,-0.005293169990181923,0.5739672780036926,0.2882477343082428,-0.020354053005576134,0.6178300976753235,0.2667314112186432,0.023402854800224304,0.6083858013153076,0.26663297414779663,0.01156567968428135,0.6013110876083374,0.2696678042411804,0.006025457754731178,0.590618371963501,0.2691013813018799,0.003146544797345996,0.5825247168540955,0.2660455107688904,0.0017143983859568834,0.5763664245605469,0.2621787488460541,5.0633509090403095e-05,0.5645239949226379,0.2506478726863861,-0.011464370414614677,0.6169712543487549,0.2843755781650543,0.021524760872125626,0.609857976436615,0.23903635144233704,0.013956674374639988,0.5633968114852905,0.2980465292930603,-0.0263995174318552,0.5753384828567505,0.2753095030784607,-0.005611318629235029,0.624301016330719,0.2517688274383545,0.059706371277570724,0.5716925859451294,0.25767308473587036,-0.0008660485036671162,0.5785341858863831,0.29165321588516235,-0.004153069574385881,0.6021121144294739,0.2459264099597931,0.01280278991907835,0.5738538503646851,0.28305187821388245,-0.018124448135495186,0.6198111772537231,0.311185359954834,0.05950543284416199,0.5743159651756287,0.24825619161128998,0.005924803204834461,0.5695317983627319,0.2781585454940796,-0.023662762716412544,0.6046317219734192,0.3477388620376587,0.02068168669939041,0.60394287109375,0.3581308126449585,0.030810916796326637,0.6215763688087463,0.28764262795448303,0.042147163301706314,0.6113030910491943,0.337388813495636,0.028859011828899384,0.6198342442512512,0.23441526293754578,0.03398692607879639,0.582724392414093,0.3729912042617798,0.0004321688902564347,0.5627360939979553,0.3000516891479492,-0.019087938591837883,0.5803505182266235,0.2814895808696747,-0.003518026089295745,0.6172253489494324,0.2516431212425232,0.025572549551725388,0.5926603674888611,0.2510627806186676,0.006015060003846884,0.5880248546600342,0.2519032657146454,0.00443900004029274,0.5811575055122375,0.3342665135860443,-0.003623431548476219,0.6158120632171631,0.3014998733997345,0.022742729634046555,0.573151707649231,0.3843424916267395,0.0012847328325733542,0.5888479948043823,0.37490856647491455,0.013763375580310822,0.5958220362663269,0.3681795001029968,0.021204136312007904,0.5833168029785156,0.25134581327438354,0.00407708715647459,0.5787781476974487,0.24992415308952332,0.004756941460072994,0.575836718082428,0.24910056591033936,0.005852735135704279,0.6139833331108093,0.23710572719573975,0.019989408552646637,0.5791774392127991,0.24205416440963745,0.003919379319995642,0.5838695168495178,0.2397911548614502,0.0029546814039349556,0.5885681509971619,0.2394973486661911,0.003326455131173134,0.5932565927505493,0.2408086657524109,0.004884200636297464,0.5962519645690918,0.24278226494789124,0.006916903890669346,0.6233659982681274,0.2309761494398117,0.050553809851408005,0.5956467986106873,0.24953697621822357,0.007979766465723515,0.5775895118713379,0.3119131922721863,-0.00880945660173893,0.5732628703117371,0.29481348395347595,-0.014887378551065922,0.5677244663238525,0.3093303442001343,-0.013992936350405216,0.5972782373428345,0.35807445645332336,0.013941527344286442,0.590168833732605,0.3657543659210205,0.007397144101560116,0.5734217762947083,0.37787407636642456,-0.005679834168404341,0.6103149652481079,0.3469288647174835,0.04236217215657234,0.5758308172225952,0.245670348405838,0.005094111431390047,0.5683062672615051,0.2634585499763489,-0.013110755942761898,0.5815387964248657,0.38045451045036316,0.006307115312665701,0.6193967461585999,0.30626729130744934,0.04065637290477753,0.5698901414871216,0.32908737659454346,-0.00912551674991846,0.5709189176559448,0.33151304721832275,-0.010176170617341995,0.5717483162879944,0.3346204161643982,-0.011577240191400051,0.5724443793296814,0.3385794460773468,-0.011227943003177643,0.5742443799972534,0.34457921981811523,-0.007457197643816471,0.5794934630393982,0.3307270407676697,-0.003955246414989233,0.5806582570075989,0.3302479088306427,-0.0039602117612957954,0.5817438960075378,0.32954826951026917,-0.003867420135065913,0.5870122909545898,0.3228071331977844,-0.002468202728778124,0.6089527606964111,0.3050900995731354,0.01075806375592947,0.5679965615272522,0.2556980848312378,-0.007948813028633595,0.5700234770774841,0.24151448905467987,0.0017872527241706848,0.5734043717384338,0.2425398975610733,0.004014948382973671,0.5782143473625183,0.331024169921875,-0.003367918310686946,0.6092711687088013,0.32510003447532654,0.018440546467900276,0.5652060508728027,0.24132023751735687,-0.005712845828384161,0.5779208540916443,0.3546760082244873,-0.004908522125333548,0.5645599365234375,0.25896018743515015,-0.017107609659433365,0.5721506476402283,0.2764870822429657,-0.013040364719927311,0.5698869228363037,0.35821273922920227,-0.008645173162221909,0.5901442766189575,0.34139466285705566,0.002272485988214612,0.5832260251045227,0.29829975962638855,-0.003014387795701623,0.5843208432197571,0.3492549657821655,-0.0012891931692138314,0.5967099666595459,0.2971317172050476,-0.0003653427993413061,0.5888696908950806,0.30649450421333313,-0.0024036040995270014,0.6017702221870422,0.3107334077358246,0.0037624998949468136,0.5722984075546265,0.36922210454940796,-0.00857625249773264,0.5753681659698486,0.28128570318222046,-0.009041263721883297,0.5952690243721008,0.34818345308303833,0.007671119179576635,0.5880646705627441,0.3568081557750702,0.0029741558246314526,0.5949077010154724,0.33183959126472473,0.0039787450805306435,0.6142764091491699,0.3157234787940979,0.024156903848052025,0.6021106839179993,0.3333341181278229,0.009969234466552734,0.6165735125541687,0.32285937666893005,0.03739691525697708,0.5935972332954407,0.31726086139678955,-4.1740579035831615e-05,0.5716402530670166,0.26929304003715515,-0.009050126187503338,0.5724455714225769,0.29190102219581604,-0.021636854857206345,0.5756146311759949,0.2940963804721832,-0.015559516847133636,0.5700895190238953,0.28625553846359253,-0.0257138479501009,0.5738283395767212,0.23417781293392181,8.749841072130948e-05,0.5827623605728149,0.2287265956401825,-0.0008380978833884001,0.5908627510070801,0.22773277759552002,-0.00035167139139957726,0.5976770520210266,0.22962063550949097,0.002232771832495928,0.6025317907333374,0.23361285030841827,0.006049585994333029,0.6063472628593445,0.2479100525379181,0.01523414347320795,0.6229208111763,0.26936930418014526,0.041390467435121536,0.6025527119636536,0.2590768039226532,0.010551569052040577,0.5970692038536072,0.2615630030632019,0.006870226003229618,0.5896788239479065,0.26211991906166077,0.004298238083720207,0.5824818015098572,0.26045939326286316,0.0031271055340766907,0.5767976641654968,0.2575833797454834,0.0027163056656718254,0.5728623270988464,0.2546728253364563,0.002288385760039091,0.6235266923904419,0.2713231146335602,0.06339330971240997,0.5754071474075317,0.296360582113266,-0.012793688103556633,0.5685281157493591,0.2706664502620697,-0.017558306455612183,0.5688014030456543,0.2922621965408325,-0.026161259040236473,0.5659108757972717,0.2967142164707184,-0.024078285321593285,0.5687146186828613,0.29390135407447815,-0.023445643484592438,0.573867917060852,0.29890209436416626,-0.010976889170706272,0.5650132894515991,0.29743701219558716,-0.025606639683246613,0.564348042011261,0.2994394898414612,-0.01908993348479271,0.5723856091499329,0.24837550520896912,0.005012833513319492,0.5696914792060852,0.24998901784420013,0.001522884122096002,0.5680725574493408,0.25120049715042114,-0.0025746070314198732,0.5980319976806641,0.24432802200317383,0.008979178965091705,0.6018967628479004,0.2404819279909134,0.009303277358412743,0.5269675850868225,0.24830320477485657,0.004974213894456625,0.5330216884613037,0.24757155776023865,0.004974213894456625,0.526366114616394,0.24109219014644623,0.004974213894456625,0.5207957625389099,0.24898165464401245,0.004974213894456625,0.5275147557258606,0.2554496228694916,0.004974213894456625,0.587722659111023,0.24458788335323334,0.006026346702128649,0.5937594175338745,0.2446269392967224,0.006026346702128649,0.5876942276954651,0.23672403395175934,0.006026346702128649,0.5817583799362183,0.24447830021381378,0.006026346702128649,0.5877848267555237,0.2524804174900055,0.006026346702128649
1733.3333333333321,0.5577941536903381,0.3196021616458893,-0.016456017270684242,0.559931755065918,0.2924835979938507,-0.02994980663061142,0.5597732067108154,0.3013765811920166,-0.01590220257639885,0.5544322729110718,0.26608410477638245,-0.022007998079061508,0.5597453117370605,0.28389737010002136,-0.03177398070693016,0.5593916773796082,0.2731201648712158,-0.029331723228096962,0.558449387550354,0.24759811162948608,-0.01395084522664547,0.5171759128570557,0.25130125880241394,0.008672920055687428,0.5577673316001892,0.22921034693717957,-0.010230226442217827,0.5574221611022949,0.21780279278755188,-0.011310495436191559,0.5561845302581787,0.17345017194747925,-0.003941114526242018,0.5579116940498352,0.32268577814102173,-0.015776248648762703,0.5580620765686035,0.3260350227355957,-0.013878901489078999,0.5582655668258667,0.32838502526283264,-0.010961972177028656,0.558220624923706,0.32835814356803894,-0.01179253775626421,0.5583687424659729,0.3318009078502655,-0.01243133470416069,0.5585556030273438,0.33607378602027893,-0.013902615755796432,0.5587940216064453,0.34066981077194214,-0.013574197888374329,0.5606012344360352,0.34840065240859985,-0.008688107132911682,0.5599843859672546,0.2970898449420929,-0.027125969529151917,0.554865837097168,0.29747748374938965,-0.01948135904967785,0.49255797266960144,0.221051886677742,0.036756906658411026,0.5334081053733826,0.2568807601928711,0.0025912527926266193,0.5277000665664673,0.25827324390411377,0.002992928260937333,0.5222086310386658,0.2582784593105316,0.004608903545886278,0.5149074792861938,0.25464439392089844,0.009552058763802052,0.5383042097091675,0.2540856599807739,0.003202900756150484,0.5241238474845886,0.23446771502494812,0.0003029080107808113,0.5307471752166748,0.2346154749393463,0.0004315018595661968,0.5181528329849243,0.23665574193000793,0.0022753546945750713,0.5143778324127197,0.2403402179479599,0.004763173405081034,0.5103294849395752,0.2601979374885559,0.012465312145650387,0.5415336489677429,0.36601242423057556,-0.002779293805360794,0.5151233673095703,0.24946124851703644,0.010596747510135174,0.4927026331424713,0.25824621319770813,0.03848540410399437,0.5035239458084106,0.25564315915107727,0.018421752378344536,0.5316853523254395,0.289844810962677,-0.003292043460533023,0.5504856109619141,0.31822213530540466,-0.015739047899842262,0.5517573356628418,0.32619351148605347,-0.013124944642186165,0.5434925556182861,0.3221456706523895,-0.012581161223351955,0.5390533208847046,0.3263595402240753,-0.008822700940072536,0.5463215708732605,0.3273942768573761,-0.011059662327170372,0.5419867634773254,0.3291611969470978,-0.007556239143013954,0.5358404517173767,0.3390439450740814,-0.001427877927199006,0.5553485155105591,0.2926523983478546,-0.029446344822645187,0.5544441342353821,0.28451278805732727,-0.03109879232943058,0.5060120224952698,0.23541347682476044,0.00675560487434268,0.5423839092254639,0.26842001080513,-0.003751872107386589,0.5424409508705139,0.29214516282081604,-0.015432864427566528,0.541972815990448,0.2878909409046173,-0.013650788925588131,0.5142753720283508,0.2909545302391052,0.004098085220903158,0.5544237494468689,0.27447834610939026,-0.027566738426685333,0.5194311738014221,0.22428041696548462,-0.003526529297232628,0.511388897895813,0.22854939103126526,0.0010731981601566076,0.49804508686065674,0.2044285386800766,0.025401944294571877,0.5455120205879211,0.22865407168865204,-0.008486330509185791,0.5366559624671936,0.2373744249343872,0.0022330330684781075,0.5310869812965393,0.3326280415058136,0.000486418983200565,0.5044284462928772,0.3368534445762634,0.05150992050766945,0.5467424988746643,0.29651474952697754,-0.01335100457072258,0.5512357354164124,0.2986186742782593,-0.014096591621637344,0.5340221524238586,0.33331751823425293,-0.00017208178178407252,0.5354408025741577,0.332862913608551,-0.001767934300005436,0.5080221891403198,0.22396016120910645,0.004142955876886845,0.5422728061676025,0.2958773076534271,-0.012361116707324982,0.5306937098503113,0.22368857264518738,-0.0067720371298491955,0.5293211936950684,0.21708178520202637,-0.007789763621985912,0.5223256349563599,0.18074461817741394,0.0032300513703376055,0.5032469630241394,0.21290314197540283,0.013154619373381138,0.5267996788024902,0.1975211799144745,-0.0027564549818634987,0.5025283098220825,0.23243924975395203,0.011903735809028149,0.4973147511482239,0.22620193660259247,0.023480810225009918,0.5509509444236755,0.32252228260040283,-0.015104305930435658,0.5448952913284302,0.32500749826431274,-0.012129300273954868,0.5404585003852844,0.3278353214263916,-0.008714347146451473,0.5480581521987915,0.2979225218296051,-0.012228663079440594,0.5347577333450317,0.33311182260513306,-0.001016678404994309,0.5375949740409851,0.3335513472557068,-0.004913475830107927,0.5362458229064941,0.3325865864753723,-0.001960954861715436,0.5493250489234924,0.293318510055542,-0.021149618551135063,0.5431654453277588,0.3300040364265442,-0.006445194594562054,0.5474714040756226,0.3289068341255188,-0.008563763462007046,0.5525635480880737,0.3284561038017273,-0.010374612174928188,0.5539613962173462,0.34869590401649475,-0.008545507676899433,0.5516649484634399,0.3406316637992859,-0.013318337500095367,0.5517038106918335,0.335989773273468,-0.013595407828688622,0.5519974827766418,0.331721693277359,-0.011923707090318203,0.552562952041626,0.3284567892551422,-0.011193297803401947,0.5431525707244873,0.3300057649612427,-0.007027583196759224,0.5420686602592468,0.33182743191719055,-0.00799640268087387,0.5408685803413391,0.33416974544525146,-0.009091262705624104,0.5399605631828308,0.3368086516857147,-0.008295460604131222,0.5369493365287781,0.31831443309783936,-0.006753910332918167,0.4950789511203766,0.2970542013645172,0.06148118898272514,0.5599055886268616,0.29916834831237793,-0.01979842036962509,0.5398733615875244,0.33119288086891174,-0.004228251054883003,0.5387780070304871,0.3323133885860443,-0.004847429227083921,0.5529797077178955,0.30167144536972046,-0.014436541125178337,0.5443982481956482,0.30065226554870605,-0.0083181606605649,0.552172064781189,0.30017098784446716,-0.014401925727725029,0.5364069938659668,0.2739722430706024,-0.0018843099242076278,0.5272379517555237,0.28021639585494995,-0.0002625400957185775,0.5411092638969421,0.29176539182662964,-0.010473914444446564,0.5076156258583069,0.19063830375671387,0.013417650945484638,0.5126790404319763,0.2029343694448471,0.004675775766372681,0.5171672105789185,0.21820604801177979,-0.002206799341365695,0.5408267378807068,0.3429851531982422,-0.004588684067130089,0.5430895686149597,0.21765172481536865,-0.010633311234414577,0.5409186482429504,0.1954653263092041,-0.007017223164439201,0.5379350781440735,0.1754845529794693,-0.002652534283697605,0.5176225900650024,0.2572556734085083,0.007165112998336554,0.5044036507606506,0.2663521468639374,0.01570855639874935,0.5415372848510742,0.2514522075653076,0.003973889164626598,0.5088616013526917,0.24498197436332703,0.010004178620874882,0.5462691187858582,0.26239991188049316,-0.005785156972706318,0.5457589626312256,0.2885811924934387,-0.020963357761502266,0.49912557005882263,0.2728157937526703,0.022060314193367958,0.5086416006088257,0.27139613032341003,0.010361524298787117,0.5162137746810913,0.2735227346420288,0.004946900997310877,0.5271283388137817,0.2714014947414398,0.0022848728112876415,0.5351491570472717,0.267353892326355,0.0010231216438114643,0.5412091612815857,0.2627089023590088,-0.0005187786882743239,0.5532047152519226,0.2501761019229889,-0.011770443990826607,0.5012277364730835,0.2901628613471985,0.020170895382761955,0.5043340921401978,0.24465061724185944,0.012771714478731155,0.55724036693573,0.2970191240310669,-0.02681245468556881,0.5432307720184326,0.2760116755962372,-0.006187376566231251,0.49046891927719116,0.2587917447090149,0.05802062526345253,0.5456328988075256,0.2575724720954895,-0.0013131113955751061,0.5406985282897949,0.29258692264556885,-0.004689927212893963,0.512553334236145,0.25022006034851074,0.01172812283039093,0.5454403162002563,0.2834588289260864,-0.01873057894408703,0.49892228841781616,0.31703588366508484,0.058122240006923676,0.5415723919868469,0.24852944910526276,0.005411458667367697,0.5498207211494446,0.27808403968811035,-0.024211708456277847,0.5173095464706421,0.3520158529281616,0.020001301541924477,0.5184702277183533,0.3621244728565216,0.030010290443897247,0.49617740511894226,0.29404783248901367,0.04087523743510246,0.5099111199378967,0.34242212772369385,0.027945678681135178,0.4946029484272003,0.24098791182041168,0.03268757835030556,0.5406885147094727,0.37471649050712585,0.0004533883184194565,0.5577605962753296,0.2989851236343384,-0.019415972754359245,0.5383269190788269,0.2827092111110687,-0.004193037748336792,0.4988303780555725,0.2577058970928192,0.024316562339663506,0.5225497484207153,0.253399521112442,0.0050911433063447475,0.5273575782775879,0.25357359647750854,0.0036225924268364906,0.5365328192710876,0.3349825441837311,-0.003997501917183399,0.5033960342407227,0.3070415258407593,0.021464170888066292,0.5508925914764404,0.38473737239837646,0.0015040823491290212,0.5346386432647705,0.37723273038864136,0.013514038175344467,0.5272796750068665,0.3712841868400574,0.020706359297037125,0.5567423105239868,0.1946980357170105,-0.008242894895374775,0.5618820190429688,0.38505038619041443,-0.00010135470074601471,0.5322104692459106,0.2524804472923279,0.003351813880726695,0.5367984771728516,0.2506602704524994,0.004124787636101246,0.5399306416511536,0.24952265620231628,0.005296971183270216,0.500274121761322,0.24361619353294373,0.018756747245788574,0.5359742641448975,0.24386434257030487,0.003232049522921443,0.53094482421875,0.24242044985294342,0.0021552445832639933,0.5260888338088989,0.24248364567756653,0.002412291942164302,0.5212423801422119,0.2441316843032837,0.003910960163921118,0.5182005167007446,0.24630682170391083,0.0059106620028615,0.4903027415275574,0.23809640109539032,0.04880932718515396,0.5193589329719543,0.2524246871471405,0.006993327289819717,0.5598361492156982,0.30816254019737244,-0.014738739468157291,0.5423818826675415,0.3128894865512848,-0.009409935213625431,0.5466876029968262,0.2950590252876282,-0.01540739182382822,0.5525766015052795,0.30913615226745605,-0.014406786300241947,0.558107316493988,0.23852960765361786,-0.00986743625253439,0.5251951813697815,0.3614810109138489,0.013524262234568596,0.5327712893486023,0.36832666397094727,0.007228844333440065,0.550308108329773,0.3785691559314728,-0.005381032824516296,0.5112243294715881,0.3516886830329895,0.04128628224134445,0.5397530794143677,0.24647045135498047,0.00451606884598732,0.5501176714897156,0.26336798071861267,-0.013528191484510899,0.5616968274116516,0.3785760998725891,-0.006783855147659779,0.542269229888916,0.3819062411785126,0.006260452326387167,0.49949851632118225,0.31231439113616943,0.039450593292713165,0.5474778413772583,0.32892605662345886,-0.00932867731899023,0.5464491248130798,0.3316594958305359,-0.010302630253136158,0.5456491112709045,0.33507412672042847,-0.011643966659903526,0.5451833009719849,0.3391827940940857,-0.0112233841791749,0.5468255877494812,0.3463638722896576,-0.007445857394486666,0.5384324789047241,0.33107244968414307,-0.004521891474723816,0.5370192527770996,0.3306962251663208,-0.004559241235256195,0.5358148217201233,0.33007779717445374,-0.004513912368565798,0.5327796339988708,0.32508742809295654,-0.003155569778755307,0.5106476545333862,0.3098130226135254,0.009505200199782848,0.5498354434967041,0.2556172013282776,-0.008356137201189995,0.5455961227416992,0.24161316454410553,0.0014022135874256492,0.5420052409172058,0.24315179884433746,0.0035417552571743727,0.5399240255355835,0.3312453031539917,-0.0038734017871320248,0.5113052725791931,0.32996219396591187,0.017397575080394745,0.5506554245948792,0.2405984252691269,-0.005999819841235876,0.5440075993537903,0.35643911361694336,-0.004835945088416338,0.5590752959251404,0.2643800973892212,-0.02395102009177208,0.553795337677002,0.25844675302505493,-0.017427945509552956,0.5587698817253113,0.25619909167289734,-0.018747368827462196,0.5467415452003479,0.27673646807670593,-0.01355550717562437,0.5613729357719421,0.36982470750808716,-0.009809746406972408,0.5609766840934753,0.3587825894355774,-0.009325035847723484,0.552402913570404,0.3591877520084381,-0.008299683220684528,0.5307043194770813,0.34426820278167725,0.0018466003239154816,0.5361572504043579,0.2998526394367218,-0.0036708309780806303,0.5370492339134216,0.35161322355270386,-0.0014170082286000252,0.5226758718490601,0.30039721727371216,-0.001386862015351653,0.530838131904602,0.30880939960479736,-0.003161291591823101,0.5182027220726013,0.31462734937667847,0.0027206374797970057,0.5507979989051819,0.3700542151927948,-0.008257558569312096,0.5435544848442078,0.28192636370658875,-0.009586113505065441,0.526384711265564,0.3515809178352356,0.007171866483986378,0.5341042280197144,0.35937267541885376,0.0027886840980499983,0.5255014300346375,0.3350706696510315,0.0031964676454663277,0.5057271122932434,0.3211140036582947,0.02295420877635479,0.5187773108482361,0.33743903040885925,0.009088849648833275,0.5034844875335693,0.32852697372436523,0.036297645419836044,0.5264074206352234,0.32019779086112976,-0.0009112327243201435,0.5468211770057678,0.2695790231227875,-0.00955098494887352,0.5475848913192749,0.2920153737068176,-0.022242337465286255,0.5442331433296204,0.29465964436531067,-0.016123304143548012,0.5498430132865906,0.28612369298934937,-0.02632169798016548,0.5407164692878723,0.23495818674564362,-0.0004044633242301643,0.5308033227920532,0.23067572712898254,-0.0015818225219845772,0.5223211050033569,0.2306341975927353,-0.001258823904208839,0.5154867172241211,0.2334323227405548,0.0012015633983537555,0.510834276676178,0.23813484609127045,0.00500511284917593,0.5086386203765869,0.2528232932090759,0.014102643355727196,0.49358177185058594,0.27608194947242737,0.04002965986728668,0.5136300921440125,0.2632162868976593,0.009459211491048336,0.5195881128311157,0.2649078071117401,0.005882606375962496,0.5271868109703064,0.26433539390563965,0.0034541499335318804,0.5343948602676392,0.2617548406124115,0.002446861704811454,0.5400818586349487,0.2582193613052368,0.0022058309987187386,0.543953001499176,0.2548690140247345,0.0018618053290992975,0.4925019443035126,0.27794501185417175,0.06178950518369675,0.5443845987319946,0.29692113399505615,-0.013341984711587429,0.5503618121147156,0.2705276310443878,-0.01802312396466732,0.5514931082725525,0.29191452264785767,-0.026695679873228073,0.5545121431350708,0.2960159182548523,-0.024517079815268517,0.5515495538711548,0.2934819757938385,-0.023949425667524338,0.5460062026977539,0.2992824912071228,-0.011462492868304253,0.5555280447006226,0.2966156005859375,-0.02603675052523613,0.5560668110847473,0.2986111640930176,-0.019437922164797783,0.5435811281204224,0.24846595525741577,0.0045865303836762905,0.5468013882637024,0.2498459368944168,0.0011639691656455398,0.5487083792686462,0.2507040798664093,-0.0029265570919960737,0.5164835453033447,0.247961163520813,0.007941761054098606,0.512081503868103,0.24475914239883423,0.008237085305154324,0.5637179613113403,0.26549476385116577,-0.021935781463980675,0.5974165797233582,0.24604064226150513,0.009168337099254131,0.5648500323295593,0.2968654930591583,-0.019430194050073624,0.6198439598083496,0.21283674240112305,0.037880789488554,0.5823859572410583,0.2541407346725464,0.0029048302676528692,0.5880354046821594,0.25467896461486816,0.0033789470326155424,0.5933689475059509,0.2538568675518036,0.005064249038696289,0.6000955104827881,0.24889010190963745,0.010099031962454319,0.5774739980697632,0.25191864371299744,0.003419057233259082,0.589119017124176,0.22979959845542908,0.0007640725816600025,0.5828303694725037,0.2307002991437912,0.0007643036660738289,0.5949783325195312,0.2312280833721161,0.002809281926602125,0.5988713502883911,0.2344377636909485,0.005291564390063286,0.6052969098091125,0.2538629472255707,0.013075102120637894,0.5809443593025208,0.3634887933731079,-0.002404944971203804,0.5992806553840637,0.24377688765525818,0.011128546670079231,0.6221545934677124,0.24999171495437622,0.039274122565984726,0.6116201877593994,0.2483561635017395,0.01907443441450596,0.5869780778884888,0.2866176962852478,-0.0028798694256693125,0.5651426911354065,0.31736475229263306,-0.01563112996518612,0.5646359920501709,0.3254586458206177,-0.01301167905330658,0.5729045867919922,0.3204967677593231,-0.012389753945171833,0.5779559016227722,0.32424598932266235,-0.00852576456964016,0.5705916285514832,0.3260294795036316,-0.010882801376283169,0.5753388404846191,0.3273383378982544,-0.007277559954673052,0.5842624306678772,0.33631446957588196,-0.0009832491632550955,0.5644861459732056,0.29208147525787354,-0.0294044129550457,0.5649324655532837,0.28382909297943115,-0.031054336577653885,0.6065642237663269,0.22815468907356262,0.00739766051992774,0.5752619504928589,0.26639246940612793,-0.003495832672342658,0.5768348574638367,0.2900707423686981,-0.015250300988554955,0.5769656300544739,0.2858004570007324,-0.013471533544361591,0.6041770577430725,0.28556016087532043,0.0047655557282269,0.5643223524093628,0.2738099992275238,-0.02750422991812229,0.5922658443450928,0.21948517858982086,-0.0029841328505426645,0.6004909873008728,0.22232933342456818,0.001703372923657298,0.6138914823532104,0.1969253122806549,0.026426153257489204,0.5680080056190491,0.22757422924041748,-0.008316523395478725,0.5774931311607361,0.23428693413734436,0.002451073145493865,0.588653564453125,0.32939550280570984,0.0010542977834120393,0.6159493923187256,0.32995298504829407,0.05259713903069496,0.5727750658988953,0.2949526607990265,-0.013141678646206856,0.5683950185775757,0.29765787720680237,-0.013985421508550644,0.5838367938995361,0.33064979314804077,0.00034640097874216735,0.5823945999145508,0.33036136627197266,-0.0013292701914906502,0.6034700274467468,0.21685901284217834,0.004809563048183918,0.5770353078842163,0.29390496015548706,-0.012165630236268044,0.5815266966819763,0.22058561444282532,-0.006420455407351255,0.5821560025215149,0.2135864496231079,-0.007450843695551157,0.5896430611610413,0.17640605568885803,0.0037716722581535578,0.6096925139427185,0.20573706924915314,0.01388514507561922,0.5861502289772034,0.19349147379398346,-0.0023871823213994503,0.609912097454071,0.22440695762634277,0.01261010579764843,0.6160166263580322,0.21840250492095947,0.02419433742761612,0.5650659799575806,0.3216955363750458,-0.015009008347988129,0.5717490911483765,0.3235158622264862,-0.01195158064365387,0.5766716599464417,0.32585448026657104,-0.00843298714607954,0.571428656578064,0.29656973481178284,-0.012102648615837097,0.5830940008163452,0.3305295705795288,-0.0005552455550059676,0.5802161693572998,0.33123600482940674,-0.004563378170132637,0.5815684199333191,0.33017057180404663,-0.0015401806449517608,0.5702424645423889,0.2920082211494446,-0.021013224497437477,0.5743377804756165,0.32825058698654175,-0.006173545029014349,0.5696431398391724,0.3276395797729492,-0.008382778614759445,0.5641847848892212,0.32780006527900696,-0.010278260335326195,0.567298948764801,0.3479514718055725,-0.008416712284088135,0.5661255717277527,0.3398905396461487,-0.013194275088608265,0.5655561685562134,0.3352520167827606,-0.013462195172905922,0.5648701190948486,0.33100539445877075,-0.011816475540399551,0.5641139149665833,0.3277948200702667,-0.011085430160164833,0.5742656588554382,0.3282856345176697,-0.0067572216503322124,0.5754795074462891,0.3299887776374817,-0.007726109120994806,0.5768280029296875,0.33222484588623047,-0.008820834569633007,0.5779650807380676,0.3347853124141693,-0.008022882975637913,0.5825653076171875,0.3157222867012024,-0.006460782140493393,0.622194766998291,0.2892305850982666,0.06262315809726715,0.5778599381446838,0.32915812730789185,-0.003885214915499091,0.578938364982605,0.330126017332077,-0.004521646536886692,0.5667625665664673,0.3009718060493469,-0.014346353709697723,0.5750195980072021,0.2990390956401825,-0.0081790154799819,0.5675401091575623,0.2993701994419098,-0.014290699735283852,0.5813799500465393,0.27127254009246826,-0.0015248697018250823,0.5908070206642151,0.2764599025249481,0.00022709935728926212,0.5779367089271545,0.2896673381328583,-0.010268733836710453,0.604239284992218,0.18437378108501434,0.014258788898587227,0.6001170873641968,0.19702713191509247,0.005228723399341106,0.5939345359802246,0.21267548203468323,-0.0017003760440275073,0.5797561407089233,0.3407067358493805,-0.004249596036970615,0.5691606998443604,0.21605795621871948,-0.010455559939146042,0.5722965002059937,0.19337502121925354,-0.006818063091486692,0.574216365814209,0.1731570065021515,-0.002379537560045719,0.5977020263671875,0.25210902094841003,0.007698363624513149,0.6118704080581665,0.25960850715637207,0.01636595092713833,0.5741997957229614,0.24972429871559143,0.004170525353401899,0.6048575639724731,0.23821233212947845,0.010560414753854275,0.5711824297904968,0.26081401109695435,-0.0055856360122561455,0.5734791159629822,0.28687000274658203,-0.020802905783057213,0.6175513863563538,0.2653811573982239,0.022815288975834846,0.608115553855896,0.2651723623275757,0.010989373549818993,0.600963830947876,0.2682868242263794,0.005489096511155367,0.5902237892150879,0.26775139570236206,0.0027082720771431923,0.582102358341217,0.264724999666214,0.0013469160767272115,0.5758934617042542,0.26091453433036804,-0.0002564194146543741,0.5637368559837341,0.24947914481163025,-0.011679200455546379,0.616832435131073,0.2830447554588318,0.020935626700520515,0.6094663739204407,0.23732009530067444,0.013424364849925041,0.5626854300498962,0.29667091369628906,-0.026768924668431282,0.5749117136001587,0.2740738093852997,-0.005964973941445351,0.6238507628440857,0.25033336877822876,0.05925862118601799,0.5711753368377686,0.2564195990562439,-0.0011419262737035751,0.5782900452613831,0.2904922068119049,-0.0045282840728759766,0.601883590221405,0.24401628971099854,0.012297511100769043,0.5734169483184814,0.28172263503074646,-0.018555060029029846,0.6199520826339722,0.3095822036266327,0.059280455112457275,0.5739919543266296,0.24682646989822388,0.0056259119883179665,0.5689104199409485,0.276846319437027,-0.02408699505031109,0.6044163703918457,0.34643155336380005,0.02064974047243595,0.6037880182266235,0.356631338596344,0.03088648058474064,0.621542751789093,0.2861746549606323,0.041649241000413895,0.6112110018730164,0.33600547909736633,0.028660207986831665,0.6193166971206665,0.2329469919204712,0.03345390781760216,0.5824176073074341,0.37198740243911743,0.0008299083565361798,0.5620494484901428,0.298737496137619,-0.019384903833270073,0.5800125002861023,0.28027471899986267,-0.003906325437128544,0.6169061660766602,0.2501234710216522,0.02501368336379528,0.5923234224319458,0.24918006360530853,0.005541436839848757,0.5876699090003967,0.2500717341899872,0.003999530337750912,0.5814372301101685,0.33253681659698486,-0.0035957307554781437,0.6157567501068115,0.300143301486969,0.022228093817830086,0.5728254914283752,0.38331326842308044,0.0018289228901267052,0.5885924100875854,0.37354156374931335,0.01412045955657959,0.5955750346183777,0.36671745777130127,0.02144528739154339,0.5829777121543884,0.24961501359939575,0.003690022509545088,0.5784575939178467,0.24833190441131592,0.0044151246547698975,0.5755124688148499,0.24760502576828003,0.005547002423554659,0.6136016845703125,0.23554904758930206,0.019443418830633163,0.5788009166717529,0.24086548388004303,0.003557181218639016,0.583480179309845,0.238614022731781,0.002549469470977783,0.5881435871124268,0.23819825053215027,0.0028837760910391808,0.5928573608398438,0.2393052875995636,0.004414220340549946,0.5959126949310303,0.24110029637813568,0.0064238193444907665,0.6227952241897583,0.22960233688354492,0.05003810301423073,0.5953482389450073,0.24763232469558716,0.007488247938454151,0.5772734880447388,0.3109419345855713,-0.009148841723799706,0.5728084444999695,0.29347681999206543,-0.015268024057149887,0.5672281980514526,0.3083251714706421,-0.014295745640993118,0.5970281958580017,0.35682445764541626,0.014104585163295269,0.589884340763092,0.3645704984664917,0.007695184089243412,0.5730626583099365,0.37709107995033264,-0.005158965475857258,0.6103237867355347,0.34540095925331116,0.04228806123137474,0.5754733681678772,0.24435077607631683,0.004772203974425793,0.5676300525665283,0.26225021481513977,-0.013410777784883976,0.5812633037567139,0.3792593777179718,0.006745488848537207,0.6195156574249268,0.3047933280467987,0.040229834616184235,0.569574236869812,0.32766419649124146,-0.00910905934870243,0.5707643628120422,0.3302925229072571,-0.010104695335030556,0.5718443393707275,0.33363568782806396,-0.01145646721124649,0.5727384090423584,0.3377358317375183,-0.011043800972402096,0.5741291046142578,0.344733327627182,-0.00716741755604744,0.5791967511177063,0.3288411498069763,-0.004113281145691872,0.5804744958877563,0.3283160924911499,-0.004127321299165487,0.5816461443901062,0.3275669813156128,-0.004056121688336134,0.5867598056793213,0.3220277726650238,-0.002692782785743475,0.6087292432785034,0.30385613441467285,0.010288727469742298,0.5673128366470337,0.2545155882835388,-0.008204114623367786,0.5694983005523682,0.24018439650535583,0.001531916786916554,0.5729783773422241,0.24119187891483307,0.003709805430844426,0.5778616666793823,0.32917729020118713,-0.003510251874104142,0.609089195728302,0.32384347915649414,0.01815142296254635,0.5645115375518799,0.24004308879375458,-0.005925612058490515,0.5777388215065002,0.35432595014572144,-0.004547049757093191,0.5637779831886292,0.2577747404575348,-0.017367802560329437,0.5716565847396851,0.27521759271621704,-0.013404549099504948,0.5695867538452148,0.358125776052475,-0.008141053840517998,0.5900255441665649,0.3406887352466583,0.002347054658457637,0.5829672813415527,0.2971916198730469,-0.0033761109225451946,0.58421391248703,0.3486849367618561,-0.0010488670086488128,0.5963565707206726,0.2960159182548523,-0.0007935062167234719,0.5885438919067383,0.3054654002189636,-0.002742655109614134,0.6014305353164673,0.30962106585502625,0.00338349468074739,0.5719566941261292,0.3687281608581543,-0.008058293722569942,0.575019359588623,0.2800203859806061,-0.009416108019649982,0.5950791835784912,0.347199022769928,0.00776695366948843,0.587859570980072,0.35590267181396484,0.00324422400444746,0.5947297811508179,0.3309761583805084,0.0038647691253572702,0.6142187118530273,0.31436067819595337,0.023755790665745735,0.6018992066383362,0.3322622776031494,0.009823043830692768,0.6166655421257019,0.3214077949523926,0.037063345313072205,0.5932566523551941,0.31631404161453247,-0.000322354695526883,0.5710906982421875,0.2680688798427582,-0.009381420910358429,0.5719221830368042,0.29048678278923035,-0.02207847684621811,0.5752041339874268,0.29278814792633057,-0.015976689755916595,0.569465696811676,0.2848678231239319,-0.026141280308365822,0.5732994675636292,0.23273570835590363,-0.00021413176727946848,0.5821904540061951,0.22709225118160248,-0.0011986555764451623,0.5902774930000305,0.22591784596443176,-0.0007708438206464052,0.5971366763114929,0.22768747806549072,0.001765378168784082,0.602079451084137,0.2316523790359497,0.005554747302085161,0.6060893535614014,0.2461712509393692,0.01471942663192749,0.6226614117622375,0.2679223418235779,0.04084789752960205,0.6023101806640625,0.25748518109321594,0.010014429688453674,0.5967460870742798,0.260059654712677,0.0063819484785199165,0.5893115997314453,0.2606228291988373,0.003866738872602582,0.582100510597229,0.25901544094085693,0.0027415405493229628,0.5763953328132629,0.25623035430908203,0.002405205275863409,0.5724215507507324,0.2533792555332184,0.0020006962586194277,0.6232537627220154,0.26981547474861145,0.06301680952310562,0.5750362277030945,0.295125812292099,-0.013184776529669762,0.5678753852844238,0.2694111764431,-0.017923127859830856,0.5681617856025696,0.2908395528793335,-0.02658195048570633,0.5652420520782471,0.29535046219825745,-0.02444363385438919,0.5681058764457703,0.29248854517936707,-0.023847687989473343,0.5734726190567017,0.2977330982685089,-0.011323753744363785,0.5643201470375061,0.2960664629936218,-0.025976339355111122,0.5636800527572632,0.2981305420398712,-0.019397394731640816,0.5720056891441345,0.24697889387607574,0.004730371758341789,0.5692035555839539,0.24869796633720398,0.0012639546766877174,0.5674900412559509,0.24994085729122162,-0.0028089196421205997,0.5977510213851929,0.2425176352262497,0.008482207544147968,0.6015766859054565,0.23852966725826263,0.008795060217380524,0.5267066955566406,0.24710330367088318,0.0052025499753654,0.5329227447509766,0.24637028574943542,0.0052025499753654,0.5261208415031433,0.2398168444633484,0.0052025499753654,0.5203858017921448,0.24775703251361847,0.0052025499753654,0.527233362197876,0.25430938601493835,0.0052025499753654,0.5874353051185608,0.24307163059711456,0.005605440121144056,0.5935190916061401,0.2430093139410019,0.005605440121144056,0.5874013900756836,0.23551608622074127,0.005605440121144056,0.5814135074615479,0.24307787418365479,0.005605440121144056,0.5875160694122314,0.25066500902175903,0.005605440121144056
1766.6666666666654,0.5585047602653503,0.31640222668647766,-0.0169367715716362,0.5607947111129761,0.2900209128856659,-0.029594620689749718,0.5606141686439514,0.2990817725658417,-0.016034163534641266,0.5552431344985962,0.26402783393859863,-0.021308522671461105,0.5605911612510681,0.28145143389701843,-0.031240008771419525,0.5601826906204224,0.27084314823150635,-0.028629543259739876,0.5590786337852478,0.24579432606697083,-0.012921564280986786,0.5177956223487854,0.25014886260032654,0.009010094217956066,0.5583189725875854,0.22750569880008698,-0.008831380866467953,0.557942807674408,0.21607670187950134,-0.009609117172658443,0.5564974546432495,0.1718442738056183,-0.0014603623421862721,0.5586050748825073,0.31945690512657166,-0.01635630615055561,0.558727502822876,0.32284030318260193,-0.014559410512447357,0.5589389204978943,0.3252573013305664,-0.01176634430885315,0.5588533282279968,0.3252377510070801,-0.01238699909299612,0.5589905977249146,0.3284973204135895,-0.013099824078381062,0.5591719150543213,0.33270707726478577,-0.014616562984883785,0.5594127178192139,0.3375229239463806,-0.01435043290257454,0.5615873336791992,0.34669291973114014,-0.00970696285367012,0.5608352422714233,0.2947026491165161,-0.026900406926870346,0.5557655096054077,0.2952774465084076,-0.01946895569562912,0.49276745319366455,0.22065141797065735,0.03732242062687874,0.5339851379394531,0.2553257346153259,0.0030312116723507643,0.5284513831138611,0.25694364309310913,0.003368862671777606,0.5230417847633362,0.25709250569343567,0.004924067296087742,0.5155803561210632,0.2534317374229431,0.009777156636118889,0.5386770367622375,0.25232478976249695,0.0037169232964515686,0.5246466398239136,0.23270192742347717,0.0010451123816892505,0.5310881733894348,0.23280319571495056,0.001259518787264824,0.5187996029853821,0.23496869206428528,0.0029082607943564653,0.5150521397590637,0.2387615144252777,0.005296344868838787,0.5112127065658569,0.2590916156768799,0.012516298331320286,0.5426376461982727,0.3646470308303833,-0.004498583264648914,0.515673041343689,0.24816206097602844,0.010925752110779285,0.4931955635547638,0.2579047679901123,0.038093458861112595,0.5041838884353638,0.25455787777900696,0.018459901213645935,0.5326537489891052,0.28825652599334717,-0.0035240943543612957,0.5513770580291748,0.3148821294307709,-0.01625751703977585,0.5524759888648987,0.32298117876052856,-0.01386838685721159,0.5444002151489258,0.31928324699401855,-0.013278535567224026,0.5398744344711304,0.3240474462509155,-0.009688866324722767,0.5469885468482971,0.3244878053665161,-0.011895020492374897,0.5425650477409363,0.32671216130256653,-0.008522470481693745,0.5370916128158569,0.3377280831336975,-0.002781023271381855,0.5562758445739746,0.29028066992759705,-0.029125619679689407,0.5553809404373169,0.28215470910072327,-0.0306092519313097,0.5067168474197388,0.2338830828666687,0.007433915510773659,0.543166995048523,0.2668604254722595,-0.0034580461215227842,0.5435197949409485,0.2902069091796875,-0.015442251227796078,0.5430244207382202,0.2860262095928192,-0.013625544495880604,0.5152243375778198,0.2896941006183624,0.003587062004953623,0.5553033351898193,0.27226826548576355,-0.02695021778345108,0.5201911926269531,0.22251597046852112,-0.002395741641521454,0.5121636986732483,0.2268822342157364,0.0020177054684609175,0.4984064996242523,0.20377764105796814,0.026511987671256065,0.545974850654602,0.22680196166038513,-0.0071839215233922005,0.5368553400039673,0.23557010293006897,0.003037817543372512,0.5323770046234131,0.3313341736793518,-0.000796161824837327,0.5050210952758789,0.33698391914367676,0.049016352742910385,0.5477914810180664,0.29452911019325256,-0.013445920310914516,0.5522211194038391,0.29652416706085205,-0.014222383499145508,0.534782886505127,0.33181095123291016,-0.0014283458003774285,0.5361379384994507,0.3311889171600342,-0.0029630553908646107,0.5086698532104492,0.2223508507013321,0.005169830285012722,0.5433622002601624,0.2939704656600952,-0.01249730121344328,0.5313464403152466,0.22190168499946594,-0.005507481750100851,0.5299943685531616,0.21538886427879333,-0.006342045031487942,0.5227916836738586,0.17950400710105896,0.005244102794677019,0.5038836598396301,0.2120378315448761,0.014244811609387398,0.5274533629417419,0.1961136758327484,-0.0009759895037859678,0.5030386447906494,0.23106369376182556,0.012591228820383549,0.4978480041027069,0.22557222843170166,0.02413461171090603,0.5517748594284058,0.31923097372055054,-0.015728890895843506,0.5456963777542114,0.32213473320007324,-0.012902738526463509,0.5411930084228516,0.32544904947280884,-0.00963125191628933,0.5490903854370117,0.2959079146385193,-0.012356599792838097,0.5354881286621094,0.33151260018348694,-0.0022359490394592285,0.5384987592697144,0.3315848708152771,-0.0060534668155014515,0.5368821024894714,0.3308321237564087,-0.003143088659271598,0.5503075122833252,0.2912478446960449,-0.021020518615841866,0.543657124042511,0.32751521468162537,-0.00747738778591156,0.5480599403381348,0.32600054144859314,-0.009512345306575298,0.5532330870628357,0.3253330588340759,-0.011241369880735874,0.5550094246864319,0.34706830978393555,-0.00963764451444149,0.5526586174964905,0.337527871131897,-0.014161654748022556,0.5526123642921448,0.332671195268631,-0.014365924522280693,0.5527920126914978,0.3284527361392975,-0.012652205303311348,0.5532509684562683,0.325332909822464,-0.011853976175189018,0.5436835289001465,0.327496200799942,-0.007910389453172684,0.5428345799446106,0.3293492794036865,-0.008924412541091442,0.5418609976768494,0.3317509591579437,-0.010077089071273804,0.5411449074745178,0.33457866311073303,-0.009367775171995163,0.5380510091781616,0.3165578246116638,-0.007528737187385559,0.49541357159614563,0.29718708992004395,0.05978837609291077,0.5607439875602722,0.2968420088291168,-0.01979443058371544,0.5403693318367004,0.3291468620300293,-0.005274727009236813,0.5395132303237915,0.3302740454673767,-0.00593947246670723,0.5539372563362122,0.29950767755508423,-0.014644759707152843,0.5454344749450684,0.2987143397331238,-0.008606545627117157,0.5531420707702637,0.29804477095603943,-0.014555725269019604,0.5372370481491089,0.2724713683128357,-0.0017958784010261297,0.5281325578689575,0.27875810861587524,-0.0003769646573346108,0.5421744585037231,0.28994256258010864,-0.010581259615719318,0.5080686211585999,0.18969687819480896,0.015013467520475388,0.5133658051490784,0.2018207609653473,0.0061317370273172855,0.5178624391555786,0.2165433168411255,-0.0009311489411629736,0.5419752597808838,0.34157752990722656,-0.005902316886931658,0.5435695648193359,0.21598316729068756,-0.009053223766386509,0.5414795875549316,0.19389301538467407,-0.005018979776650667,0.5383408665657043,0.174040749669075,-0.0003549145767465234,0.5183955430984497,0.2561309337615967,0.007418259046971798,0.5054330229759216,0.2654111385345459,0.015545316971838474,0.5417754650115967,0.24958878755569458,0.004542626906186342,0.5095230340957642,0.24357791244983673,0.010407042689621449,0.5470207929611206,0.2607896625995636,-0.005323206074535847,0.5467763543128967,0.2865438461303711,-0.020779646933078766,0.49987316131591797,0.2721506357192993,0.021578801795840263,0.5100101828575134,0.27042314410209656,0.010167933069169521,0.5177693963050842,0.27239522337913513,0.0048417807556688786,0.5284632444381714,0.2699175477027893,0.0023336370941251516,0.5361676216125488,0.26559221744537354,0.001223239698447287,0.5419975519180298,0.2607976198196411,-0.00015024555614218116,0.5539036393165588,0.24843382835388184,-0.010865742340683937,0.5020371675491333,0.2894286811351776,0.01932954043149948,0.5049598813056946,0.2433587610721588,0.013140333816409111,0.5581245422363281,0.2946833670139313,-0.02661745809018612,0.5440776944160461,0.2743382453918457,-0.006038860883563757,0.49065184593200684,0.25879716873168945,0.05735813453793526,0.5462998747825623,0.2556014955043793,-0.0007839215104468167,0.5417225360870361,0.29083535075187683,-0.004912720527499914,0.5131226778030396,0.2488974928855896,0.01200507115572691,0.5464349389076233,0.2814936935901642,-0.018493397161364555,0.4993751645088196,0.31717729568481445,0.05600098520517349,0.5416743755340576,0.24672575294971466,0.006031626835465431,0.5507610440254211,0.27598971128463745,-0.023755837231874466,0.5182331800460815,0.3514822721481323,0.017855575308203697,0.5192044377326965,0.3619627356529236,0.02746041864156723,0.4967593848705292,0.2937646210193634,0.039576172828674316,0.510764479637146,0.342075914144516,0.025777149945497513,0.49507784843444824,0.24051827192306519,0.03282921016216278,0.5417307019233704,0.37356460094451904,-0.0015687441918998957,0.5586284399032593,0.2966958284378052,-0.019431235268712044,0.5392370820045471,0.2810865342617035,-0.004238639026880264,0.49932193756103516,0.25673553347587585,0.024199524894356728,0.523262619972229,0.252327561378479,0.005481936503201723,0.5280394554138184,0.2523629665374756,0.004067114554345608,0.5375508069992065,0.3331703543663025,-0.005208417307585478,0.5042343735694885,0.30636072158813477,0.020189715549349785,0.5518460273742676,0.38361456990242004,-0.000662130827549845,0.5354936122894287,0.3765617609024048,0.011179114691913128,0.5280826687812805,0.3708474040031433,0.01827848330140114,0.5571800470352173,0.19300609827041626,-0.006094735581427813,0.562818706035614,0.3837469816207886,-0.002171462867408991,0.5327415466308594,0.2510586082935333,0.0038571034092456102,0.5371173620223999,0.249012753367424,0.004677678924053907,0.5401059985160828,0.24775052070617676,0.005888012237846851,0.5006804466247559,0.24245581030845642,0.019051609560847282,0.5361676216125488,0.24210144579410553,0.0039260005578398705,0.5312551856040955,0.24072612822055817,0.0028559532947838306,0.5265287756919861,0.2408943474292755,0.00306730717420578,0.5217850208282471,0.24262690544128418,0.004479382187128067,0.5187817215919495,0.24486497044563293,0.006393858697265387,0.49044448137283325,0.23790785670280457,0.04878310486674309,0.5200389623641968,0.2513543963432312,0.007346656173467636,0.5607190728187561,0.30570217967033386,-0.014996642246842384,0.5434198379516602,0.3109205365180969,-0.0099797323346138,0.5477204322814941,0.2930675446987152,-0.015405064448714256,0.5535447001457214,0.30681243538856506,-0.014737474732100964,0.5586850047111511,0.23684680461883545,-0.008686399087309837,0.5261674523353577,0.36074796319007874,0.011371542699635029,0.533767819404602,0.36740240454673767,0.005117835011333227,0.5513662099838257,0.3771854341030121,-0.007292504888027906,0.5119003057479858,0.35173338651657104,0.03868094086647034,0.539891242980957,0.244686558842659,0.005173376761376858,0.5509084463119507,0.2615409791469574,-0.012921731919050217,0.5626782774925232,0.3770347237586975,-0.008600055240094662,0.5431786775588989,0.38098663091659546,0.004024080466479063,0.5001411437988281,0.3120747208595276,0.03774072229862213,0.5480992197990417,0.3259950876235962,-0.010090683586895466,0.5472663044929504,0.3286690413951874,-0.01111616101115942,0.5466664433479309,0.3321208655834198,-0.01251540519297123,0.5463689565658569,0.3364329934120178,-0.012184837833046913,0.5479225516319275,0.3448694050312042,-0.008659281767904758,0.5389759540557861,0.32914578914642334,-0.00560214277356863,0.5377072095870972,0.3288493752479553,-0.005638243164867163,0.5365883111953735,0.32828933000564575,-0.005573766306042671,0.5339789390563965,0.3235500752925873,-0.004155583679676056,0.5116205215454102,0.3087822198867798,0.008460898883640766,0.5505586266517639,0.2539381980895996,-0.00767123606055975,0.545802116394043,0.23980560898780823,0.0022491812705993652,0.5421186685562134,0.2413395643234253,0.004306927789002657,0.5403731465339661,0.3292056918144226,-0.005004174541682005,0.5122681856155396,0.32922425866127014,0.01575448177754879,0.5511537790298462,0.23870538175106049,-0.004989468492567539,0.5451061725616455,0.35498011112213135,-0.0062988740392029285,0.5598096251487732,0.2622724175453186,-0.02314625307917595,0.554557740688324,0.2565423846244812,-0.016590557992458344,0.5594539046287537,0.2542389929294586,-0.017822764813899994,0.5476248860359192,0.27487874031066895,-0.013244422152638435,0.5623589754104614,0.3680996298789978,-0.011321197263896465,0.5619600415229797,0.35702866315841675,-0.010578937828540802,0.5534785985946655,0.35755455493927,-0.009645716287195683,0.5318801403045654,0.3430386483669281,0.00034173132735304534,0.5372172594070435,0.298168808221817,-0.004060241859406233,0.5381728410720825,0.35028648376464844,-0.0029469244182109833,0.5237203240394592,0.2989429235458374,-0.001923291478306055,0.5319414138793945,0.3072144389152527,-0.003800308331847191,0.5192961692810059,0.31336286664009094,0.0017868829891085625,0.551895797252655,0.36847299337387085,-0.009867940098047256,0.5444791316986084,0.2801609933376312,-0.009486261755228043,0.5274693965911865,0.3505747318267822,0.005374551750719547,0.5351840257644653,0.35820791125297546,0.0009776277001947165,0.5267061591148376,0.33387064933776855,0.0018163505010306835,0.5065852999687195,0.3205168843269348,0.021341226994991302,0.5198453068733215,0.3365086317062378,0.0075230966322124004,0.5042212605476379,0.32829543948173523,0.03423207625746727,0.5275835394859314,0.318759948015213,-0.0018356951186433434,0.5476348996162415,0.2678346335887909,-0.009184694848954678,0.5485901832580566,0.2899458110332489,-0.022065913304686546,0.5453001260757446,0.29268553853034973,-0.01615256816148758,0.550824761390686,0.2839333117008209,-0.025974858552217484,0.5409771203994751,0.23317578434944153,0.000571547425352037,0.5312696099281311,0.2288682758808136,-0.000586412672419101,0.5229907631874084,0.2288510799407959,-0.0003536029253154993,0.5162603259086609,0.23173463344573975,0.001966838026419282,0.5115779638290405,0.2365596443414688,0.005621562711894512,0.5092555284500122,0.25162917375564575,0.014288602396845818,0.4941204786300659,0.2757740020751953,0.03916778415441513,0.5146376490592957,0.26209765672683716,0.009511402808129787,0.5206843018531799,0.2636975944042206,0.006006849464029074,0.5281559824943542,0.26289620995521545,0.003665048396214843,0.5351284146308899,0.26007235050201416,0.00276187970302999,0.5405868291854858,0.2563648223876953,0.0026460266672074795,0.544338583946228,0.2529544532299042,0.002388992113992572,0.49276089668273926,0.2780455946922302,0.060599975287914276,0.5454629063606262,0.294963002204895,-0.01345551386475563,0.5512153506278992,0.26856502890586853,-0.017508024349808693,0.5524582862854004,0.28969690203666687,-0.026425529271364212,0.5554161667823792,0.29379215836524963,-0.024358538910746574,0.5524978637695312,0.2913358211517334,-0.02375607192516327,0.5470470190048218,0.2973005473613739,-0.011645806021988392,0.5564294457435608,0.29433363676071167,-0.025859080255031586,0.5569528341293335,0.2963711619377136,-0.019440777599811554,0.543712854385376,0.24658261239528656,0.005233678501099348,0.547095537185669,0.24792999029159546,0.0018520161975175142,0.5492576360702515,0.24874550104141235,-0.0022040449548512697,0.5170647501945496,0.24658086895942688,0.008354131132364273,0.512728750705719,0.2432996928691864,0.008651028387248516,0.5643621683120728,0.2633550763130188,-0.021139683201909065,0.5973437428474426,0.24452656507492065,0.010223696008324623,0.5655869841575623,0.29456236958503723,-0.019345464184880257,0.6198559403419495,0.211380273103714,0.03948625922203064,0.5828162431716919,0.25270554423332214,0.0037981695495545864,0.5883238315582275,0.25314760208129883,0.004303228110074997,0.5935298204421997,0.252239853143692,0.006014533806592226,0.6000580787658691,0.24730642139911652,0.011081783100962639,0.5780139565467834,0.25055184960365295,0.004290256183594465,0.5892138481140137,0.22853606939315796,0.0020734563004225492,0.5831194519996643,0.22946195304393768,0.002044057007879019,0.5949388146400452,0.22989057004451752,0.004106719512492418,0.5987646579742432,0.2330273985862732,0.006548270117491484,0.6053357720375061,0.25217992067337036,0.013934686779975891,0.5815684199333191,0.3615710437297821,-0.0038275807164609432,0.5991612076759338,0.2422991693019867,0.012209978885948658,0.6221572756767273,0.24849921464920044,0.04002143442630768,0.6116500496864319,0.24670983850955963,0.02002817951142788,0.5873254537582397,0.2844487130641937,-0.002694300375878811,0.5656628012657166,0.31421971321105957,-0.01604548655450344,0.5652377009391785,0.32241755723953247,-0.013663651421666145,0.5733396410942078,0.3180447220802307,-0.012865657918155193,0.5783326625823975,0.32246917486190796,-0.00908681284636259,0.5712180733680725,0.3234941363334656,-0.011535288766026497,0.5759608745574951,0.3254110813140869,-0.00799551047384739,0.5847698450088501,0.33430495858192444,-0.0019418272422626615,0.5652616024017334,0.2896217405796051,-0.029020806774497032,0.5656737089157104,0.28137409687042236,-0.030489813536405563,0.6064671277999878,0.2266000211238861,0.008937899954617023,0.575660765171051,0.2645184099674225,-0.002915941644459963,0.5772753357887268,0.28775525093078613,-0.014987902715802193,0.5773679614067078,0.2835536599159241,-0.013164276257157326,0.6043782830238342,0.28337663412094116,0.004972407594323158,0.5650107264518738,0.27151110768318176,-0.02679416909813881,0.5922839641571045,0.21806423366069794,-0.001274135080166161,0.600409209728241,0.22084325551986694,0.003381121437996626,0.6138461828231812,0.19535499811172485,0.028465716168284416,0.5684847831726074,0.22610679268836975,-0.006825629156082869,0.5779405832290649,0.23302236199378967,0.003624505363404751,0.5890718102455139,0.32731616497039795,0.00023527575831394643,0.6159271597862244,0.3288027346134186,0.05104546993970871,0.5732842683792114,0.29267463088035583,-0.013043773360550404,0.5690038204193115,0.29536911845207214,-0.01401575468480587,0.5841375589370728,0.329860121011734,-0.0005004265694878995,0.5827695727348328,0.32940414547920227,-0.002164586680009961,0.6034002900123596,0.21535125374794006,0.006627290043979883,0.5774575471878052,0.291593998670578,-0.012038758024573326,0.5817228555679321,0.21918007731437683,-0.0047609745524823666,0.5823028683662415,0.21219637989997864,-0.00559026887640357,0.5896493196487427,0.17467524111270905,0.00631499569863081,0.6096271872520447,0.20407222211360931,0.01586265303194523,0.5862399339675903,0.19169625639915466,-0.00011837266356451437,0.6098530888557434,0.22284691035747528,0.014223162084817886,0.6159657835960388,0.21682214736938477,0.025860683992505074,0.565632164478302,0.3185673654079437,-0.015531852841377258,0.5722659826278687,0.32101738452911377,-0.012520353309810162,0.577156662940979,0.32399168610572815,-0.009075996465981007,0.5719651579856873,0.2942771911621094,-0.01207039039582014,0.5834366083145142,0.3296487629413605,-0.0013973609311506152,0.580431342124939,0.32994544506073,-0.005371220409870148,0.5820008516311646,0.32910823822021484,-0.002370762173086405,0.5708493590354919,0.2897309362888336,-0.02069677598774433,0.5750519037246704,0.3262615501880646,-0.006962784565985203,0.5703223943710327,0.3250948488712311,-0.009155184030532837,0.5648098587989807,0.32485413551330566,-0.011047851294279099,0.568151593208313,0.3461272716522217,-0.009417591616511345,0.5663238763809204,0.3370024561882019,-0.013931472785770893,0.5658555030822754,0.332139253616333,-0.014123956672847271,0.5653093457221985,0.32793328166007996,-0.012433613650500774,0.5646550059318542,0.3248644769191742,-0.011643923819065094,0.5748873949050903,0.3263256251811981,-0.007394187152385712,0.5758711099624634,0.32805490493774414,-0.008400020189583302,0.5769814848899841,0.33036911487579346,-0.009538732469081879,0.5779449343681335,0.3331088721752167,-0.008805660530924797,0.5831437706947327,0.31337133049964905,-0.006872665137052536,0.6221027970314026,0.28810325264930725,0.0619996041059494,0.5784587264060974,0.32773247361183167,-0.004622648470103741,0.5793124437332153,0.32874393463134766,-0.005294552072882652,0.567444384098053,0.29864054918289185,-0.014457391574978828,0.5755199790000916,0.2967161238193512,-0.00826195813715458,0.5681849122047424,0.2970639765262604,-0.014354086481034756,0.5817252993583679,0.2693292200565338,-0.001060553127899766,0.5910943746566772,0.2743677496910095,0.000614059274084866,0.5783244371414185,0.28742676973342896,-0.01008911244571209,0.6041796207427979,0.1827070564031601,0.01660960353910923,0.6000937223434448,0.1953049600124359,0.007392818573862314,0.5939285159111023,0.21124735474586487,0.00019797911227215081,0.5803855657577515,0.3387283682823181,-0.005231059622019529,0.5695347785949707,0.21462595462799072,-0.008670911192893982,0.572546124458313,0.19159157574176788,-0.004564863629639149,0.5743569135665894,0.17144429683685303,0.00018663305672816932,0.5977351069450378,0.25047940015792847,0.008660218678414822,0.6119340658187866,0.2578727900981903,0.017102209851145744,0.574808657169342,0.24839971959590912,0.005059418734163046,0.6047642827033997,0.23668238520622253,0.011797883547842503,0.5716240406036377,0.25897300243377686,-0.004896093625575304,0.5740105509757996,0.28455036878585815,-0.02039681002497673,0.6176005601882935,0.2635926902294159,0.023355407640337944,0.6081939339637756,0.26336827874183655,0.011635925620794296,0.6011271476745605,0.2664525508880615,0.006085161119699478,0.590540885925293,0.2659779191017151,0.0032824913505464792,0.5825480222702026,0.2630378305912018,0.0019457294838503003,0.5764068365097046,0.2592863440513611,0.00040987314423546195,0.5642863512039185,0.2476469874382019,-0.010675136931240559,0.6169118881225586,0.281143456697464,0.021094169467687607,0.6094112396240234,0.23573711514472961,0.014706170186400414,0.5634912848472595,0.2942759096622467,-0.02652360498905182,0.5753356218338013,0.2720798850059509,-0.005540888290852308,0.623831033706665,0.24912387132644653,0.05970605090260506,0.5717390775680542,0.25483593344688416,-0.0003784917644225061,0.5786688923835754,0.2883107364177704,-0.004466076381504536,0.6017995476722717,0.24248847365379333,0.013362728990614414,0.5738977789878845,0.2794714570045471,-0.01809362694621086,0.6198787093162537,0.30843284726142883,0.05817518010735512,0.5745852589607239,0.2455514371395111,0.006579654291272163,0.5694950222969055,0.27457064390182495,-0.023463314399123192,0.6047297120094299,0.3447958827018738,0.019212521612644196,0.6041123270988464,0.35531818866729736,0.029006337746977806,0.6215682029724121,0.28464046120643616,0.041463736444711685,0.6113934516906738,0.3344603180885315,0.0273468978703022,0.6193098425865173,0.23141932487487793,0.034674614667892456,0.5830696821212769,0.3702283203601837,-0.0008676789002493024,0.5628507137298584,0.29640138149261475,-0.01937171071767807,0.5803810954093933,0.27821528911590576,-0.003618518589064479,0.6170378923416138,0.2485208660364151,0.025912074372172356,0.5924243927001953,0.2476673424243927,0.0065604448318481445,0.5879136919975281,0.24862700700759888,0.004997551441192627,0.5815244913101196,0.33139511942863464,-0.004450652748346329,0.6158720850944519,0.2982713580131531,0.021906087175011635,0.57362961769104,0.38185349106788635,-0.00018163012282457203,0.5891788005828857,0.37206006050109863,0.012190147303044796,0.5960678458213806,0.365298867225647,0.019534744322299957,0.583359956741333,0.24825423955917358,0.004662550054490566,0.5789696574211121,0.24704059958457947,0.005366908386349678,0.5760949850082397,0.2463286966085434,0.006493296939879656,0.6136190891265869,0.23396918177604675,0.020724806934595108,0.5792078375816345,0.2396211177110672,0.004658907186239958,0.5837370157241821,0.23738998174667358,0.0037242709659039974,0.5882484912872314,0.23695828020572662,0.004095891956239939,0.5928236246109009,0.23799414932727814,0.005618841852992773,0.5958116054534912,0.23970888555049896,0.007594921626150608,0.6228248476982117,0.2282593548297882,0.05109792947769165,0.5953434705734253,0.24610209465026855,0.008521989919245243,0.5779030919075012,0.3085177540779114,-0.009446192532777786,0.5733414888381958,0.2912014126777649,-0.015071460045874119,0.5679969191551208,0.3058105409145355,-0.014517135918140411,0.597460150718689,0.35513752698898315,0.012514205649495125,0.5904188752174377,0.36283937096595764,0.006024922709912062,0.5738703012466431,0.37537986040115356,-0.006901081185787916,0.6104594469070435,0.34421050548553467,0.040506087243556976,0.5760040879249573,0.24308861792087555,0.005796178709715605,0.5681505799293518,0.2602674067020416,-0.012645350769162178,0.5819488167762756,0.3777310848236084,0.004802882671356201,0.6195753812789917,0.30328118801116943,0.03957578167319298,0.5701441764831543,0.32512909173965454,-0.00969068706035614,0.5711314678192139,0.3277064263820648,-0.010720321908593178,0.5719992518424988,0.3310853838920593,-0.012118096463382244,0.5727277994155884,0.3353956639766693,-0.01178387738764286,0.5748661756515503,0.3428278863430023,-0.008141007274389267,0.5798072814941406,0.32749679684638977,-0.0048840465024113655,0.5809276700019836,0.32706528902053833,-0.004864256829023361,0.5819881558418274,0.3263948857784271,-0.004746078979223967,0.5872532725334167,0.31977665424346924,-0.0032517912331968546,0.6089298129081726,0.30177006125450134,0.010012658312916756,0.5678020119667053,0.2526834309101105,-0.00735934404656291,0.5701166987419128,0.23881219327449799,0.002598344814032316,0.5735626220703125,0.23989740014076233,0.004789403639733791,0.5785708427429199,0.3277158737182617,-0.004335143603384495,0.6092949509620667,0.32198935747146606,0.017294814810156822,0.5651397705078125,0.23856401443481445,-0.004780575633049011,0.5784055590629578,0.3523814082145691,-0.00575078884139657,0.5643699765205383,0.2557862102985382,-0.016445472836494446,0.5721462368965149,0.27311161160469055,-0.01288889441639185,0.5703960657119751,0.35624486207962036,-0.009371698834002018,0.5904690623283386,0.33867183327674866,0.0012915788684040308,0.5833379626274109,0.2949729263782501,-0.003421986475586891,0.584771454334259,0.34669625759124756,-0.002217124914750457,0.5966525077819824,0.2937771677970886,-0.000804124865680933,0.5889346599578857,0.30321675539016724,-0.002956279320642352,0.6016886830329895,0.3074355721473694,0.0030590437818318605,0.572745144367218,0.36685264110565186,-0.009511863812804222,0.5754398107528687,0.2779237926006317,-0.009059260599315166,0.5954877734184265,0.34530189633369446,0.006493206601589918,0.5883826613426208,0.3539978265762329,0.00183173140976578,0.5950861573219299,0.328902930021286,0.0030220947228372097,0.6143671870231628,0.31257402896881104,0.023042544722557068,0.6022083759307861,0.3303213119506836,0.008899565786123276,0.6167534589767456,0.3199176490306854,0.03598945215344429,0.5936163067817688,0.31408780813217163,-0.0007556353230029345,0.5715599060058594,0.26609042286872864,-0.008793025277554989,0.5725007653236389,0.28817400336265564,-0.021698877215385437,0.5756919980049133,0.2904719114303589,-0.015775175765156746,0.570094645023346,0.28248652815818787,-0.025637658312916756,0.5737836956977844,0.2313944697380066,0.0010645887814462185,0.5824313759803772,0.2257608324289322,0.00022510050621349365,0.5903221964836121,0.22454658150672913,0.0006955629214644432,0.5970679521560669,0.22624711692333221,0.003218352794647217,0.6019613146781921,0.23016168177127838,0.0069518918171525,0.6060649156570435,0.2445795238018036,0.015743324533104897,0.62267005443573,0.2664070725440979,0.04113909229636192,0.6023772358894348,0.2557728886604309,0.010824084281921387,0.5969286561012268,0.25833332538604736,0.0071604750119149685,0.5896276831626892,0.2589700520038605,0.00461204070597887,0.5825508236885071,0.25746142864227295,0.003479114267975092,0.5769389271736145,0.25474658608436584,0.00316422525793314,0.5730196833610535,0.2519179880619049,0.002790824742987752,0.6231695413589478,0.26869556307792664,0.06292533129453659,0.575503945350647,0.2928152084350586,-0.013074355199933052,0.568438708782196,0.26728469133377075,-0.017244240269064903,0.568846583366394,0.2884574234485626,-0.026180682703852654,0.5659832954406738,0.29301416873931885,-0.024209942668676376,0.5687772631645203,0.29017919301986694,-0.023519953712821007,0.5739844441413879,0.2954149544239044,-0.011321944184601307,0.5650935173034668,0.2936910092830658,-0.025737658143043518,0.5644474029541016,0.2958042025566101,-0.019349275156855583,0.5726392865180969,0.2456692010164261,0.00565948523581028,0.569843053817749,0.24727386236190796,0.0021613154094666243,0.5681045651435852,0.24841681122779846,-0.0019210103200748563,0.5976318120956421,0.2410743087530136,0.009611950255930424,0.601454496383667,0.2370465099811554,0.009975384920835495,0.5270534157752991,0.2458135038614273,0.005720999091863632,0.5330629348754883,0.24502258002758026,0.005720999091863632,0.526394784450531,0.23857735097408295,0.005720999091863632,0.5209254622459412,0.24654437601566315,0.005720999091863632,0.5276526212692261,0.25297310948371887,0.005720999091863632,0.5878216624259949,0.2418815940618515,0.006669814698398113,0.5937996506690979,0.24176235496997833,0.006669814698398113,0.5877400040626526,0.23438823223114014,0.006669814698398113,0.5818994641304016,0.24194812774658203,0.006669814698398113,0.5879332423210144,0.24939972162246704,0.006669814698398113
1799.9999999999986,0.5588734149932861,0.3158532381057739,-0.01687011495232582,0.5608549118041992,0.2883211076259613,-0.029569212347269058,0.5607494711875916,0.2974473834037781,-0.015916982665657997,0.5552317500114441,0.26252591609954834,-0.0213569737970829,0.5606101155281067,0.27981626987457275,-0.03125549107789993,0.560183584690094,0.2692743241786957,-0.028681248426437378,0.5590745806694031,0.24435792863368988,-0.013054173439741135,0.518090546131134,0.24868370592594147,0.009105326607823372,0.5582869648933411,0.22594158351421356,-0.009059572592377663,0.5578815937042236,0.21451489627361298,-0.009912228211760521,0.5563597679138184,0.17057526111602783,-0.0019983139354735613,0.5589867830276489,0.31887564063072205,-0.016272228211164474,0.5591484308242798,0.32214802503585815,-0.014434409327805042,0.5593857169151306,0.3244772255420685,-0.011547083966434002,0.5592717528343201,0.32443371415138245,-0.012339195236563683,0.5594598650932312,0.327802836894989,-0.012962562032043934,0.5596882700920105,0.3320569097995758,-0.014440041966736317,0.5599679350852966,0.3367970287799835,-0.014118908904492855,0.5621914863586426,0.3447921872138977,-0.009341191500425339,0.5609345436096191,0.29296475648880005,-0.026848558336496353,0.5559403896331787,0.29356420040130615,-0.019365906715393066,0.4928625226020813,0.21919363737106323,0.037512101233005524,0.5340174436569214,0.253810316324234,0.003018683521077037,0.5285366177558899,0.2554003596305847,0.003401755355298519,0.5231786370277405,0.25555911660194397,0.005001014564186335,0.5158126950263977,0.2520579695701599,0.009912552312016487,0.5386723875999451,0.25084900856018066,0.0036822690162807703,0.5248059630393982,0.2314145565032959,0.0009958288865163922,0.5311485528945923,0.23152945935726166,0.0011484659044072032,0.5190212726593018,0.23363420367240906,0.002917027799412608,0.5153133869171143,0.23739954829216003,0.005343303084373474,0.5113404989242554,0.2577389180660248,0.012712777592241764,0.5433790683746338,0.3623778820037842,-0.004008991178125143,0.5159942507743835,0.2468295842409134,0.011038892902433872,0.49341440200805664,0.2563052177429199,0.0384664349257946,0.5043060183525085,0.2533127963542938,0.01869128830730915,0.532875120639801,0.2868586778640747,-0.0033391285687685013,0.5518410205841064,0.314331591129303,-0.01615561731159687,0.5529882907867432,0.32221686840057373,-0.013730616308748722,0.5449657440185547,0.31829965114593506,-0.01315631065517664,0.5404764413833618,0.3226725459098816,-0.009616311639547348,0.5475951433181763,0.32347872853279114,-0.011778628453612328,0.5432081818580627,0.3254019618034363,-0.008452706970274448,0.537778377532959,0.3361804783344269,-0.002660871483385563,0.5563467144966125,0.2885777950286865,-0.0290836151689291,0.5554021596908569,0.28053322434425354,-0.030600085854530334,0.5068081021308899,0.23242418467998505,0.007548843510448933,0.5432430505752563,0.2654404938220978,-0.0034331290517002344,0.5437310934066772,0.28865429759025574,-0.015309748239815235,0.5432252883911133,0.28453147411346436,-0.013507082127034664,0.5154834389686584,0.2884018123149872,0.003898403374478221,0.5552961230278015,0.2707071006298065,-0.026967566460371017,0.5202804803848267,0.22104512155056,-0.002437327289953828,0.5122518539428711,0.22536474466323853,0.002069023670628667,0.4983362853527069,0.202389657497406,0.026532763615250587,0.5459955334663391,0.22563548386096954,-0.007351077627390623,0.5368524789810181,0.23425889015197754,0.0029055336490273476,0.5330679416656494,0.3299795985221863,-0.0006566221709363163,0.5057638883590698,0.33474284410476685,0.049924347549676895,0.5480303764343262,0.29290348291397095,-0.013317355886101723,0.552468478679657,0.294910192489624,-0.014083023183047771,0.5353549718856812,0.3298341631889343,-0.0013820214662700891,0.5367304682731628,0.32932013273239136,-0.002961659338325262,0.5087336897850037,0.22076159715652466,0.0052079735323786736,0.5436550974845886,0.29246747493743896,-0.012340109795331955,0.5314474105834961,0.22059819102287292,-0.005630617495626211,0.5300935506820679,0.21396246552467346,-0.006497719790786505,0.5225709676742554,0.17824441194534302,0.004933421965688467,0.5037098526954651,0.21053729951381683,0.014256672002375126,0.5272062420845032,0.19472667574882507,-0.0012224615784361959,0.5031417608261108,0.22962166368961334,0.012724853120744228,0.497810423374176,0.2240331619977951,0.024262534454464912,0.5522511005401611,0.31858691573143005,-0.015621799044311047,0.5462862253189087,0.3211331069469452,-0.012796004302799702,0.5418105721473694,0.32410380244255066,-0.009567342698574066,0.5493629574775696,0.2943074405193329,-0.012209142558276653,0.5360752940177917,0.3295930027961731,-0.0022153144236654043,0.5390369892120361,0.3299248218536377,-0.0060524484142661095,0.5374865531921387,0.3290209472179413,-0.00314116757363081,0.5504463911056519,0.28951677680015564,-0.02092496119439602,0.5443098545074463,0.3262261748313904,-0.007354939356446266,0.5486694574356079,0.3249870240688324,-0.00932665728032589,0.5537686347961426,0.32448893785476685,-0.011019475758075714,0.5556572675704956,0.3451591432094574,-0.009277506731450558,0.5531589984893799,0.33672329783439636,-0.013937357813119888,0.5530968904495239,0.3319529891014099,-0.014193412847816944,0.5532717704772949,0.3276800215244293,-0.012519164942204952,0.5537437200546265,0.32447850704193115,-0.011801790446043015,0.5443032383918762,0.3261961042881012,-0.007916731759905815,0.5433948040008545,0.32803231477737427,-0.00887960847467184,0.5423768162727356,0.3303970694541931,-0.010024652816355228,0.5416205525398254,0.3331276476383209,-0.009298914112150669,0.5385894179344177,0.3151915967464447,-0.0074345944449305534,0.49602216482162476,0.2952335476875305,0.060564979910850525,0.5608676075935364,0.29512089490890503,-0.01969965733587742,0.5409923195838928,0.3275756239891052,-0.005302047356963158,0.5400777459144592,0.3286789655685425,-0.005940915551036596,0.5541793704032898,0.29791849851608276,-0.014494475908577442,0.545808732509613,0.29724517464637756,-0.00843383651226759,0.5533884167671204,0.2964414656162262,-0.014407728798687458,0.537339985370636,0.27109020948410034,-0.0016943210503086448,0.5282692909240723,0.2774483263492584,-0.00017472650506533682,0.5424394607543945,0.28847408294677734,-0.0104376757517457,0.5078897476196289,0.18839101493358612,0.014857559464871883,0.5131064057350159,0.20036473870277405,0.0060143969021737576,0.5179587602615356,0.21495042741298676,-0.0010104826651513577,0.5426682233810425,0.3398491442203522,-0.005737957078963518,0.5436059236526489,0.2147238850593567,-0.009278346784412861,0.5412948131561279,0.19256241619586945,-0.005370797589421272,0.5381439328193665,0.17279799282550812,-0.0007991925813257694,0.5185892581939697,0.25465837121009827,0.00753402803093195,0.5055071711540222,0.2641087472438812,0.015800615772604942,0.5417357683181763,0.24814052879810333,0.004489038605242968,0.5097112059593201,0.2422119379043579,0.010531594045460224,0.547066867351532,0.2593478262424469,-0.005338566843420267,0.5469048619270325,0.2849211096763611,-0.020689062774181366,0.5000304579734802,0.27067816257476807,0.021939164027571678,0.5100728869438171,0.2690664231777191,0.010407806374132633,0.5177888870239258,0.2709972858428955,0.005020624026656151,0.5284514427185059,0.2685258090496063,0.002462443895637989,0.5361416935920715,0.26419976353645325,0.0012827544705942273,0.5419629812240601,0.25938475131988525,-0.00015005409659352154,0.5538941621780396,0.24699442088603973,-0.0109623484313488,0.5023321509361267,0.2879696190357208,0.019758958369493484,0.5051062107086182,0.24202845990657806,0.013296278193593025,0.5582387447357178,0.29295000433921814,-0.026551777496933937,0.5442179441452026,0.27289247512817383,-0.005982967559248209,0.49104931950569153,0.2571229636669159,0.057884350419044495,0.5462453365325928,0.25415539741516113,-0.0008263587369583547,0.5420306921005249,0.2893999516963959,-0.0047664823941886425,0.5133866667747498,0.24759157001972198,0.012142183259129524,0.5465514063835144,0.2799501121044159,-0.01842181570827961,0.5000683665275574,0.3150797188282013,0.05686482787132263,0.5416361689567566,0.24529168009757996,0.005964434240013361,0.5507948398590088,0.2744358777999878,-0.02372979186475277,0.5188934803009033,0.3493625521659851,0.01843434013426304,0.5199041366577148,0.35953646898269653,0.028282372280955315,0.4972022771835327,0.292005330324173,0.040143221616744995,0.5114264488220215,0.33999693393707275,0.026428287848830223,0.49516984820365906,0.23897132277488708,0.03307630866765976,0.5425435900688171,0.3710699677467346,-0.0009642086806707084,0.5587697625160217,0.2949783205986023,-0.01932886242866516,0.5394297242164612,0.2796737849712372,-0.004122081678360701,0.499420702457428,0.2555694282054901,0.02448560670018196,0.523450493812561,0.2507007122039795,0.005533826537430286,0.5281462669372559,0.25072482228279114,0.004085621330887079,0.5380687117576599,0.33142340183258057,-0.0051878164522349834,0.5046888589859009,0.30476030707359314,0.020688502117991447,0.5527616143226624,0.3809337615966797,8.346605318365619e-05,0.5363110303878784,0.3738928437232971,0.011916721239686012,0.5288235545158386,0.36829403042793274,0.019027378410100937,0.5570774674415588,0.19166646897792816,-0.006523154675960541,0.5637685060501099,0.38114333152770996,-0.0014828223502263427,0.5327897071838379,0.24945612251758575,0.00384693150408566,0.5371219515800476,0.24747884273529053,0.004645113367587328,0.5400738716125488,0.2462729513645172,0.005839202087372541,0.5008202195167542,0.24120336771011353,0.01925208792090416,0.5361958742141724,0.2408280223608017,0.00383300450630486,0.5313615798950195,0.23953983187675476,0.0027914848178625107,0.5267263054847717,0.2397203892469406,0.0030386028811335564,0.5220638513565063,0.2414281964302063,0.004493860527873039,0.5190975666046143,0.24361281096935272,0.006440944503992796,0.49069541692733765,0.2363717257976532,0.04914213344454765,0.5202922224998474,0.24979537725448608,0.007427599746733904,0.5608810782432556,0.30421867966651917,-0.01489157136529684,0.54384845495224,0.30951565504074097,-0.009836874902248383,0.5479260087013245,0.2914019823074341,-0.015287723392248154,0.5538202524185181,0.30536094307899475,-0.014602466486394405,0.5586760640144348,0.23534244298934937,-0.008865862153470516,0.5268457531929016,0.35849452018737793,0.01191795989871025,0.5345170497894287,0.3649995028972626,0.0056924703530967236,0.5521906614303589,0.37472003698349,-0.006690589245408773,0.5126215219497681,0.34937962889671326,0.03958097845315933,0.5398701429367065,0.2432953417301178,0.005096034612506628,0.5509251356124878,0.26007282733917236,-0.012963921763002872,0.5635464787483215,0.37462395429611206,-0.00803895853459835,0.5440585017204285,0.3782680034637451,0.0047712549567222595,0.5006968379020691,0.3101847469806671,0.038375355303287506,0.5486699342727661,0.32498130202293396,-0.01006039883941412,0.5477929711341858,0.3276892304420471,-0.011023222468793392,0.5471608638763428,0.3311272859573364,-0.012410183437168598,0.5468490123748779,0.3353555202484131,-0.012055747210979462,0.5486090779304504,0.34300780296325684,-0.008412986993789673,0.5396199822425842,0.32752031087875366,-0.005574927665293217,0.5383291244506836,0.3271639943122864,-0.005614681635051966,0.5371858477592468,0.32656481862068176,-0.005540352780371904,0.5346291065216064,0.322224497795105,-0.004074418917298317,0.5120769143104553,0.30728793144226074,0.008866540156304836,0.550571620464325,0.2524932324886322,-0.007732895202934742,0.5457590818405151,0.23841065168380737,0.002093121176585555,0.542086124420166,0.23995164036750793,0.004190890584141016,0.5410261750221252,0.3276447057723999,-0.004946449771523476,0.5128768682479858,0.32745489478111267,0.01625709794461727,0.5510732531547546,0.23732224106788635,-0.005140895489603281,0.5457922220230103,0.35293343663215637,-0.0059239002875983715,0.5598086714744568,0.26076123118400574,-0.023231279104948044,0.554542601108551,0.2550789713859558,-0.01667771115899086,0.559452474117279,0.2527722418308258,-0.017942236736416817,0.5477197766304016,0.27338409423828125,-0.0132132014259696,0.5631364583969116,0.3658573031425476,-0.010826656594872475,0.5626437664031982,0.35497915744781494,-0.010137628763914108,0.5541682243347168,0.35547104477882385,-0.009197627194225788,0.5324773192405701,0.34135568141937256,0.0005770241841673851,0.537550151348114,0.2967357039451599,-0.0038886682596057653,0.5388166308403015,0.3483882546424866,-0.0026503463741391897,0.524047315120697,0.2975519299507141,-0.0016608268488198519,0.5323355793952942,0.3057909309864044,-0.003636687295511365,0.5197663307189941,0.3118957281112671,0.0020839618518948555,0.5526432991027832,0.3661896586418152,-0.009343118406832218,0.5446536540985107,0.2786889672279358,-0.009408618323504925,0.5280871987342834,0.3486328125,0.005768510978668928,0.5358622074127197,0.35607463121414185,0.0014260627795010805,0.5272871851921082,0.3323719799518585,0.0020672695245593786,0.5071429014205933,0.3187635540962219,0.021886395290493965,0.5204463005065918,0.3347862660884857,0.007897845469415188,0.5048391222953796,0.32628053426742554,0.034916315227746964,0.5281152129173279,0.3173925578594208,-0.001652073347941041,0.5477074384689331,0.26636722683906555,-0.009177443571388721,0.5487220883369446,0.288242906332016,-0.02197602018713951,0.5455153584480286,0.291072815656662,-0.016019660979509354,0.5508897304534912,0.28228840231895447,-0.02591574750840664,0.5409929752349854,0.23188406229019165,0.00039187993388623,0.531358003616333,0.2275421917438507,-0.0007113141473382711,0.5231316685676575,0.22744984924793243,-0.0004067111585754901,0.5164268612861633,0.23029379546642303,0.0019852614495903254,0.5117645263671875,0.23513111472129822,0.005695026833564043,0.5094364285469055,0.250344455242157,0.014468023553490639,0.4944455623626709,0.27410227060317993,0.039640698581933975,0.5147659182548523,0.2607158124446869,0.009680147282779217,0.5207586288452148,0.26226043701171875,0.006135372444987297,0.5281926393508911,0.26145195960998535,0.0037445060443133116,0.5351340174674988,0.25863537192344666,0.0027706162072718143,0.5405769348144531,0.25493964552879333,0.0026248914655297995,0.5443053245544434,0.2515212595462799,0.0023313225246965885,0.4932648539543152,0.2762359380722046,0.061250004917383194,0.5457302927970886,0.2933976948261261,-0.013306577689945698,0.5512325763702393,0.26705971360206604,-0.017518002539873123,0.55255526304245,0.28797680139541626,-0.02636106312274933,0.555559515953064,0.2920581102371216,-0.02428259328007698,0.5526239275932312,0.28959277272224426,-0.023680662736296654,0.547373354434967,0.29576605558395386,-0.011489003896713257,0.5565549731254578,0.29260069131851196,-0.025787660852074623,0.5571129322052002,0.2946542203426361,-0.01933804526925087,0.5436604619026184,0.2451508790254593,0.005152494180947542,0.5470356345176697,0.24649176001548767,0.0017503297422081232,0.5491793751716614,0.24728624522686005,-0.002289124298840761,0.5173894166946411,0.24528934061527252,0.00843766424804926,0.5129842758178711,0.24195091426372528,0.00874271709471941,0.564398467540741,0.26184505224227905,-0.021248742938041687,0.5974539518356323,0.24293452501296997,0.00983849260956049,0.5656615495681763,0.292831152677536,-0.01928325928747654,0.6201749444007874,0.20978963375091553,0.03888625279068947,0.5828184485435486,0.25096920132637024,0.0034707782324403524,0.5884049534797668,0.25143909454345703,0.00396142341196537,0.5936737060546875,0.2505861818790436,0.0056649488396942616,0.6002247333526611,0.24579595029354095,0.010709770955145359,0.5779316425323486,0.24879096448421478,0.004002792295068502,0.5892226099967957,0.22725871205329895,0.00164318538736552,0.5830799341201782,0.2281407117843628,0.0016361947637051344,0.5949881076812744,0.22856971621513367,0.0036755416076630354,0.5988391637802124,0.23163987696170807,0.006119134835898876,0.6056087017059326,0.25073298811912537,0.013578086160123348,0.5823156833648682,0.35950255393981934,-0.0035198761615902185,0.5992746353149414,0.2408294826745987,0.011820854619145393,0.622481107711792,0.2467879354953766,0.03963872045278549,0.6118990182876587,0.24539612233638763,0.01965145207941532,0.5874748229980469,0.2830279767513275,-0.0027907516341656446,0.5659440755844116,0.31378111243247986,-0.01599620096385479,0.5655888319015503,0.32173317670822144,-0.013567701913416386,0.5734969973564148,0.3173069953918457,-0.012856575660407543,0.5784675478935242,0.3213618993759155,-0.00917850248515606,0.5714533925056458,0.3226696848869324,-0.011509969830513,0.5761227011680603,0.3243386745452881,-0.008055422455072403,0.5850619673728943,0.33289387822151184,-0.002050486160442233,0.5653230547904968,0.28789976239204407,-0.02901485003530979,0.565712034702301,0.2797401547431946,-0.030524523928761482,0.606534481048584,0.22530819475650787,0.008505335077643394,0.5758190155029297,0.26307862997055054,-0.0030770553275942802,0.5772880911827087,0.2862030267715454,-0.01500949077308178,0.5773967504501343,0.28205978870391846,-0.013208887539803982,0.6045680046081543,0.28203505277633667,0.004785755183547735,0.5650408267974854,0.2699406147003174,-0.026869535446166992,0.5922695994377136,0.21687808632850647,-0.0016974819591268897,0.6004363894462585,0.2195947915315628,0.002955071395263076,0.6141482591629028,0.19384604692459106,0.027785105630755424,0.5683448314666748,0.22485026717185974,-0.007118977606296539,0.5778442621231079,0.2315647006034851,0.0032480466179549694,0.5892376899719238,0.3260659873485565,0.00010207833111053333,0.6165049076080322,0.32672226428985596,0.05122729018330574,0.5733080506324768,0.2910460829734802,-0.013020788319408894,0.5690488815307617,0.2937517762184143,-0.013926774263381958,0.5843135118484497,0.3281518220901489,-0.000695196446031332,0.582942008972168,0.3278031051158905,-0.002371774287894368,0.6033596992492676,0.21413254737854004,0.0061601027846336365,0.5774593353271484,0.2900959253311157,-0.012033779174089432,0.5816493630409241,0.21800664067268372,-0.005141769535839558,0.5822332501411438,0.2110072374343872,-0.006008883938193321,0.5897665619850159,0.17332184314727783,0.005596484523266554,0.609906017780304,0.2025451362133026,0.015317853540182114,0.5863686203956604,0.1902928650379181,-0.0006704541156068444,0.6098614931106567,0.22158938646316528,0.013767496682703495,0.6162717938423157,0.2152232527732849,0.025340616703033447,0.5659345984458923,0.31802332401275635,-0.01547494437545538,0.5724717378616333,0.3202185034751892,-0.012515281327068806,0.5773090124130249,0.3228948712348938,-0.009155760519206524,0.5719859600067139,0.29268285632133484,-0.01201565656810999,0.5836089849472046,0.3279948830604553,-0.0015979213640093803,0.5807134509086609,0.3284609615802765,-0.005559656303375959,0.5821596384048462,0.3275638818740845,-0.002572763478383422,0.5709150433540344,0.28797465562820435,-0.020704612135887146,0.575250506401062,0.3252098262310028,-0.006969890557229519,0.5706071257591248,0.32423490285873413,-0.009058436378836632,0.5652087330818176,0.32407450675964355,-0.010870478115975857,0.5686839818954468,0.3442605137825012,-0.009106733836233616,0.5670275688171387,0.33619213104248047,-0.013758815824985504,0.5664610862731934,0.33141952753067017,-0.013999924063682556,0.5657994747161865,0.32716652750968933,-0.012351075187325478,0.5650404095649719,0.32402947545051575,-0.011634144000709057,0.5750829577445984,0.3251638114452362,-0.007530502043664455,0.5761919617652893,0.32684823870658875,-0.008493873290717602,0.5774055123329163,0.3291032910346985,-0.009633101522922516,0.5784573554992676,0.3317386507987976,-0.00890187919139862,0.5831518173217773,0.31205087900161743,-0.006986500229686499,0.6225086450576782,0.2860972285270691,0.06192104518413544,0.5786149501800537,0.3263689875602722,-0.004824546165764332,0.5795559287071228,0.32733258605003357,-0.005476863123476505,0.567516565322876,0.2970505654811859,-0.0143607622012496,0.5755292773246765,0.29526278376579285,-0.00820991676300764,0.5682443380355835,0.2954583168029785,-0.014256717637181282,0.5819111466407776,0.2679177522659302,-0.0012186625972390175,0.5913050770759583,0.2730056345462799,0.0004628498572856188,0.5783459544181824,0.2859596610069275,-0.010113115422427654,0.6044164896011353,0.18128399550914764,0.015883341431617737,0.6003190279006958,0.19384226202964783,0.0068323430605232716,0.593878448009491,0.2100563645362854,-0.00027871679048985243,0.580765426158905,0.3371433913707733,-0.005262977909296751,0.569404125213623,0.2134043425321579,-0.009035221301019192,0.5725589990615845,0.1902364194393158,-0.00507529079914093,0.5743463635444641,0.1701412945985794,-0.000463308795588091,0.5979042053222656,0.24889057874679565,0.008301518857479095,0.6122952699661255,0.25647684931755066,0.016750769689679146,0.5746767520904541,0.24660852551460266,0.004778378643095493,0.604908287525177,0.23529794812202454,0.01137220673263073,0.5717527866363525,0.25752022862434387,-0.005060355179011822,0.5740546584129333,0.2829139530658722,-0.02043265290558338,0.6178761720657349,0.26203635334968567,0.023022407665848732,0.6086164116859436,0.26190096139907837,0.011308722198009491,0.6015585660934448,0.26494690775871277,0.005785992834717035,0.5908609628677368,0.2644321918487549,0.0030424511060118675,0.5827382802963257,0.26144644618034363,0.0017246821662411094,0.5764978528022766,0.2576548159122467,0.0002088799956254661,0.5643237829208374,0.2462031990289688,-0.01083848811686039,0.6171423196792603,0.2796362638473511,0.020842814818024635,0.6095670461654663,0.23442214727401733,0.01427614688873291,0.5635812878608704,0.2925291359424591,-0.026485061272978783,0.5754357576370239,0.27062681317329407,-0.005655352957546711,0.6242015361785889,0.24731802940368652,0.059356141835451126,0.5717653632164001,0.25316259264945984,-0.0005818252684548497,0.57869553565979,0.2868802547454834,-0.004495483357459307,0.601936936378479,0.24105320870876312,0.012969417497515678,0.5739492774009705,0.2779192626476288,-0.018150897696614265,0.6203333139419556,0.3063613772392273,0.058238331228494644,0.5744149088859558,0.243760347366333,0.006267983000725508,0.5695514678955078,0.2730017304420471,-0.023537935689091682,0.6054640412330627,0.3430248498916626,0.019341515377163887,0.6050308346748352,0.3533668518066406,0.029309462755918503,0.6218721866607666,0.28284814953804016,0.041287459433078766,0.6119924783706665,0.3326442539691925,0.027456434443593025,0.6196293234825134,0.2297617793083191,0.034221772104501724,0.5839647054672241,0.3680134415626526,-0.00045550568029284477,0.5629614591598511,0.2946745753288269,-0.019283192232251167,0.58049476146698,0.2767881751060486,-0.0037165821995586157,0.617254376411438,0.24725908041000366,0.02552933245897293,0.5925059914588928,0.24590574204921722,0.006184636615216732,0.5879504084587097,0.24681757390499115,0.004635218996554613,0.5818422436714172,0.3298087418079376,-0.004634467419236898,0.6161110997200012,0.29668253660202026,0.021770421415567398,0.5746093988418579,0.37934401631355286,0.00044466223334893584,0.5901998281478882,0.36986255645751953,0.01262122206389904,0.5970771908760071,0.36325955390930176,0.01988373138010502,0.5833322405815125,0.24643470346927643,0.0043233949691057205,0.5788606405258179,0.24522200226783752,0.0050446391105651855,0.5759410262107849,0.2445184588432312,0.006183619145303965,0.6137232780456543,0.23269987106323242,0.020288467407226562,0.5790981650352478,0.23814113438129425,0.004287170711904764,0.5836865901947021,0.23610295355319977,0.0033344889525324106,0.5882415175437927,0.23571938276290894,0.0036901056300848722,0.5928536653518677,0.2367178201675415,0.005206713452935219,0.5958876609802246,0.2383553683757782,0.007178665138781071,0.6231649518013,0.22657592594623566,0.05061289668083191,0.5954409837722778,0.24441660940647125,0.00814412534236908,0.5779434442520142,0.3071439862251282,-0.009458613581955433,0.5733726620674133,0.2895291745662689,-0.015061991289258003,0.5680838227272034,0.3043631613254547,-0.014442190527915955,0.5982969403266907,0.35324594378471375,0.012714125216007233,0.5913260579109192,0.3608264625072479,0.006336881313472986,0.5747399926185608,0.3730320930480957,-0.00639577629044652,0.6112163662910461,0.342202752828598,0.04077792912721634,0.5758562684059143,0.24138808250427246,0.005459227133542299,0.5682311654090881,0.2587871849536896,-0.012788205407559872,0.5829482674598694,0.3753690719604492,0.005329836625605822,0.6199344396591187,0.3014279305934906,0.03952647000551224,0.5704339742660522,0.3241780400276184,-0.009749181568622589,0.5715665221214294,0.3267625570297241,-0.010726967826485634,0.5725593566894531,0.33010998368263245,-0.01212230883538723,0.573403000831604,0.3343237340450287,-0.01177929062396288,0.5753254294395447,0.3410801887512207,-0.008037138730287552,0.5799371004104614,0.32614463567733765,-0.005023752339184284,0.5810620784759521,0.3256565034389496,-0.005029496271163225,0.5821269154548645,0.3249472677707672,-0.004919222556054592,0.587286114692688,0.3185194730758667,-0.0034283376298844814,0.6091153025627136,0.30029451847076416,0.009906204417347908,0.5678908824920654,0.25123220682144165,-0.007525648456066847,0.569935142993927,0.23719097673892975,0.002310696756467223,0.5733882188796997,0.23823612928390503,0.004460269585251808,0.5787172913551331,0.32642772793769836,-0.004448301158845425,0.6096734404563904,0.3203663229942322,0.01728796400129795,0.565031886100769,0.2369939088821411,-0.005014287307858467,0.5790272951126099,0.35051485896110535,-0.005534356459975243,0.5644102692604065,0.2543143332004547,-0.016587788239121437,0.5722271800041199,0.2716100215911865,-0.012980827130377293,0.5710451602935791,0.35423988103866577,-0.00899207778275013,0.5909439921379089,0.3371574282646179,0.0012565284268930554,0.5834178924560547,0.2935444116592407,-0.0034608221612870693,0.585352897644043,0.34500211477279663,-0.002143091754987836,0.5968010425567627,0.292371541261673,-0.000894721772056073,0.5890334248542786,0.3018040060997009,-0.003053872147575021,0.6018671989440918,0.3060044050216675,0.002956672105938196,0.5734920501708984,0.36465170979499817,-0.00907824095338583,0.5755088329315186,0.27644994854927063,-0.009135007858276367,0.5961481928825378,0.3436056077480316,0.006563639268279076,0.5891356468200684,0.35214847326278687,0.002036532387137413,0.5954208374023438,0.3275225758552551,0.002944378415122628,0.6146888732910156,0.3109038174152374,0.02300216071307659,0.6026650667190552,0.32878759503364563,0.008869640529155731,0.617224931716919,0.3180333077907562,0.03604598715901375,0.5937296748161316,0.3127659559249878,-0.0008700070902705193,0.5716596245765686,0.2646152377128601,-0.008923823945224285,0.5725551843643188,0.2864525318145752,-0.02172236330807209,0.5757097601890564,0.28885868191719055,-0.01577148772776127,0.5701420903205872,0.28082185983657837,-0.025667041540145874,0.5736313462257385,0.2299453318119049,0.000706614344380796,0.5823705792427063,0.22445759177207947,-0.00017802267393562943,0.5903282165527344,0.22324040532112122,0.0002671242109499872,0.5971295833587646,0.22489342093467712,0.002777394372969866,0.6020607948303223,0.22877924144268036,0.006515477318316698,0.6062732934951782,0.24322429299354553,0.015358597040176392,0.6229735016822815,0.2646484076976776,0.04084284231066704,0.6026653051376343,0.2542767822742462,0.010478179901838303,0.5972077250480652,0.25677967071533203,0.006839951500296593,0.5898248553276062,0.25736725330352783,0.004321098793298006,0.5826314091682434,0.25581756234169006,0.0031957721803337336,0.5769173502922058,0.25307005643844604,0.0029220019932836294,0.5729389190673828,0.25021684169769287,0.0025519535411149263,0.6235628128051758,0.2667776048183441,0.06270580738782883,0.5755130052566528,0.2912532389163971,-0.013052903115749359,0.5685101747512817,0.26576709747314453,-0.01735326461493969,0.5689043998718262,0.28670546412467957,-0.02619321644306183,0.5660622119903564,0.2912560999393463,-0.024175100028514862,0.5688435435295105,0.28840428590774536,-0.023518498986959457,0.5739941000938416,0.29389554262161255,-0.011271434836089611,0.565178632736206,0.2919374108314514,-0.02570083551108837,0.564541757106781,0.29407674074172974,-0.01927368901669979,0.5724770426750183,0.24388855695724487,0.00537828216329217,0.5697106719017029,0.24556852877140045,0.0019176885252818465,0.5680593252182007,0.24672512710094452,-0.002118645701557398,0.5977381467819214,0.23966684937477112,0.009206359274685383,0.6015782952308655,0.23563218116760254,0.009559320285916328,0.5273396372795105,0.24432650208473206,0.005726159084588289,0.5332105159759521,0.2435433268547058,0.005726159084588289,0.526676595211029,0.23721250891685486,0.005726159084588289,0.5213384628295898,0.24504929780960083,0.005726159084588289,0.5279335379600525,0.2513672411441803,0.005726159084588289,0.587867796421051,0.24024216830730438,0.006300355773419142,0.5938128232955933,0.24007730185985565,0.006300355773419142,0.5877753496170044,0.2329464554786682,0.006300355773419142,0.5819689631462097,0.24035796523094177,0.006300355773419142,0.5879853963851929,0.24756762385368347,0.006300355773419142
1833.333333333332,0.5583187341690063,0.3163760006427765,-0.01681402698159218,0.5599974393844604,0.2890201210975647,-0.029796984046697617,0.559962272644043,0.2979721426963806,-0.015972770750522614,0.5543814897537231,0.2629977762699127,-0.021586906164884567,0.5597452521324158,0.2804972529411316,-0.03153078630566597,0.5593341588973999,0.26986539363861084,-0.02898995578289032,0.5583072900772095,0.24465881288051605,-0.013363337144255638,0.5174252390861511,0.24861487746238708,0.009410913102328777,0.5575575232505798,0.2261384129524231,-0.00939169991761446,0.5571627616882324,0.21473382413387299,-0.010315269231796265,0.5557881593704224,0.17077486217021942,-0.002574997255578637,0.5584545135498047,0.31934216618537903,-0.016181331127882004,0.5586185455322266,0.3225073218345642,-0.014313137158751488,0.5588355660438538,0.3247200846672058,-0.011438630521297455,0.5587352514266968,0.32473939657211304,-0.012328235432505608,0.5588968992233276,0.32801157236099243,-0.012996756471693516,0.5591070055961609,0.3321616053581238,-0.014483653008937836,0.5593721270561218,0.3367566764354706,-0.014171931892633438,0.5613862872123718,0.34490397572517395,-0.009336898103356361,0.5600981116294861,0.2936188876628876,-0.027028033509850502,0.555088460445404,0.29412075877189636,-0.0194217748939991,0.4929702877998352,0.21889032423496246,0.037954237312078476,0.5336893796920776,0.25406330823898315,0.0031856230925768614,0.52796870470047,0.2555329501628876,0.0036156466230750084,0.5224752426147461,0.25557392835617065,0.005265051499009132,0.5152016878128052,0.2520122230052948,0.010259268805384636,0.5385704636573792,0.25115472078323364,0.0037827494088560343,0.5241817235946655,0.23158860206604004,0.0011634674156084657,0.5308154225349426,0.23166979849338531,0.0012448476627469063,0.5182426571846008,0.2338375300168991,0.0031428984366357327,0.514517605304718,0.2375745326280594,0.005609501153230667,0.5106605291366577,0.2576209008693695,0.013116970658302307,0.5424643158912659,0.3624398708343506,-0.0035886100959032774,0.5153766870498657,0.2467898279428482,0.011362722143530846,0.49330729246139526,0.2559504806995392,0.0391516350209713,0.5038691163063049,0.25314784049987793,0.019151201471686363,0.5320398211479187,0.2870088517665863,-0.003106682561337948,0.5513226985931396,0.3149108290672302,-0.016046108677983284,0.5525739192962646,0.32258352637290955,-0.013540981337428093,0.5446444749832153,0.31883320212364197,-0.012923391535878181,0.5403375625610352,0.3230772316455841,-0.00926415529102087,0.547326922416687,0.32381173968315125,-0.011500382795929909,0.5431011319160461,0.32567259669303894,-0.008077972568571568,0.5367936491966248,0.33624809980392456,-0.0021427711471915245,0.5554642081260681,0.2892531156539917,-0.02927081473171711,0.5544931888580322,0.28118911385536194,-0.03083076886832714,0.505974531173706,0.23260071873664856,0.007812250405550003,0.5425066947937012,0.26558300852775574,-0.0033768999855965376,0.5428360104560852,0.2890914976596832,-0.015253077261149883,0.5423409938812256,0.2849142849445343,-0.01344252284616232,0.5147240161895752,0.28839823603630066,0.004367081448435783,0.5544153451919556,0.2712768316268921,-0.02720778062939644,0.5192234516143799,0.22138884663581848,-0.002396539319306612,0.5112341642379761,0.22566387057304382,0.002212369116023183,0.498283714056015,0.20224176347255707,0.02677919529378414,0.5453584790229797,0.22583052515983582,-0.007555220741778612,0.5367665886878967,0.23437145352363586,0.002971242880448699,0.5320497155189514,0.3300040662288666,-0.00011284695938229561,0.5053448677062988,0.3340580463409424,0.05109419301152229,0.5471484065055847,0.29337453842163086,-0.013256790116429329,0.5516031980514526,0.2953854501247406,-0.01407903153449297,0.5353919267654419,0.3300091624259949,-0.0008412449969910085,0.53678297996521,0.32949912548065186,-0.0024546135682612658,0.5078103542327881,0.22101441025733948,0.005353208631277084,0.5427648425102234,0.2928575575351715,-0.0122492965310812,0.5304981470108032,0.22087053954601288,-0.005717752035707235,0.5290287137031555,0.21417909860610962,-0.00663576927036047,0.5221678614616394,0.17837032675743103,0.004747787956148386,0.5034500360488892,0.21049131453037262,0.014449329115450382,0.5266630053520203,0.19491535425186157,-0.0013837238075211644,0.5024963617324829,0.22964850068092346,0.013010752387344837,0.4976794719696045,0.2238319367170334,0.024631425738334656,0.5517988801002502,0.31908759474754333,-0.015468334779143333,0.5459964871406555,0.321572870016098,-0.012534670531749725,0.5416790843009949,0.3244500160217285,-0.00920212734490633,0.548488199710846,0.2947652339935303,-0.012170279398560524,0.5361186265945435,0.3297712504863739,-0.0016950855497270823,0.5390034914016724,0.3300519585609436,-0.0056183552369475365,0.5375598669052124,0.32920128107070923,-0.0026485587004572153,0.5495631098747253,0.2900797724723816,-0.020966703072190285,0.5442006587982178,0.3264304995536804,-0.006997817661613226,0.5483999252319336,0.3252169191837311,-0.009056415408849716,0.553351640701294,0.32473742961883545,-0.010837209410965443,0.5547786951065063,0.34526169300079346,-0.00919635035097599,0.5526498556137085,0.3366946280002594,-0.013905937783420086,0.5526219606399536,0.33205723762512207,-0.01415515597909689,0.552824079990387,0.32790607213974,-0.012475032359361649,0.5533127188682556,0.3247823119163513,-0.01171488594263792,0.5441867709159851,0.3264314532279968,-0.007622811943292618,0.5432602763175964,0.3282008469104767,-0.008611523546278477,0.5422269701957703,0.3305027186870575,-0.00974025297909975,0.5414512753486633,0.333167165517807,-0.008975015953183174,0.5376279354095459,0.3153716027736664,-0.007079608738422394,0.49595361948013306,0.29455915093421936,0.061579808592796326,0.5600560903549194,0.29572194814682007,-0.0197905246168375,0.5410089492797852,0.327749639749527,-0.004883332643657923,0.5400680899620056,0.3288252651691437,-0.005529126152396202,0.5533314943313599,0.2983969748020172,-0.014481485821306705,0.5449350476264954,0.2976105213165283,-0.008328468538820744,0.552533745765686,0.29691851139068604,-0.014404737390577793,0.5366021990776062,0.2711903750896454,-0.0015394758665934205,0.5275068283081055,0.2775231897830963,8.759915363043547e-05,0.541555643081665,0.2888127565383911,-0.01032999251037836,0.5076553225517273,0.18839746713638306,0.014892328530550003,0.5127065777778625,0.2004557102918625,0.0060349684208631516,0.5168906450271606,0.21521784365177155,-0.0009945571655407548,0.5417149066925049,0.3399352431297302,-0.005317689850926399,0.5427981019020081,0.21480081975460052,-0.00955552514642477,0.5406734943389893,0.19277507066726685,-0.005690814461559057,0.5376315116882324,0.17298555374145508,-0.0011882554972544312,0.5179113745689392,0.25460177659988403,0.007852576673030853,0.5047951340675354,0.2638862729072571,0.016298707574605942,0.5417665839195251,0.24844962358474731,0.0045701684430241585,0.5090311169624329,0.2422846257686615,0.010858770459890366,0.5463190078735352,0.25952988862991333,-0.005356986541301012,0.5459975600242615,0.28544527292251587,-0.020726555958390236,0.4995987117290497,0.27044418454170227,0.02256700024008751,0.5090172290802002,0.26889872550964355,0.010873612947762012,0.5165343880653381,0.2709420621395111,0.005398962646722794,0.5274084806442261,0.2687009274959564,0.0027140355668962,0.5354058742523193,0.26453086733818054,0.0014424354303628206,0.5414221882820129,0.2597678005695343,-7.848173845559359e-05,0.5531128644943237,0.2472642958164215,-0.011178540997207165,0.5017805695533752,0.2877371907234192,0.02045849710702896,0.5045104026794434,0.2420179843902588,0.013669216074049473,0.5573756694793701,0.29358527064323425,-0.026699069887399673,0.54343581199646,0.27312007546424866,-0.005912838503718376,0.49119120836257935,0.25658372044563293,0.05865727365016937,0.5457773804664612,0.25454404950141907,-0.0008213073015213013,0.5411743521690369,0.28968116641044617,-0.0046118018217384815,0.5128316283226013,0.24760039150714874,0.012486684136092663,0.5456617474555969,0.2804068326950073,-0.018459714949131012,0.49984070658683777,0.3143761157989502,0.057973574846982956,0.5417910218238831,0.24550841748714447,0.006054330617189407,0.5498940944671631,0.27495160698890686,-0.02387874573469162,0.5181422233581543,0.34905683994293213,0.019297853112220764,0.5193046927452087,0.35899099707603455,0.029304610565304756,0.49687397480010986,0.2915502190589905,0.04104775935411453,0.5107096433639526,0.33962011337280273,0.027391891926527023,0.49507975578308105,0.23868408799171448,0.033612653613090515,0.5417047142982483,0.3710171580314636,-0.00045432665501721203,0.5579382181167603,0.29557040333747864,-0.019399194046854973,0.5386331081390381,0.2798548936843872,-0.003971775062382221,0.4992576241493225,0.2552865743637085,0.025029029697179794,0.5227808356285095,0.2506813704967499,0.005791749805212021,0.5275932550430298,0.2508140504360199,0.004301317036151886,0.5380321145057678,0.3315221667289734,-0.0047139497473835945,0.5040566921234131,0.3044922649860382,0.021482914686203003,0.55197674036026,0.38077259063720703,0.0005791583098471165,0.5356371998786926,0.37352392077445984,0.012689248658716679,0.5281991958618164,0.36783334612846375,0.019918808713555336,0.5564144849777222,0.19189570844173431,-0.0069908699952065945,0.5629900097846985,0.38104531168937683,-0.001118256477639079,0.5324652194976807,0.24965104460716248,0.004013321362435818,0.5370548963546753,0.24773630499839783,0.004772034008055925,0.5401652455329895,0.24653536081314087,0.005945417098701,0.5005086660385132,0.24105413258075714,0.019677143543958664,0.5361576080322266,0.24080999195575714,0.003951504360884428,0.5311288237571716,0.2393980473279953,0.0029341070912778378,0.5262564420700073,0.23952166736125946,0.003222950268536806,0.5214149951934814,0.24126660823822021,0.004726377781480551,0.5184061527252197,0.24352459609508514,0.006707207299768925,0.4908604621887207,0.23595276474952698,0.04975084960460663,0.5195971727371216,0.24972738325595856,0.007716101128607988,0.5600911378860474,0.30470922589302063,-0.01490782666951418,0.5429434180259705,0.3098006546497345,-0.009611908346414566,0.5470406413078308,0.29189980030059814,-0.01526904571801424,0.5529617667198181,0.30580565333366394,-0.014552334323525429,0.5579361319541931,0.2355312705039978,-0.009162464179098606,0.526097297668457,0.35825279355049133,0.012684496119618416,0.5337207913398743,0.3648388683795929,0.006342190783470869,0.5513383150100708,0.3747703433036804,-0.006334345787763596,0.5120717287063599,0.34875601530075073,0.04071512073278427,0.5399501919746399,0.24342261254787445,0.005196518264710903,0.5501123666763306,0.260408490896225,-0.013094702735543251,0.5627544522285461,0.3747311234474182,-0.007804435677826405,0.543316125869751,0.3780185580253601,0.005404097493737936,0.5002459287643433,0.30969932675361633,0.039356034249067307,0.5483837127685547,0.3252561688423157,-0.00987106841057539,0.5474908351898193,0.32788270711898804,-0.01087074913084507,0.5468407869338989,0.3312278091907501,-0.012239941395819187,0.5465012192726135,0.3353385329246521,-0.011861004866659641,0.5476850271224976,0.34310591220855713,-0.008145643398165703,0.5396559238433838,0.327697217464447,-0.005118225701153278,0.5383379459381104,0.32737472653388977,-0.00514790415763855,0.53719162940979,0.3268144726753235,-0.005074516404420137,0.533627450466156,0.32232287526130676,-0.0036076747346669436,0.5112981200218201,0.3071898818016052,0.009499428793787956,0.5498073697090149,0.25272294878959656,-0.007842154242098331,0.5456757545471191,0.2385459989309311,0.0020686155185103416,0.542165219783783,0.2401045262813568,0.004232107661664486,0.5410675406455994,0.3278037905693054,-0.004499672446399927,0.5120858550071716,0.32723143696784973,0.017041046172380447,0.5505914688110352,0.23751983046531677,-0.005304386839270592,0.5448625683784485,0.35303065180778503,-0.005579180084168911,0.5589868426322937,0.26125362515449524,-0.023540565744042397,0.5537220239639282,0.25546330213546753,-0.016915883868932724,0.5586551427841187,0.25317704677581787,-0.01825074292719364,0.5468783974647522,0.27374324202537537,-0.013251136057078838,0.5623406767845154,0.36607033014297485,-0.010698651894927025,0.5618472695350647,0.35516592860221863,-0.010081298649311066,0.5532641410827637,0.3556285500526428,-0.009032530710101128,0.5315744280815125,0.3413357138633728,0.0011357859475538135,0.5366736054420471,0.2969460189342499,-0.0036572287790477276,0.537907600402832,0.34843212366104126,-0.0021772433537989855,0.5231791138648987,0.2976391017436981,-0.0013038802426308393,0.5314168334007263,0.305925190448761,-0.0032871458679437637,0.5188908576965332,0.3118787407875061,0.0025859088636934757,0.5517388582229614,0.3663509488105774,-0.009088242426514626,0.5438277721405029,0.2789933681488037,-0.009353790432214737,0.527258038520813,0.34851282835006714,0.0064247604459524155,0.5349878668785095,0.3560384213924408,0.0019798825960606337,0.5263576507568359,0.3323230445384979,0.0026463374961167574,0.5064539909362793,0.31846675276756287,0.022738654166460037,0.5195969939231873,0.33463776111602783,0.008572366088628769,0.5042560696601868,0.3258175253868103,0.03594495356082916,0.5271700024604797,0.3174326717853546,-0.0011928300373256207,0.5469145178794861,0.26664647459983826,-0.009202687069773674,0.5478256940841675,0.2888065576553345,-0.022028902545571327,0.5446215867996216,0.2915436327457428,-0.01598392426967621,0.5499722361564636,0.282894492149353,-0.026047099381685257,0.5407474040985107,0.23198729753494263,0.00037857572897337377,0.5307657718658447,0.22775882482528687,-0.0006758035742677748,0.5222638845443726,0.2277606874704361,-0.0002946880122181028,0.5154638886451721,0.23059922456741333,0.002171057043597102,0.5108899474143982,0.23535817861557007,0.005944737233221531,0.5089324116706848,0.2502294182777405,0.014855865389108658,0.49423620104789734,0.27369359135627747,0.04044455662369728,0.5139633417129517,0.2606281638145447,0.010062518529593945,0.5198909640312195,0.26225578784942627,0.006443212274461985,0.5274758338928223,0.2616156041622162,0.003975675906985998,0.5346745848655701,0.25893107056617737,0.002933334093540907,0.5403342247009277,0.25528019666671753,0.002706651110202074,0.5441604852676392,0.25184813141822815,0.002373995492234826,0.49333101511001587,0.2756044864654541,0.062156032770872116,0.5448417663574219,0.2938351333141327,-0.013243286870419979,0.5503784418106079,0.26748254895210266,-0.017649753019213676,0.5516501665115356,0.28861257433891296,-0.02649221569299698,0.5546875596046448,0.2926444113254547,-0.024397730827331543,0.5517405271530151,0.29018425941467285,-0.023776037618517876,0.5464959740638733,0.2961830496788025,-0.011423615738749504,0.5556812286376953,0.29321685433387756,-0.02592267282307148,0.5562719106674194,0.2952272891998291,-0.01939963549375534,0.5437831282615662,0.24542489647865295,0.005202637054026127,0.5469446778297424,0.24676865339279175,0.0017376893665641546,0.548771858215332,0.2476138323545456,-0.0023618328850716352,0.5167157053947449,0.24523840844631195,0.008730179630219936,0.5122755765914917,0.24206951260566711,0.00905230175703764,0.5636184811592102,0.2623191475868225,-0.021587766706943512,0.5971757173538208,0.24299022555351257,0.009352643974125385,0.5649349093437195,0.29341042041778564,-0.019423823803663254,0.6199789643287659,0.2094988375902176,0.038020212203264236,0.582260012626648,0.25099503993988037,0.003128940239548683,0.5879045128822327,0.2515486180782318,0.0035662339068949223,0.5932419300079346,0.250713050365448,0.005221805535256863,0.5999372601509094,0.2457481026649475,0.010210618376731873,0.5773279070854187,0.24872758984565735,0.003706973046064377,0.5888293981552124,0.22701704502105713,0.0011698275338858366,0.582626223564148,0.22787468135356903,0.001226634718477726,0.5946266055107117,0.22838640213012695,0.003154815873131156,0.5985156893730164,0.23151624202728271,0.005579243879765272,0.6052930355072021,0.25065720081329346,0.013077368028461933,0.5818106532096863,0.35969433188438416,-0.003433587495237589,0.5990586280822754,0.24076178669929504,0.011313344351947308,0.6222990155220032,0.24648582935333252,0.03910009562969208,0.6116561889648438,0.24520368874073029,0.019092218950390816,0.5870259404182434,0.28321221470832825,-0.003060766961425543,0.5653821229934692,0.31421107053756714,-0.016007237136363983,0.5649943947792053,0.3220083713531494,-0.01349248643964529,0.5729206204414368,0.317525178194046,-0.01287935208529234,0.5778940320014954,0.3213772177696228,-0.009162545204162598,0.5708121061325073,0.3227766156196594,-0.01144823431968689,0.5754848718643188,0.3242671489715576,-0.007952637039124966,0.5846816301345825,0.3329840302467346,-0.0019360908772796392,0.5645055174827576,0.28859010338783264,-0.02927098050713539,0.5648825764656067,0.2804035246372223,-0.030837975442409515,0.6061558723449707,0.22527363896369934,0.007797280792146921,0.5752742886543274,0.2632294297218323,-0.003366248682141304,0.5767144560813904,0.2866637706756592,-0.015270874835550785,0.5768476724624634,0.2824629545211792,-0.013476060703396797,0.6042662858963013,0.2820895314216614,0.00441070506349206,0.5642440915107727,0.2705128490924835,-0.0272133257240057,0.5917417407035828,0.21677599847316742,-0.0023307071533054113,0.5999862551689148,0.21954768896102905,0.0022552742157131433,0.6138830780982971,0.1936957836151123,0.026866627857089043,0.5676097869873047,0.22468024492263794,-0.007545184809714556,0.5773292183876038,0.23133760690689087,0.0029079385567456484,0.5889116525650024,0.32609185576438904,0.00014467406435869634,0.6166107058525085,0.32618609070777893,0.051205530762672424,0.572716236114502,0.2915363013744354,-0.01320774108171463,0.5684084296226501,0.29424309730529785,-0.014048337005078793,0.5838301181793213,0.32782188057899475,-0.0005705470102839172,0.5824329257011414,0.32747387886047363,-0.0022206995636224747,0.6029348969459534,0.21408726274967194,0.005407283082604408,0.5769328474998474,0.29051247239112854,-0.012251580134034157,0.5810390710830688,0.21783985197544098,-0.005689819809049368,0.5816096067428589,0.21087829768657684,-0.006621005013585091,0.5893475413322449,0.1734222024679184,0.0047598350793123245,0.6095676422119141,0.2025395631790161,0.014529435895383358,0.5858592391014099,0.19048568606376648,-0.0013717289548367262,0.6095329523086548,0.22149309515953064,0.013020547106862068,0.6160241365432739,0.2150779664516449,0.024603132158517838,0.565360426902771,0.3184056878089905,-0.015445353463292122,0.5718631744384766,0.3204009234905243,-0.012490802444517612,0.5767139792442322,0.3228791058063507,-0.009092112071812153,0.5713924765586853,0.29316163063049316,-0.012167876586318016,0.5831106901168823,0.3276674747467041,-0.00145440932828933,0.5801255106925964,0.328201025724411,-0.005439163651317358,0.5816335678100586,0.32724928855895996,-0.002422441728413105,0.5702295899391174,0.2885661721229553,-0.02096613496541977,0.574560284614563,0.3250979483127594,-0.006868267431855202,0.5699366331100464,0.32428255677223206,-0.008988708257675171,0.564593493938446,0.3242490589618683,-0.010804004967212677,0.5679778456687927,0.34439581632614136,-0.009122389368712902,0.5663367509841919,0.33608752489089966,-0.013833475299179554,0.5657931566238403,0.3314521312713623,-0.014078045263886452,0.5651609301567078,0.32732945680618286,-0.012420843355357647,0.564443826675415,0.32426515221595764,-0.011661247350275517,0.5744093656539917,0.3250921368598938,-0.007485163863748312,0.5755115151405334,0.3267431855201721,-0.008472000248730183,0.5767284631729126,0.32894521951675415,-0.009597962722182274,0.5777904987335205,0.3315292000770569,-0.00884009525179863,0.5826603770256042,0.31224775314331055,-0.0070195747539401054,0.6225853562355042,0.2855254113674164,0.06162111088633537,0.5779634714126587,0.3261297941207886,-0.004710222594439983,0.5789330005645752,0.32708415389060974,-0.005367642268538475,0.5668402910232544,0.2975446283817291,-0.01446595974266529,0.575017511844635,0.2956494987010956,-0.008344033733010292,0.5675872564315796,0.2959519028663635,-0.014371618628501892,0.5814269781112671,0.2680341899394989,-0.0015178152825683355,0.5908750891685486,0.2731119394302368,0.00011828247806988657,0.5778316259384155,0.28632619976997375,-0.010341732762753963,0.6040783524513245,0.18127280473709106,0.014979668892920017,0.5998976230621338,0.19395217299461365,0.006068903487175703,0.5933571457862854,0.20998474955558777,-0.0009661554358899593,0.5802680253982544,0.33729439973831177,-0.00516086770221591,0.5686571598052979,0.21321463584899902,-0.009553578682243824,0.5719715356826782,0.1904487907886505,-0.005677030421793461,0.5738449096679688,0.1703052818775177,-0.001180731924250722,0.5975600481033325,0.2489555925130844,0.007822041399776936,0.6120084524154663,0.2563282549381256,0.01624308153986931,0.5740522742271423,0.24650900065898895,0.004507557023316622,0.6045956611633301,0.2351989448070526,0.010779345408082008,0.5711576342582703,0.2577035427093506,-0.005357944872230291,0.5733973383903503,0.28345751762390137,-0.02072944864630699,0.6176884770393372,0.2618789076805115,0.022520363330841064,0.608246922492981,0.26187095046043396,0.010832714848220348,0.601096510887146,0.26500341296195984,0.0053629642352461815,0.590333878993988,0.26452329754829407,0.002681915182620287,0.5821790099143982,0.2615150213241577,0.001413733116351068,0.5759158134460449,0.25772958993911743,-7.711066427873448e-05,0.5636007785797119,0.24647623300552368,-0.01117231510579586,0.6169944405555725,0.2794911861419678,0.0204217117279768,0.6092839241027832,0.23430076241493225,0.01363296713680029,0.5627690553665161,0.2931806445121765,-0.026692574843764305,0.5748911499977112,0.27086514234542847,-0.00591299869120121,0.6240934729576111,0.24680545926094055,0.05876198783516884,0.5711416006088257,0.2532685399055481,-0.0008565072785131633,0.5782298445701599,0.287185937166214,-0.004664469975978136,0.6016724109649658,0.24094253778457642,0.012448177672922611,0.5733312368392944,0.2783862352371216,-0.018454426899552345,0.6204490661621094,0.30580681562423706,0.05806737393140793,0.5738365054130554,0.24365396797657013,0.006000285968184471,0.5688289403915405,0.27352383732795715,-0.02387823723256588,0.6051925420761108,0.34286531805992126,0.019407672807574272,0.6047588586807251,0.35302630066871643,0.029445825144648552,0.6218222975730896,0.2824983596801758,0.040972065180540085,0.6118689179420471,0.33236148953437805,0.027458952739834785,0.619421124458313,0.22952528297901154,0.033573318272829056,0.5834124088287354,0.36812299489974976,-0.00032157867099158466,0.5621793270111084,0.295272558927536,-0.01939132623374462,0.5800143480300903,0.2769912779331207,-0.003965333104133606,0.6171066761016846,0.24692268669605255,0.024956654757261276,0.5920802354812622,0.2461014688014984,0.005751460324972868,0.5874391794204712,0.2469855695962906,0.004239240195602179,0.5812749862670898,0.3295399844646454,-0.004503084346652031,0.6159957051277161,0.29650017619132996,0.021490540355443954,0.5739113092422485,0.3792853355407715,0.0007191046024672687,0.5896870493888855,0.3697644770145416,0.012838183902204037,0.5966453552246094,0.3630657196044922,0.02007797546684742,0.5827702879905701,0.2464950531721115,0.003968166187405586,0.5782542824745178,0.24516774713993073,0.004733072593808174,0.5753333568572998,0.24440348148345947,0.00590013712644577,0.6135239601135254,0.23247431218624115,0.019625693559646606,0.5786252021789551,0.23793461918830872,0.003948105964809656,0.5833041071891785,0.23584768176078796,0.0029387532267719507,0.5879161357879639,0.23549184203147888,0.003246947191655636,0.5925810933113098,0.2365395724773407,0.0047245267778635025,0.5956475734710693,0.23823057115077972,0.006684818305075169,0.6230036616325378,0.2261752188205719,0.04986262321472168,0.5950968861579895,0.2445642352104187,0.007679647766053677,0.5773837566375732,0.307445764541626,-0.009536415338516235,0.5727556347846985,0.290048211812973,-0.015272309072315693,0.567383348941803,0.30481475591659546,-0.014518218114972115,0.5979154109954834,0.353198766708374,0.012843962758779526,0.5908676385879517,0.36087095737457275,0.0064829010516405106,0.5740704536437988,0.3731711506843567,-0.006247161887586117,0.6111629009246826,0.34173470735549927,0.04083917662501335,0.5753045082092285,0.24126151204109192,0.005155141931027174,0.5675474405288696,0.25912708044052124,-0.013108661398291588,0.5823454856872559,0.3753204345703125,0.005552851129323244,0.6199238896369934,0.3010560870170593,0.03933558613061905,0.5697837471961975,0.32428276538848877,-0.009753610007464886,0.5708751678466797,0.3268029987812042,-0.010771140456199646,0.5718494057655334,0.3300683796405792,-0.012153520248830318,0.572683572769165,0.3341639041900635,-0.01178327389061451,0.5747146606445312,0.34123873710632324,-0.007988843135535717,0.5793290734291077,0.3258984386920929,-0.00489782402291894,0.5805016756057739,0.3254355788230896,-0.00492691108956933,0.5815864205360413,0.3247474133968353,-0.004846292082220316,0.5868813991546631,0.3186243772506714,-0.003433806821703911,0.6089004278182983,0.3002660870552063,0.00964327622205019,0.5672351717948914,0.251460999250412,-0.0078358119353652,0.5692798495292664,0.23707270622253418,0.0020418257918208838,0.5728009343147278,0.23808810114860535,0.004167123232036829,0.578066349029541,0.3261691927909851,-0.004306513350456953,0.6094969511032104,0.32023072242736816,0.017184406518936157,0.5642735958099365,0.2369486689567566,-0.005313204135745764,0.5784889459609985,0.3506980240345001,-0.005456923041492701,0.5636588335037231,0.25470173358917236,-0.016927625983953476,0.5716147422790527,0.2719716727733612,-0.013264068402349949,0.5703949928283691,0.35444024205207825,-0.008962072432041168,0.5905498266220093,0.33723270893096924,0.0013388007646426558,0.582983136177063,0.2937964200973511,-0.003633938729763031,0.5849002599716187,0.34515729546546936,-0.0020383100491017103,0.5964210629463196,0.29251089692115784,-0.0011717774905264378,0.5886074900627136,0.3019878566265106,-0.0031925549264997244,0.6015647649765015,0.3060615062713623,0.002753801643848419,0.5728521347045898,0.36488011479377747,-0.009012638591229916,0.574972927570343,0.2767648994922638,-0.00938141904771328,0.5957710146903992,0.3436459004878998,0.006638353690505028,0.5886951088905334,0.352275013923645,0.0021446170285344124,0.5950771570205688,0.3275376856327057,0.002929265145212412,0.6145796775817871,0.3106936812400818,0.022841891273856163,0.602367103099823,0.3287523090839386,0.00882249977439642,0.6172082424163818,0.3176717460155487,0.0359705314040184,0.593356728553772,0.3128560185432434,-0.0009747479925863445,0.5710517764091492,0.2648990750312805,-0.009212327189743519,0.571875810623169,0.2870420515537262,-0.022010140120983124,0.5751144289970398,0.2893555462360382,-0.01600346714258194,0.5694003701210022,0.28144529461860657,-0.025995852425694466,0.5730244517326355,0.2297847419977188,0.00035812141140922904,0.5818506479263306,0.22426965832710266,-0.000631278904620558,0.5898536443710327,0.22310248017311096,-0.0002577007398940623,0.5967045426368713,0.22481197118759155,0.002190320985391736,0.6016892194747925,0.2287188172340393,0.005897482391446829,0.6060056090354919,0.24307799339294434,0.014814551919698715,0.622863233089447,0.26431992650032043,0.04040028154850006,0.6022971272468567,0.2542691230773926,0.010004287585616112,0.5967505574226379,0.2568501830101013,0.006406883243471384,0.5893034338951111,0.2574356198310852,0.003943173680454493,0.5820761919021606,0.2558385133743286,0.0028796407859772444,0.5763314366340637,0.2530438303947449,0.002641089027747512,0.5723302364349365,0.2502022981643677,0.002298105740919709,0.6235602498054504,0.26620402932167053,0.06225617602467537,0.5749527812004089,0.2917121946811676,-0.013251975178718567,0.5678101181983948,0.26619231700897217,-0.017675254493951797,0.568150520324707,0.2873699963092804,-0.026474716141819954,0.5653128027915955,0.2918761074542999,-0.024379899725317955,0.5681259632110596,0.28902459144592285,-0.023769507184624672,0.5734376907348633,0.2943326532840729,-0.011426578275859356,0.564394474029541,0.29257526993751526,-0.025905301794409752,0.5637910962104797,0.2946639358997345,-0.019398946315050125,0.571857213973999,0.24378898739814758,0.005132007412612438,0.569068968296051,0.24553942680358887,0.0016743773594498634,0.5673744678497314,0.2468109130859375,-0.002391466870903969,0.5975147485733032,0.23957954347133636,0.008705434389412403,0.6012760400772095,0.23553714156150818,0.009017396718263626,0.5271485447883606,0.24433405697345734,0.005927296821027994,0.5333365201950073,0.24356381595134735,0.005927296821027994,0.5265500545501709,0.23704496026039124,0.005927296821027994,0.520873486995697,0.24502627551555634,0.005927296821027994,0.5276906490325928,0.25154945254325867,0.005927296821027994,0.5875305533409119,0.2403382658958435,0.005896357819437981,0.5935394763946533,0.24016840755939484,0.005896357819437981,0.5874066352844238,0.23269374668598175,0.005896357819437981,0.5815916061401367,0.24046966433525085,0.005896357819437981,0.587680995464325,0.24802759289741516,0.005896357819437981
1866.6666666666652,0.5587508678436279,0.31534820795059204,-0.017832916229963303,0.5597352385520935,0.2855786979198456,-0.029464222490787506,0.5599748492240906,0.2947797179222107,-0.01628744602203369,0.5543829202651978,0.26130345463752747,-0.020428327843546867,0.5594541430473328,0.2775017321109772,-0.03095550276339054,0.559163510799408,0.2675863206386566,-0.02815374545753002,0.5585131645202637,0.24392879009246826,-0.011849838308990002,0.5179022550582886,0.2482762485742569,0.011848432011902332,0.5577756762504578,0.2252807915210724,-0.00732614379376173,0.5573159456253052,0.21396896243095398,-0.007821730338037014,0.5558624863624573,0.17143908143043518,0.0010314200771972537,0.558809220790863,0.31846895813941956,-0.01732473075389862,0.5588908195495605,0.3216628134250641,-0.015544272027909756,0.5590052008628845,0.3238949477672577,-0.012679335661232471,0.5588467717170715,0.3238521218299866,-0.013270176947116852,0.5589505434036255,0.32730138301849365,-0.013874713331460953,0.5590825080871582,0.33160895109176636,-0.015364671126008034,0.559236466884613,0.33634504675865173,-0.015046010725200176,0.5617897510528564,0.342670202255249,-0.010465200059115887,0.5599421262741089,0.29010653495788574,-0.026863889768719673,0.555301308631897,0.2908473610877991,-0.019307399168610573,0.49410057067871094,0.21920475363731384,0.04181766137480736,0.5339595079421997,0.25385454297065735,0.004943918902426958,0.5282309055328369,0.2552158534526825,0.005584667902439833,0.5227670669555664,0.2551412880420685,0.007415196392685175,0.5156147480010986,0.25160861015319824,0.012664356268942356,0.5388961434364319,0.25103986263275146,0.005461526568979025,0.5250095725059509,0.23126691579818726,0.0037585438694804907,0.5315614938735962,0.23138636350631714,0.0036148701328784227,0.519079864025116,0.23348867893218994,0.00586773082613945,0.5152916312217712,0.23723462224006653,0.008356021717190742,0.5110028386116028,0.25706905126571655,0.015451419167220592,0.5437144637107849,0.3576463460922241,-0.004768604878336191,0.5159208178520203,0.24650417268276215,0.013908138498663902,0.49395984411239624,0.2551480531692505,0.04186210036277771,0.5044338703155518,0.25269919633865356,0.021823255345225334,0.5322675704956055,0.28507277369499207,-0.002294734353199601,0.5519885420799255,0.31366997957229614,-0.016754085198044777,0.5529611110687256,0.3216125965118408,-0.0145689956843853,0.5453734993934631,0.31750884652137756,-0.013506321236491203,0.5408688187599182,0.321795791387558,-0.009832523763179779,0.5477421283721924,0.32277825474739075,-0.0123891057446599,0.5433706045150757,0.3246298134326935,-0.00896847527474165,0.5377074480056763,0.3338428735733032,-0.002956333803012967,0.5553335547447205,0.28582265973091125,-0.028816023841500282,0.5542827844619751,0.2782508432865143,-0.030106067657470703,0.5071098804473877,0.23221489787101746,0.01127553079277277,0.542761504650116,0.26444539427757263,-0.0022002276964485645,0.5430126190185547,0.286521315574646,-0.014605483040213585,0.542437732219696,0.2826542556285858,-0.012722549960017204,0.515170693397522,0.2865860164165497,0.00570353539660573,0.5542742609977722,0.26899850368499756,-0.026217032223939896,0.5204302072525024,0.22089722752571106,0.0009983028285205364,0.512470543384552,0.225226491689682,0.00580787006765604,0.4992120862007141,0.20288127660751343,0.0310914758592844,0.546103298664093,0.22513030469417572,-0.005086601246148348,0.5374113321304321,0.23413720726966858,0.005053896456956863,0.5330877900123596,0.3277890980243683,-0.0005662544281221926,0.5067377686500549,0.33065688610076904,0.05071253702044487,0.5474832057952881,0.2905627489089966,-0.012997747398912907,0.5518675446510315,0.29246899485588074,-0.014067587442696095,0.5353391766548157,0.3288891613483429,-0.0016115602338686585,0.5367283821105957,0.32842743396759033,-0.0033462978899478912,0.5092024803161621,0.22062596678733826,0.009176050312817097,0.54302579164505,0.290364146232605,-0.011798973195254803,0.5315350890159607,0.2202153503894806,-0.002710387809202075,0.5302116274833679,0.21349161863327026,-0.0033259738702327013,0.5223269462585449,0.1792258620262146,0.009139827452600002,0.504023551940918,0.2104777991771698,0.018591031432151794,0.5266598463058472,0.19502131640911102,0.0025682859122753143,0.5037276744842529,0.22927813231945038,0.01667501963675022,0.498424232006073,0.2236643135547638,0.02848566696047783,0.5523441433906555,0.3180457651615143,-0.01633402891457081,0.5465855002403259,0.3203887343406677,-0.013286635279655457,0.5420922040939331,0.3232743442058563,-0.009956179186701775,0.5488312840461731,0.29198750853538513,-0.011965890415012836,0.5360618233680725,0.32868117094039917,-0.002540328772738576,0.5387802124023438,0.3291092813014984,-0.0064918845891952515,0.5375078916549683,0.32815295457839966,-0.003538435325026512,0.5497564077377319,0.28693488240242004,-0.020390260964632034,0.5443286895751953,0.3254736661911011,-0.00792628526687622,0.5486250519752502,0.32426777482032776,-0.01001389417797327,0.5535930395126343,0.3238166272640228,-0.011870701797306538,0.5552764534950256,0.3428274691104889,-0.010178826749324799,0.5524351596832275,0.3362146317958832,-0.014588630758225918,0.5525354743003845,0.33142223954200745,-0.014800382778048515,0.5528598427772522,0.3271041512489319,-0.01312290970236063,0.5534577965736389,0.3238207697868347,-0.012445183470845222,0.5441946387290955,0.3254297971725464,-0.008358546532690525,0.5431221127510071,0.32729554176330566,-0.009306231513619423,0.5419679880142212,0.32970255613327026,-0.010475675575435162,0.54106605052948,0.33244383335113525,-0.009750214405357838,0.5380967855453491,0.31300655007362366,-0.007339194416999817,0.4968647062778473,0.2926954925060272,0.06277073174715042,0.5600099563598633,0.2922876477241516,-0.019899467006325722,0.5409139394760132,0.32669293880462646,-0.005722973495721817,0.5398922562599182,0.3278381824493408,-0.0063807000406086445,0.553452730178833,0.29535919427871704,-0.014634395018219948,0.5452374815940857,0.2951219975948334,-0.008246543817222118,0.5527307391166687,0.2939189672470093,-0.014451161026954651,0.5367937088012695,0.26991555094718933,-0.00036983261816203594,0.5277745723724365,0.27603089809417725,0.0013984388206154108,0.5417258143424988,0.2865701913833618,-0.009764110669493675,0.5082096457481384,0.1892247200012207,0.0193607360124588,0.5129715800285339,0.20052039623260498,0.01018513273447752,0.5182441473007202,0.21473607420921326,0.002675027819350362,0.5425418615341187,0.3372882008552551,-0.006200609728693962,0.5437741279602051,0.21398614346981049,-0.006655002478510141,0.540621280670166,0.19295689463615417,-0.0021047526970505714,0.5376669764518738,0.17377838492393494,0.0028489157557487488,0.5182521939277649,0.25414395332336426,0.01014131959527731,0.5050374269485474,0.26323890686035156,0.018591128289699554,0.5421625375747681,0.2483954131603241,0.0062337955459952354,0.5098060965538025,0.24195009469985962,0.013759457506239414,0.546597957611084,0.25853192806243896,-0.004093342926353216,0.5460418462753296,0.28267326951026917,-0.01998097449541092,0.5000683665275574,0.2692906856536865,0.02478918246924877,0.5090890526771545,0.26804742217063904,0.0129060884937644,0.5164676308631897,0.2700251340866089,0.007138369604945183,0.5273056030273438,0.2680496275424957,0.00424932362511754,0.5353618264198303,0.26412123441696167,0.002822857815772295,0.5414651036262512,0.25948986411094666,0.0012553209671750665,0.5533552169799805,0.2465047538280487,-0.009587742388248444,0.5021891593933105,0.28606873750686646,0.022136613726615906,0.5053710341453552,0.24161744117736816,0.016764504835009575,0.5573273301124573,0.29009369015693665,-0.02643982693552971,0.5435885190963745,0.2715454697608948,-0.005015533417463303,0.49228453636169434,0.2558552622795105,0.06118755042552948,0.54590904712677,0.2543121576309204,0.0005592496017925441,0.5413999557495117,0.2875727713108063,-0.0042000808753073215,0.5133883357048035,0.24728438258171082,0.015082352794706821,0.5456429719924927,0.27804115414619446,-0.01761806756258011,0.5007794499397278,0.3118085563182831,0.05837015435099602,0.5422825813293457,0.24550549685955048,0.007843620143830776,0.5498222708702087,0.2726476192474365,-0.022907458245754242,0.519965410232544,0.34452611207962036,0.01850959286093712,0.5214719772338867,0.35372671484947205,0.02798933908343315,0.49733656644821167,0.28975939750671387,0.04250560700893402,0.5122986435890198,0.3357206881046295,0.02695724554359913,0.49577128887176514,0.23828621208667755,0.03692670539021492,0.5431035161018372,0.36552712321281433,-0.0019085470121353865,0.5579795837402344,0.29215505719184875,-0.019451076164841652,0.5388091206550598,0.27815037965774536,-0.0031719703692942858,0.49988505244255066,0.2549096345901489,0.02776063233613968,0.5231673717498779,0.25033995509147644,0.008024267852306366,0.5279639363288879,0.2505367398262024,0.006389996502548456,0.5377589464187622,0.3306114971637726,-0.005602075718343258,0.5046427249908447,0.3022248148918152,0.022468537092208862,0.5531251430511475,0.37543097138404846,-0.0015493310056626797,0.5375498533248901,0.3676185607910156,0.010994534008204937,0.5303478240966797,0.36202818155288696,0.01839132234454155,0.5564584732055664,0.1919882446527481,-0.0039007330778986216,0.5637989044189453,0.3761627972126007,-0.003582131117582321,0.5328453183174133,0.24947023391723633,0.005964295472949743,0.5374794602394104,0.2476586103439331,0.00663074990734458,0.5406265258789062,0.24651291966438293,0.007771059405058622,0.5014422535896301,0.24067865312099457,0.02291778288781643,0.536714494228363,0.24075043201446533,0.005971420556306839,0.5317131876945496,0.2393079400062561,0.005195228848606348,0.5268750190734863,0.23937073349952698,0.005666530691087246,0.5220376253128052,0.2410462200641632,0.0072875251062214375,0.5189920663833618,0.24326711893081665,0.009281736798584461,0.49201592803001404,0.23583757877349854,0.053004585206508636,0.5200235247612,0.2493707239627838,0.01007784716784954,0.5600711703300476,0.3017519414424896,-0.015493477694690228,0.5430731177330017,0.30725255608558655,-0.009840818122029305,0.5473458170890808,0.28900855779647827,-0.01482574362307787,0.5529799461364746,0.30294016003608704,-0.014898804016411304,0.5582079887390137,0.23489047586917877,-0.0074346852488815784,0.527898907661438,0.35324612259864807,0.011539919301867485,0.5354572534561157,0.35936248302459717,0.005014919210225344,0.5523278713226318,0.3696078360080719,-0.008009268902242184,0.513961911201477,0.34439870715141296,0.039738740772008896,0.5404715538024902,0.24340090155601501,0.007101505994796753,0.5502698421478271,0.25909823179244995,-0.011855598539113998,0.5633378028869629,0.3699450194835663,-0.009842201136052608,0.5448518395423889,0.37225690484046936,0.0035614953376352787,0.5008105039596558,0.30731233954429626,0.04010288044810295,0.5484927296638489,0.3242858052253723,-0.010561314411461353,0.5474517345428467,0.32705384492874146,-0.01147206500172615,0.5466715097427368,0.3305441737174988,-0.012883867137134075,0.546195387840271,0.33479058742523193,-0.012568711303174496,0.5483325719833374,0.3404974341392517,-0.009050516411662102,0.5397632122039795,0.3266668915748596,-0.006005201954394579,0.5385146141052246,0.32624316215515137,-0.005919820629060268,0.5374306440353394,0.3256102502346039,-0.0057351901195943356,0.5344759225845337,0.320096880197525,-0.0038692590314894915,0.5119795799255371,0.30469387769699097,0.010298030450940132,0.5500757694244385,0.2518579661846161,-0.0064351316541433334,0.5461903810501099,0.2383180558681488,0.0038252980448305607,0.5426989197731018,0.23997557163238525,0.0061615705490112305,0.5410739779472351,0.3268545866012573,-0.005430592689663172,0.5134233832359314,0.32391783595085144,0.017125733196735382,0.5510504841804504,0.23718184232711792,-0.003489401191473007,0.5458551645278931,0.34919431805610657,-0.0066472324542701244,0.5589581727981567,0.2595849335193634,-0.022497260943055153,0.5538451075553894,0.2542610168457031,-0.01551733072847128,0.5587480068206787,0.2520257830619812,-0.0169526357203722,0.5469327569007874,0.27187076210975647,-0.01233274769037962,0.5628407597541809,0.36179476976394653,-0.012301689945161343,0.5623112320899963,0.3519045114517212,-0.011378441005945206,0.5540187358856201,0.35207468271255493,-0.010158238932490349,0.5327504873275757,0.33809226751327515,0.00044050998985767365,0.5369775891304016,0.2947368323802948,-0.003299153409898281,0.5390052795410156,0.34468263387680054,-0.003132577519863844,0.5237026810646057,0.29541632533073425,-0.0005283001810312271,0.5319286584854126,0.3036101162433624,-0.0030783566180616617,0.5197765827178955,0.30925923585891724,0.0030759607907384634,0.5526376366615295,0.36177748441696167,-0.010393014177680016,0.5439139604568481,0.2770613133907318,-0.008585017174482346,0.5287951827049255,0.3443470895290375,0.005619065836071968,0.5364267826080322,0.351348876953125,0.0008921015542000532,0.5275406837463379,0.32948601245880127,0.002380599034950137,0.50742506980896,0.31563159823417664,0.0231435876339674,0.5210171341896057,0.3311387896537781,0.008353451266884804,0.5052779316902161,0.3227563202381134,0.03603703901171684,0.5281409621238708,0.3150487244129181,-0.0010788444196805358,0.5470800399780273,0.2652072608470917,-0.008140974678099155,0.5479652285575867,0.2857370674610138,-0.021342206746339798,0.544881284236908,0.2887686789035797,-0.015489626675844193,0.5499218702316284,0.279973566532135,-0.025263456627726555,0.5414157509803772,0.23159605264663696,0.0024942338932305574,0.5316157937049866,0.22733955085277557,0.0019161275122314692,0.523228645324707,0.22733074426651,0.00260372762568295,0.5164520740509033,0.2301676869392395,0.005240313708782196,0.5118082165718079,0.23497946560382843,0.009032389149069786,0.50950688123703,0.2498702108860016,0.017493337392807007,0.4948127269744873,0.2724170982837677,0.04257574304938316,0.5142040848731995,0.2599976658821106,0.01219963375478983,0.5200473666191101,0.26161089539527893,0.008398140780627728,0.5275790691375732,0.2611407935619354,0.005719889421015978,0.5347957611083984,0.2586376368999481,0.004449471365660429,0.5405236482620239,0.25510209798812866,0.004190037027001381,0.5444064140319824,0.2517126202583313,0.0038070545997470617,0.49434342980384827,0.27431511878967285,0.06402494758367538,0.5451357364654541,0.29114770889282227,-0.012869564816355705,0.5504158139228821,0.26570555567741394,-0.01657175086438656,0.5516953468322754,0.2852979302406311,-0.025901949033141136,0.5548254251480103,0.289274662733078,-0.024099081754684448,0.5518955588340759,0.28689372539520264,-0.023273060098290443,0.5468069314956665,0.2935276925563812,-0.01125364936888218,0.555721640586853,0.2897629141807556,-0.02565074898302555,0.5564040541648865,0.29187196493148804,-0.019366838037967682,0.5442392230033875,0.24537605047225952,0.0068860603496432304,0.5472822785377502,0.2466239333152771,0.0032734882552176714,0.5490326881408691,0.24738261103630066,-0.0008586805779486895,0.5172743201255798,0.24496009945869446,0.011308440007269382,0.5129714012145996,0.24175356328487396,0.011739700101315975,0.5636302828788757,0.26065096259117126,-0.020829221233725548,0.5980991125106812,0.24268017709255219,0.008819115348160267,0.5647943019866943,0.29024532437324524,-0.019619014114141464,0.6203337907791138,0.20952637493610382,0.03776279091835022,0.5833706855773926,0.250591903924942,0.002985892351716757,0.5889277458190918,0.2510588467121124,0.003246444510295987,0.5941758751869202,0.2502131164073944,0.004739836324006319,0.60086989402771,0.24556848406791687,0.00948937889188528,0.578503429889679,0.2484493851661682,0.003857538802549243,0.5896577835083008,0.22676485776901245,0.001367234974168241,0.5835215449333191,0.22774213552474976,0.0016799615696072578,0.5954735279083252,0.22806388139724731,0.0031361132860183716,0.5994011163711548,0.23119935393333435,0.005347462836652994,0.6061300039291382,0.25036799907684326,0.0120478430762887,0.5821741819381714,0.3558313250541687,-0.006019749213010073,0.5999661684036255,0.24056516587734222,0.01075014565140009,0.6233965754508972,0.2459445744752884,0.03717714548110962,0.6125102639198303,0.24507319927215576,0.01798860728740692,0.587539792060852,0.2815881073474884,-0.004133991897106171,0.5657057762145996,0.31328046321868896,-0.017225954681634903,0.5651923418045044,0.3212753236293793,-0.014966857619583607,0.5729213356971741,0.3167631924152374,-0.014537723734974861,0.5777850151062012,0.3207704424858093,-0.011245261877775192,0.5708566904067993,0.32219138741493225,-0.01325362641364336,0.5754624605178833,0.3237864375114441,-0.010103372856974602,0.585192084312439,0.3316081464290619,-0.00470663933083415,0.5641935467720032,0.2852421700954437,-0.029069194570183754,0.5646067261695862,0.2775324881076813,-0.030425185337662697,0.60700523853302,0.22516049444675446,0.007720761001110077,0.5758612751960754,0.2621851861476898,-0.003398552071303129,0.5768523812294006,0.28438645601272583,-0.015786301344633102,0.5771574974060059,0.28046151995658875,-0.013948607258498669,0.6049805879592896,0.2807753086090088,0.0025792745873332024,0.5641126036643982,0.268274188041687,-0.026622626930475235,0.5924364328384399,0.21644306182861328,-0.0014411115553230047,0.6007720232009888,0.219297394156456,0.0027741880621761084,0.6142035126686096,0.19392706453800201,0.02748597413301468,0.5683712959289551,0.22458018362522125,-0.005929366685450077,0.5783193111419678,0.231300950050354,0.0034144374076277018,0.589297890663147,0.32502779364585876,-0.0026481477543711662,0.6189607977867126,0.3239857256412506,0.04686763882637024,0.5727341175079346,0.2889975905418396,-0.013720601797103882,0.5683976411819458,0.2915177047252655,-0.014419574290513992,0.5836693048477173,0.32749730348587036,-0.0034097495954483747,0.5823437571525574,0.32712265849113464,-0.0049726469442248344,0.6037197113037109,0.2140325903892517,0.005972003564238548,0.5771508812904358,0.28835195302963257,-0.0129450848326087,0.5817006230354309,0.21760104596614838,-0.004383121617138386,0.5822328329086304,0.21070539951324463,-0.005060582887381315,0.5894530415534973,0.1739039272069931,0.00697034178301692,0.6097332239151001,0.20226873457431793,0.01508561335504055,0.5859562158584595,0.19045431911945343,0.0005651037790812552,0.6103834509849548,0.2216428965330124,0.012899411842226982,0.6162484288215637,0.21464592218399048,0.024341726675629616,0.5655953288078308,0.3176525831222534,-0.016821766272187233,0.571883499622345,0.31971585750579834,-0.01424406562000513,0.5766454339027405,0.3223201334476471,-0.011219590902328491,0.5714235305786133,0.2906484603881836,-0.012643680907785892,0.5829849243164062,0.32732585072517395,-0.004227610770612955,0.5801661014556885,0.3278399407863617,-0.007979503832757473,0.5815747976303101,0.3268938958644867,-0.005117704160511494,0.5701490044593811,0.28560397028923035,-0.021176069974899292,0.5745909810066223,0.32468181848526,-0.0090216975659132,0.5700454115867615,0.32372966408729553,-0.0108271399512887,0.5647729635238647,0.3235314190387726,-0.012321007438004017,0.5684598684310913,0.3422068655490875,-0.010581163689494133,0.5663968920707703,0.33574336767196655,-0.01504557952284813,0.5658860802650452,0.33099162578582764,-0.015270620584487915,0.5652903914451599,0.326740562915802,-0.013609372079372406,0.5645813941955566,0.3235127925872803,-0.012891368940472603,0.5744678974151611,0.32459208369255066,-0.009457001462578773,0.5756325721740723,0.32630831003189087,-0.010434905998408794,0.5768471956253052,0.32856395840644836,-0.011682508513331413,0.5778970122337341,0.33119672536849976,-0.011086293496191502,0.5828962326049805,0.31059974431991577,-0.00905365776270628,0.624604344367981,0.2842682898044586,0.058335017412900925,0.5780181288719177,0.3256949782371521,-0.007132934872061014,0.5790098905563354,0.3266890347003937,-0.007819951511919498,0.5668811202049255,0.2946746349334717,-0.015031649731099606,0.5752795934677124,0.29353293776512146,-0.009180568158626556,0.567602276802063,0.29314085841178894,-0.014797016978263855,0.5820738673210144,0.2669109106063843,-0.0019933171570301056,0.5914760828018188,0.2718762755393982,-0.0008061006083153188,0.5781907439231873,0.28440040349960327,-0.01101724337786436,0.6043310165405273,0.18166223168373108,0.01641426607966423,0.6000567078590393,0.19378991425037384,0.007320861332118511,0.5940148234367371,0.20980224013328552,7.438352622557431e-05,0.5807881355285645,0.3354797959327698,-0.007712949067354202,0.5693602561950684,0.21319836378097534,-0.00755652179941535,0.5720253586769104,0.190524160861969,-0.003142517525702715,0.5739030241966248,0.17087893187999725,0.00176254753023386,0.5984750390052795,0.24858838319778442,0.00719062564894557,0.6128014326095581,0.25593116879463196,0.014784984290599823,0.5752368569374084,0.24629181623458862,0.004807209596037865,0.6054927706718445,0.23504412174224854,0.01025331113487482,0.5716774463653564,0.25675079226493835,-0.0050572887994349,0.5734293460845947,0.2808837592601776,-0.02091633901000023,0.6188056468963623,0.2611466646194458,0.020480548962950706,0.6089821457862854,0.26126888394355774,0.009352995082736015,0.6017673015594482,0.264270544052124,0.004117776174098253,0.5910478234291077,0.2638762891292572,0.0019359966972842813,0.5829569101333618,0.2610083520412445,0.001049193786457181,0.5766950845718384,0.25726181268692017,-1.8970664314110763e-05,0.5638808012008667,0.2457270324230194,-0.009991667233407497,0.6182904839515686,0.2784304916858673,0.017870711162686348,0.61012202501297,0.23422296345233917,0.013025559484958649,0.562568724155426,0.28974679112434387,-0.02663319557905197,0.5753776431083679,0.26943692564964294,-0.006190063431859016,0.6252509355545044,0.24633556604385376,0.05673690512776375,0.571919322013855,0.2527698278427124,-0.0004715328977908939,0.578676700592041,0.28540942072868347,-0.0055465092882514,0.6026085019111633,0.24083757400512695,0.011774172075092793,0.5735392570495605,0.2761976718902588,-0.01855490915477276,0.6228507161140442,0.30403876304626465,0.05428808182477951,0.575032651424408,0.2434563934803009,0.0063492050394415855,0.5688549280166626,0.271313339471817,-0.023600108921527863,0.6064316034317017,0.3400929272174835,0.015483131632208824,0.6063706874847412,0.3498154580593109,0.025184307247400284,0.6236767768859863,0.2813141644001007,0.03779764473438263,0.6135330200195312,0.3300432860851288,0.023341277614235878,0.6199946403503418,0.2290869951248169,0.03249290958046913,0.5838632583618164,0.3637206256389618,-0.0032718167640268803,0.562076210975647,0.29189127683639526,-0.01956263743340969,0.5805565118789673,0.2755080759525299,-0.004621834494173527,0.6179776787757874,0.24699854850769043,0.023525599390268326,0.593090832233429,0.24555684626102448,0.005364112555980682,0.5885365009307861,0.24641819298267365,0.0040263831615448,0.5812760591506958,0.3292207717895508,-0.007170636672526598,0.6175020933151245,0.2950569987297058,0.018404141068458557,0.574598491191864,0.3745798170566559,-0.0021612688433378935,0.5905545949935913,0.365416944026947,0.009307626634836197,0.5977990031242371,0.35916680097579956,0.01620110310614109,0.5839341878890991,0.24604621529579163,0.003966924734413624,0.5795097351074219,0.24488630890846252,0.004892687778919935,0.5765874981880188,0.24421784281730652,0.006192182656377554,0.614363431930542,0.23265773057937622,0.018826579675078392,0.579753041267395,0.23782266676425934,0.004269339609891176,0.5842814445495605,0.23562809824943542,0.0032135348301380873,0.5887786149978638,0.23510277271270752,0.003376841777935624,0.5934306383132935,0.23609556257724762,0.004640062339603901,0.5965105295181274,0.23785652220249176,0.00639251247048378,0.623638391494751,0.22602248191833496,0.048729609698057175,0.5960589647293091,0.24412091076374054,0.007200853433459997,0.5777021646499634,0.3054121434688568,-0.011083872057497501,0.5727450251579285,0.2874031066894531,-0.015638049691915512,0.5674335360527039,0.30214640498161316,-0.01538429968059063,0.5988215804100037,0.3498322367668152,0.009164675138890743,0.5914997458457947,0.3568705916404724,0.0031357123516499996,0.5745099782943726,0.3685615062713623,-0.0087196109816432,0.6131899356842041,0.33910709619522095,0.03642398491501808,0.5764928460121155,0.24109530448913574,0.005516813136637211,0.5678058862686157,0.2578611373901367,-0.012520741671323776,0.5830652713775635,0.370703786611557,0.0023400785867124796,0.6221164464950562,0.2994779646396637,0.03567897155880928,0.5698680877685547,0.3236776292324066,-0.011358905583620071,0.5710339546203613,0.32631218433380127,-0.012341143563389778,0.5720106363296509,0.329645037651062,-0.01384501438587904,0.5728324055671692,0.33381956815719604,-0.013616177253425121,0.5752688050270081,0.3392066955566406,-0.010110369883477688,0.5792936086654663,0.3255244791507721,-0.0073526897467672825,0.5803980827331543,0.3250174820423126,-0.007432777434587479,0.5814207196235657,0.3243010342121124,-0.007363803684711456,0.5870630145072937,0.3173649311065674,-0.005878302734345198,0.6098691821098328,0.2986123561859131,0.007045479957014322,0.5676469206809998,0.25061139464378357,-0.007080969400703907,0.5702815651893616,0.2369544804096222,0.0029052747413516045,0.573896586894989,0.23796823620796204,0.004738171119242907,0.578126072883606,0.32583901286125183,-0.006809487473219633,0.6106857061386108,0.3182438910007477,0.013812483288347721,0.5650852918624878,0.23670834302902222,-0.004074010066688061,0.5789637565612793,0.34766653180122375,-0.007789731025695801,0.5637928247451782,0.25352680683135986,-0.015876226127147675,0.5719417929649353,0.2702111303806305,-0.013206126168370247,0.5707870721817017,0.35125499963760376,-0.010650336742401123,0.591169536113739,0.3351794481277466,-0.0015882934676483274,0.5834230780601501,0.29198169708251953,-0.00486428989097476,0.5854904651641846,0.3424766957759857,-0.004778548609465361,0.5968811511993408,0.29084572196006775,-0.002843750873580575,0.5889430046081543,0.3002397418022156,-0.004996252246201038,0.6020879149436951,0.3042961061000824,0.0003901052405126393,0.5731799006462097,0.3607632517814636,-0.011064756661653519,0.5754081010818481,0.275028258562088,-0.009701993316411972,0.5965002179145813,0.3409058451652527,0.0033642163034528494,0.5892717838287354,0.3488588333129883,-0.0008506638696417212,0.5956313610076904,0.325907826423645,3.308849045424722e-05,0.6161654591560364,0.3089597523212433,0.019389687106013298,0.6032296419143677,0.3266717195510864,0.005649677477777004,0.6193265914916992,0.31576231122016907,0.031874239444732666,0.5935944318771362,0.3113575875759125,-0.0032407790422439575,0.571448028087616,0.2635444104671478,-0.009077570401132107,0.5718010663986206,0.2841750681400299,-0.02218327298760414,0.5751528143882751,0.28685900568962097,-0.016486195847392082,0.5692332983016968,0.27866339683532715,-0.025816261768341064,0.5739539265632629,0.22973474860191345,0.0012730506714433432,0.5826705098152161,0.22405698895454407,0.00016484444495290518,0.5906499028205872,0.2227456271648407,0.00024242285871878266,0.5975260734558105,0.2244330197572708,0.002365889260545373,0.6025707125663757,0.22843371331691742,0.005770717281848192,0.6068918704986572,0.24296115338802338,0.013992395251989365,0.624291718006134,0.26348212361335754,0.03776252642273903,0.6031281352043152,0.25385499000549316,0.008976181037724018,0.5975697636604309,0.25629884004592896,0.0056098708882927895,0.5901921391487122,0.25691699981689453,0.0034206057898700237,0.5830394625663757,0.25543659925460815,0.0025905354414135218,0.5773266553878784,0.2527376115322113,0.002747572725638747,0.5733128190040588,0.24989736080169678,0.0026010118890553713,0.6251276135444641,0.2653619349002838,0.059561342000961304,0.5750552415847778,0.28934627771377563,-0.013843207620084286,0.5679539442062378,0.264474093914032,-0.017278503626585007,0.5679213404655457,0.284209668636322,-0.026433834806084633,0.5651240944862366,0.28861919045448303,-0.02440185472369194,0.5679572820663452,0.285908043384552,-0.02381645329296589,0.5735763311386108,0.29201003909111023,-0.012055415660142899,0.5641947388648987,0.28921040892601013,-0.025887329131364822,0.5636800527572632,0.2913973033428192,-0.019582873210310936,0.5729982256889343,0.2435767501592636,0.005595921538770199,0.5700482726097107,0.24526990950107574,0.0022990223951637745,0.5681898593902588,0.2463611215353012,-0.0015881088329479098,0.5983878374099731,0.23928362131118774,0.008272852748632431,0.6021921634674072,0.235330730676651,0.008562779985368252,0.5274825692176819,0.24417641758918762,0.008141924627125263,0.533663809299469,0.24352528154850006,0.008141924627125263,0.5269695520401001,0.23685842752456665,0.008141924627125263,0.5212264060974121,0.2447616308927536,0.008141924627125263,0.5279503464698792,0.25140461325645447,0.008141924627125263,0.5886911749839783,0.24011051654815674,0.005827723070979118,0.5947597026824951,0.2398594617843628,0.005827723070979118,0.5885826945304871,0.23295441269874573,0.005827723070979118,0.5826618075370789,0.24034932255744934,0.005827723070979118,0.5888264179229736,0.24731485545635223,0.005827723070979118
1899.9999999999984,0.5625604391098022,0.31591349840164185,-0.018037816509604454,0.562326192855835,0.2838658094406128,-0.028219515457749367,0.562305212020874,0.29219865798950195,-0.016221538186073303,0.5569199323654175,0.26065459847450256,-0.018882527947425842,0.562065064907074,0.2762252390384674,-0.029319679364562035,0.5616292357444763,0.2667897045612335,-0.026246223598718643,0.5603642463684082,0.2438696175813675,-0.009825131855905056,0.5185916423797607,0.24791593849658966,0.011125735007226467,0.5592359900474548,0.2249012291431427,-0.0046378509141504765,0.5587031841278076,0.21387979388237,-0.004520791582763195,0.5567781925201416,0.1731208860874176,0.0054189967922866344,0.5628163814544678,0.3199460804462433,-0.017805876210331917,0.5633540153503418,0.32403111457824707,-0.01634739711880684,0.5639728903770447,0.32680732011795044,-0.013729628175497055,0.5641375184059143,0.32662510871887207,-0.012748848646879196,0.5639954805374146,0.32990893721580505,-0.013268441893160343,0.5639309287071228,0.33388185501098633,-0.014752733521163464,0.5641406774520874,0.3383200168609619,-0.014316833578050137,0.5647779107093811,0.3427579998970032,-0.0103629594668746,0.5623722076416016,0.2881733477115631,-0.02592628449201584,0.5576726794242859,0.2887752056121826,-0.019064277410507202,0.49474582076072693,0.21831770241260529,0.040262751281261444,0.5349324941635132,0.25314050912857056,0.004729864187538624,0.5291581749916077,0.254440039396286,0.005155619699507952,0.5236452221870422,0.25432223081588745,0.006746559403836727,0.5162372589111328,0.2510153353214264,0.011621600948274136,0.5399428009986877,0.25043249130249023,0.005545143969357014,0.5262635350227356,0.23128092288970947,0.0042614624835550785,0.5328273773193359,0.2315945327281952,0.004349762108176947,0.5201979279518127,0.2332104593515396,0.0059951720759272575,0.5162099003791809,0.23675495386123657,0.008151359856128693,0.5118697285652161,0.2560189962387085,0.0139236431568861,0.5467197895050049,0.3549797832965851,-0.006676993332803249,0.5165730714797974,0.2462598979473114,0.013100599870085716,0.4945162832736969,0.2533702552318573,0.03843500837683678,0.5054649114608765,0.2518700659275055,0.020009808242321014,0.5349792242050171,0.2823144495487213,-0.0035019242204725742,0.5570299625396729,0.3148142099380493,-0.01721050776541233,0.5587514638900757,0.32428160309791565,-0.01567825861275196,0.5525099635124207,0.3184959888458252,-0.01465465035289526,0.5500088334083557,0.32242897152900696,-0.011473802849650383,0.5552536249160767,0.32513490319252014,-0.013891736976802349,0.5526522994041443,0.32627686858177185,-0.010892724618315697,0.5412251353263855,0.3299464285373688,-0.005313105881214142,0.558141827583313,0.2841093838214874,-0.027716509997844696,0.5572451949119568,0.2769102156162262,-0.02865118905901909,0.5082024335861206,0.2314453274011612,0.011169043369591236,0.5450042486190796,0.2630610167980194,-0.0022538751363754272,0.546545147895813,0.28404539823532104,-0.014803308993577957,0.5459819436073303,0.2804080545902252,-0.012922391295433044,0.5175938606262207,0.2835453450679779,0.0032549987081438303,0.5570482015609741,0.26809972524642944,-0.024650797247886658,0.521915853023529,0.22059351205825806,0.0022930451668798923,0.513756513595581,0.2246483713388443,0.006491173058748245,0.5001444220542908,0.20264402031898499,0.031102769076824188,0.5477089881896973,0.22505207359790802,-0.0028545670211315155,0.5386455059051514,0.23432308435440063,0.005767197348177433,0.5369694828987122,0.3233965039253235,-0.0031424781773239374,0.5071764588356018,0.3276416063308716,0.04272947460412979,0.5506652593612671,0.2878880500793457,-0.013333150185644627,0.5546425580978394,0.28987202048301697,-0.014255763962864876,0.5479018092155457,0.3287668228149414,-0.004162425175309181,0.54914391040802,0.3283388912677765,-0.005713808350265026,0.5105286836624146,0.22022800147533417,0.009952628053724766,0.5465747714042664,0.28743618726730347,-0.012307331897318363,0.5331047773361206,0.22014157474040985,-0.0008568032644689083,0.5318562984466553,0.21365158259868622,-0.0011114904191344976,0.523366391658783,0.18031010031700134,0.011915002949535847,0.505416989326477,0.21011292934417725,0.019160771742463112,0.52802574634552,0.19559961557388306,0.005114993080496788,0.5048679709434509,0.22877439856529236,0.01640941947698593,0.4996296465396881,0.222682923078537,0.02773575857281685,0.5577148199081421,0.32001984119415283,-0.0170881487429142,0.5537678003311157,0.3220290243625641,-0.014610351994633675,0.5512633919715881,0.3243215084075928,-0.011721458286046982,0.5518898367881775,0.28918591141700745,-0.012306371703743935,0.5485453009605408,0.32858696579933167,-0.004990792367607355,0.5501159429550171,0.32970401644706726,-0.00826935563236475,0.549665093421936,0.3281559348106384,-0.005835368297994137,0.5526436567306519,0.2849944531917572,-0.020047210156917572,0.5538099408149719,0.3273884952068329,-0.009944196790456772,0.5564059019088745,0.3270553648471832,-0.011736230924725533,0.5597367882728577,0.32688581943511963,-0.013218334876000881,0.558171272277832,0.3424219787120819,-0.010432884097099304,0.5587137341499329,0.33783257007598877,-0.014217165298759937,0.5587483048439026,0.33356863260269165,-0.014445765875279903,0.5591941475868225,0.3297306299209595,-0.012799558229744434,0.5598872900009155,0.32680583000183105,-0.012242869473993778,0.553823709487915,0.3274838328361511,-0.009268070571124554,0.5529205799102783,0.32896071672439575,-0.010106426663696766,0.5519394278526306,0.33092281222343445,-0.011326100677251816,0.5511438846588135,0.333340585231781,-0.010839959606528282,0.5414808988571167,0.3089812994003296,-0.00910579040646553,0.49672985076904297,0.2898983061313629,0.05575485900044441,0.5623323917388916,0.2901681661605835,-0.01955689862370491,0.5519227385520935,0.32782071828842163,-0.007414781488478184,0.5510444641113281,0.32868972420692444,-0.008053358644247055,0.5560804009437561,0.2925298810005188,-0.01485526654869318,0.5483405590057373,0.2918189465999603,-0.009019259363412857,0.555413544178009,0.29123377799987793,-0.01464302558451891,0.5391390919685364,0.2680507004261017,-0.001007098238915205,0.5301783084869385,0.27357691526412964,0.00011857417848659679,0.5452759861946106,0.2839495837688446,-0.010323681868612766,0.5091572403907776,0.18965500593185425,0.02087179385125637,0.5143145322799683,0.20069417357444763,0.01178602036088705,0.519773542881012,0.21467739343643188,0.004161324352025986,0.5455997586250305,0.33472076058387756,-0.008007916621863842,0.5454822182655334,0.21431811153888702,-0.0038539643865078688,0.5419409871101379,0.19386431574821472,0.0012058403808623552,0.538710355758667,0.17531929910182953,0.006590624339878559,0.5189885497093201,0.2533670961856842,0.009220029227435589,0.5060995817184448,0.26176998019218445,0.016446277499198914,0.5432551503181458,0.24787715077400208,0.006475675851106644,0.5106775760650635,0.24128714203834534,0.01304650865495205,0.5487644672393799,0.2575443983078003,-0.0036708798725157976,0.5492767691612244,0.28083041310310364,-0.01959245093166828,0.5014504790306091,0.26720497012138367,0.021685918793082237,0.5100371241569519,0.2660934031009674,0.010888445191085339,0.5173715353012085,0.2678288519382477,0.005570842418819666,0.5282527804374695,0.2661117613315582,0.003258011071011424,0.5364115834236145,0.2625523805618286,0.002311542397364974,0.5426384806632996,0.2581920027732849,0.00123362906742841,0.5554306507110596,0.24626925587654114,-0.007989712059497833,0.5038139224052429,0.2832932472229004,0.01836247742176056,0.5064103603363037,0.24094711244106293,0.015790216624736786,0.5598233938217163,0.28815627098083496,-0.025624820962548256,0.5462207794189453,0.2698637545108795,-0.005309156142175198,0.49217933416366577,0.25392770767211914,0.05629769712686539,0.5471814870834351,0.2532099485397339,0.0009715788764879107,0.5447301268577576,0.28477728366851807,-0.00512994360178709,0.5139914155006409,0.24684077501296997,0.014109954237937927,0.5489057302474976,0.27634522318840027,-0.01722062937915325,0.5007418990135193,0.3087076246738434,0.05076475813984871,0.5433810353279114,0.24518516659736633,0.008144027553498745,0.5528280735015869,0.2714347243309021,-0.02184225246310234,0.5219005346298218,0.3416607677936554,0.013480793684720993,0.5222121477127075,0.3516251742839813,0.021477147936820984,0.4978329837322235,0.2870312035083771,0.037119533866643906,0.5140787363052368,0.3326706290245056,0.021022707223892212,0.49663496017456055,0.23694747686386108,0.03478613868355751,0.5455512404441833,0.36349743604660034,-0.004541730973869562,0.5603546500205994,0.29003211855888367,-0.019199252128601074,0.5415242314338684,0.27585718035697937,-0.003948535304516554,0.501020073890686,0.2542068362236023,0.025371167808771133,0.5240057110786438,0.24982978403568268,0.007539066486060619,0.528896152973175,0.24998588860034943,0.006101951934397221,0.5492558479309082,0.331049382686615,-0.0076300338841974735,0.506325364112854,0.2989858090877533,0.017854658886790276,0.5551623106002808,0.37467649579048157,-0.004337775520980358,0.5386724472045898,0.366214394569397,0.006646465975791216,0.5311906337738037,0.3602810502052307,0.013068173080682755,0.5576686859130859,0.19291287660598755,-1.9730352505575866e-05,0.5661397576332092,0.3754701018333435,-0.005801114719361067,0.533825159072876,0.24898602068424225,0.005894368514418602,0.5384957194328308,0.24726341664791107,0.006725944112986326,0.5416828989982605,0.24615705013275146,0.007988257333636284,0.5025701522827148,0.2402610182762146,0.021565470844507217,0.5378469228744507,0.24109289050102234,0.006374754942953587,0.5328465700149536,0.23986566066741943,0.005631499458104372,0.5280529260635376,0.23983316123485565,0.005937405861914158,0.5231376886367798,0.24123890697956085,0.007276719436049461,0.5199279189109802,0.24322126805782318,0.008993912488222122,0.49221980571746826,0.23445403575897217,0.04976159334182739,0.5207712054252625,0.24892282485961914,0.009443584829568863,0.5625888705253601,0.2980607748031616,-0.015572947449982166,0.5461244583129883,0.3033594489097595,-0.011103635653853416,0.550456166267395,0.2865808606147766,-0.014901665970683098,0.5557103753089905,0.29911622405052185,-0.015209182165563107,0.5597716569900513,0.2346366047859192,-0.005238683428615332,0.5299237370491028,0.3505128026008606,0.007302680052816868,0.5375701189041138,0.35697242617607117,0.0015397833194583654,0.5550422668457031,0.36782968044281006,-0.009823448956012726,0.5147089958190918,0.3418799042701721,0.03215334191918373,0.541602611541748,0.24334470927715302,0.007453334983438253,0.5527167916297913,0.2583451569080353,-0.010850823484361172,0.5659433603286743,0.36851683259010315,-0.011077456176280975,0.5464044809341431,0.3711942136287689,0.0001233050861628726,0.5014446973800659,0.3042948246002197,0.034040793776512146,0.5564455986022949,0.3270641565322876,-0.01089062262326479,0.5555098056793213,0.3293345272541046,-0.011630559340119362,0.5548191070556641,0.3322564363479614,-0.013085456565022469,0.5543484687805176,0.3359737992286682,-0.012930262833833694,0.5511690974235535,0.33926960825920105,-0.010093986988067627,0.5507331490516663,0.32733750343322754,-0.008242340758442879,0.5495251417160034,0.3266453444957733,-0.00813380442559719,0.5484981536865234,0.3257029354572296,-0.007897020317614079,0.5382122993469238,0.3158048987388611,-0.006048400420695543,0.5144492983818054,0.3011839985847473,0.006747491657733917,0.5521906614303589,0.25128450989723206,-0.005444393493235111,0.5475249886512756,0.23815065622329712,0.0047876969911158085,0.5439214110374451,0.23988884687423706,0.006831812672317028,0.5519012212753296,0.327645480632782,-0.007764918729662895,0.5157777667045593,0.32041677832603455,0.012519646435976028,0.5526262521743774,0.23680931329727173,-0.001894650747999549,0.5488157272338867,0.3468049168586731,-0.008150139823555946,0.5612369179725647,0.25907817482948303,-0.020565826445817947,0.5561977624893188,0.2538648843765259,-0.013856448233127594,0.5608367323875427,0.2517896890640259,-0.01497517991811037,0.5497667193412781,0.2704063355922699,-0.011961611919105053,0.5655807256698608,0.35998353362083435,-0.012628260999917984,0.5651748776435852,0.35080134868621826,-0.01126935239881277,0.5571242570877075,0.35046422481536865,-0.010546945035457611,0.536037266254425,0.33414924144744873,-0.002187117701396346,0.5402229428291321,0.2915097773075104,-0.004609167110174894,0.5419255495071411,0.3413342535495758,-0.0053211478516459465,0.5266519784927368,0.2922489047050476,-0.0024441576097160578,0.5353026986122131,0.3001222014427185,-0.004944668151438236,0.5229650735855103,0.30555960536003113,0.00037506819353438914,0.5557740926742554,0.3594729006290436,-0.011324204504489899,0.5469684600830078,0.27516230940818787,-0.008787835948169231,0.531605064868927,0.3409806191921234,0.0022668694145977497,0.539147138595581,0.34835198521614075,-0.0018302426906302571,0.5311042666435242,0.3252504765987396,-0.0005129600176587701,0.509223222732544,0.3122589886188507,0.01803838275372982,0.5238655209541321,0.3276115655899048,0.004698593635112047,0.5064479112625122,0.3196505606174469,0.029583128169178963,0.5318595767021179,0.31094321608543396,-0.003428139491006732,0.549586296081543,0.2640026807785034,-0.007811537012457848,0.5510236024856567,0.2838214039802551,-0.020906174555420876,0.5482513904571533,0.2862268090248108,-0.01564035564661026,0.5530101656913757,0.27851003408432007,-0.024350272491574287,0.5427417159080505,0.23160308599472046,0.0036827856674790382,0.5329875946044922,0.22731450200080872,0.00303955702111125,0.5245538949966431,0.22706091403961182,0.0034501964692026377,0.517632246017456,0.2296588271856308,0.005628733430057764,0.5127871632575989,0.23432078957557678,0.008930925279855728,0.5103210210800171,0.24919822812080383,0.01621677540242672,0.49532604217529297,0.27016985416412354,0.038111597299575806,0.5149973034858704,0.2587208151817322,0.010774289257824421,0.5209408402442932,0.2601986527442932,0.0073119113221764565,0.5285128951072693,0.25985750555992126,0.005008116364479065,0.5358030796051025,0.2575729489326477,0.004044953268021345,0.5416229963302612,0.25420692563056946,0.004201357252895832,0.5455784201622009,0.250924676656723,0.004084149841219187,0.4941849410533905,0.2719533145427704,0.057925377041101456,0.5485509037971497,0.28827983140945435,-0.013253320939838886,0.5531033873558044,0.26474830508232117,-0.015615751035511494,0.554590106010437,0.2836446166038513,-0.025072341784834862,0.557284951210022,0.28736111521720886,-0.023455169051885605,0.554619550704956,0.28510570526123047,-0.022655710577964783,0.5499641299247742,0.29045596718788147,-0.011755535379052162,0.5582361221313477,0.287869930267334,-0.02490069903433323,0.5587900876998901,0.28975778818130493,-0.019123390316963196,0.545397937297821,0.24496661126613617,0.007334457244724035,0.5485426187515259,0.24603359401226044,0.003957037348300219,0.5504052639007568,0.2465910017490387,5.0378526793792844e-05,0.5180555582046509,0.24478797614574432,0.010786044411361217,0.5137146711349487,0.24124807119369507,0.011157267726957798,0.5656023025512695,0.2599959075450897,-0.018878361210227013,0.5988196730613708,0.24312791228294373,0.010938809253275394,0.5668174028396606,0.28827232122421265,-0.01905042678117752,0.6195554137229919,0.20853674411773682,0.040287695825099945,0.5840879678726196,0.25091931223869324,0.0046501061879098415,0.5896342396736145,0.2512311041355133,0.005039799492806196,0.5948408246040344,0.250225692987442,0.006630442570894957,0.6015017032623291,0.2456635981798172,0.011450257152318954,0.5792153477668762,0.24895381927490234,0.0054318467155098915,0.5902446508407593,0.22727662324905396,0.00416222121566534,0.584115743637085,0.228327214717865,0.004252878949046135,0.596077561378479,0.22847986221313477,0.005925273057073355,0.6000440120697021,0.2315625101327896,0.008006900548934937,0.6065477132797241,0.24977095425128937,0.013753279112279415,0.583560585975647,0.3526804447174072,-0.006666642148047686,0.6006380319595337,0.24102739989757538,0.012920263223350048,0.6230821013450623,0.24371455609798431,0.03810829296708107,0.612636923789978,0.2443363517522812,0.019805504009127617,0.5884138345718384,0.27869167923927307,-0.003521447069942951,0.5683737397193909,0.3141518533229828,-0.017229706048965454,0.5687790513038635,0.32377195358276367,-0.015666978433728218,0.5750508904457092,0.3178597092628479,-0.0147443488240242,0.5800336599349976,0.32153332233428955,-0.011642650701105595,0.5739151835441589,0.3243711292743683,-0.013951070606708527,0.578296422958374,0.32543641328811646,-0.010996202938258648,0.5866068005561829,0.3277203142642975,-0.005576915107667446,0.5664432048797607,0.28361356258392334,-0.0277010016143322,0.5668351054191589,0.27623945474624634,-0.02865665964782238,0.607304573059082,0.22506755590438843,0.01102464459836483,0.5768540501594543,0.26075804233551025,-0.0022013296838849783,0.5774931907653809,0.28227365016937256,-0.014782081358134747,0.5777037739753723,0.27849289774894714,-0.012906872667372227,0.6055465340614319,0.2773962914943695,0.0031118057668209076,0.5662097930908203,0.2673693597316742,-0.024662820622324944,0.5930421352386475,0.21692737936973572,0.0022034556604921818,0.6012089848518372,0.21953439712524414,0.006406692788004875,0.6134365200996399,0.19367019832134247,0.031158387660980225,0.5694700479507446,0.22471079230308533,-0.002895921003073454,0.5789468288421631,0.23193997144699097,0.005656993016600609,0.5901520848274231,0.32068705558776855,-0.003422430017963052,0.6180503964424133,0.32005903124809265,0.04285358265042305,0.5736410021781921,0.28672999143600464,-0.013143581338226795,0.5697978138923645,0.289093554019928,-0.014168270863592625,0.5866020321846008,0.32808414101600647,-0.004435672890394926,0.5851109027862549,0.3278789520263672,-0.006015567108988762,0.6040363311767578,0.214255228638649,0.00984956230968237,0.5775812268257141,0.2857491970062256,-0.01227417029440403,0.5825743675231934,0.21801114082336426,-0.0008965368615463376,0.5830466151237488,0.2112259715795517,-0.0011647584615275264,0.5894515514373779,0.17501294612884521,0.011844395659863949,0.609089732170105,0.20200826227664948,0.019053490832448006,0.586285412311554,0.19106805324554443,0.005039007868617773,0.6105549335479736,0.22140565514564514,0.016290243715047836,0.6155067682266235,0.21370799839496613,0.02748110704123974,0.5685519576072693,0.31936976313591003,-0.017113277688622475,0.574350893497467,0.3213546574115753,-0.014675745740532875,0.5790761709213257,0.3235088288784027,-0.011858454905450344,0.5724244713783264,0.2881481349468231,-0.01226100604981184,0.585833728313446,0.32801932096481323,-0.00528736924752593,0.583269476890564,0.3291797935962677,-0.00855290237814188,0.5845944285392761,0.3277045488357544,-0.00613016402348876,0.5716133117675781,0.2840273082256317,-0.020006587728857994,0.5779212117195129,0.326529324054718,-0.010087995789945126,0.573691189289093,0.32616543769836426,-0.011820593848824501,0.5690165162086487,0.3263413608074188,-0.013250540941953659,0.5712874531745911,0.34168192744255066,-0.010450302623212337,0.5703953504562378,0.33768630027770996,-0.01424864586442709,0.5698785781860352,0.3331471085548401,-0.014459625817835331,0.5694864392280579,0.3291304409503937,-0.012829371728003025,0.5691297054290771,0.32620882987976074,-0.012248728424310684,0.5780479907989502,0.32670071721076965,-0.009410529397428036,0.5790238976478577,0.3282424211502075,-0.010282528586685658,0.5800716876983643,0.33036598563194275,-0.01154392585158348,0.5810511112213135,0.3328738212585449,-0.011128013953566551,0.5843634009361267,0.306569904088974,-0.009354527108371258,0.6238647103309631,0.280784547328949,0.05566031485795975,0.5813563466072083,0.3272649347782135,-0.007667990401387215,0.582249104976654,0.3281383812427521,-0.00832800380885601,0.5686155557632446,0.29190805554389954,-0.014829430729150772,0.5760753750801086,0.2903769612312317,-0.00903299544006586,0.5691684484481812,0.29056134819984436,-0.014571810141205788,0.5828754901885986,0.2650015950202942,-0.0009947262005880475,0.5922510623931885,0.26926466822624207,9.132974810199812e-05,0.5785825252532959,0.28202366828918457,-0.01028923224657774,0.6038670539855957,0.18210411071777344,0.020947327837347984,0.5998213291168213,0.19406801462173462,0.011698704212903976,0.5945491194725037,0.21034330129623413,0.004053742624819279,0.582869291305542,0.3327415883541107,-0.008278188295662403,0.570422351360321,0.21358957886695862,-0.0038766830693930387,0.5728302597999573,0.191424161195755,0.0011882537510246038,0.5743973255157471,0.17243406176567078,0.006537995301187038,0.5991266965866089,0.2485826313495636,0.009117888286709785,0.6130566000938416,0.25473853945732117,0.01622147485613823,0.5759364366531372,0.24692489206790924,0.00637923926115036,0.6059404015541077,0.23507168889045715,0.012823469936847687,0.5728141069412231,0.25573816895484924,-0.003627487225458026,0.5746407508850098,0.2793044447898865,-0.019555451348423958,0.6187476515769958,0.25858238339424133,0.02142290771007538,0.6094443798065186,0.2598389983177185,0.010708767920732498,0.6024678349494934,0.2627962529659271,0.005408564116805792,0.5918823480606079,0.26274070143699646,0.003158382372930646,0.5838439464569092,0.2603464722633362,0.0022426629438996315,0.5776230692863464,0.25695645809173584,0.0012748242588713765,0.5654273629188538,0.24549119174480438,-0.00796749722212553,0.6184143424034119,0.2751462459564209,0.018096907064318657,0.6103488206863403,0.23387713730335236,0.015658756718039513,0.5648843050003052,0.2878543734550476,-0.0256105475127697,0.5763239860534668,0.2677760422229767,-0.005276334006339312,0.62461256980896,0.24386164546012878,0.05625153332948685,0.5728762149810791,0.2527555227279663,0.0009518023580312729,0.5790480971336365,0.28280743956565857,-0.0052423011511564255,0.6032105684280396,0.24106281995773315,0.013915943913161755,0.5745901465415955,0.2746613323688507,-0.01717017963528633,0.6221065521240234,0.3001781404018402,0.05086759850382805,0.5757051706314087,0.24421916902065277,0.00803953967988491,0.5704916715621948,0.27013787627220154,-0.021836793050169945,0.6065812110900879,0.33635783195495605,0.013350154273211956,0.6065228581428528,0.34635117650032043,0.02156181074678898,0.6236444115638733,0.27798402309417725,0.036806680262088776,0.6131700873374939,0.3262653052806854,0.020903415977954865,0.6195157766342163,0.22751712799072266,0.03451424837112427,0.5854153037071228,0.36095917224884033,-0.004493866115808487,0.5642803311347961,0.28981196880340576,-0.019183993339538574,0.5813136100769043,0.2732102870941162,-0.003941649571061134,0.617850124835968,0.24597753584384918,0.025095660239458084,0.5938183665275574,0.24602876603603363,0.007373624946922064,0.5892690420150757,0.24695876240730286,0.005971263628453016,0.5843562483787537,0.3304762840270996,-0.00789837446063757,0.6176153421401978,0.29127684235572815,0.017663192003965378,0.5768260359764099,0.3732832074165344,-0.0041809421963989735,0.5920245051383972,0.3627144694328308,0.006774730980396271,0.598763644695282,0.35602620244026184,0.0131780244410038,0.5846570134162903,0.24670913815498352,0.005826946813613176,0.5801973342895508,0.24566560983657837,0.0066553265787661076,0.5772638916969299,0.24500805139541626,0.007893790490925312,0.6143959164619446,0.23205631971359253,0.02134554833173752,0.5803976655006409,0.23843005299568176,0.006364234257489443,0.5849215984344482,0.23609784245491028,0.005593792535364628,0.5894360542297363,0.23550496995449066,0.005892595276236534,0.5941048860549927,0.2364388108253479,0.007181168533861637,0.597210168838501,0.2382194697856903,0.008844967931509018,0.6230137348175049,0.22429513931274414,0.04979471117258072,0.5967738628387451,0.24458083510398865,0.009269431233406067,0.5794041752815247,0.3015466630458832,-0.011219238862395287,0.5738013386726379,0.28542178869247437,-0.014854858629405499,0.5696814656257629,0.29836025834083557,-0.015225807204842567,0.5994778871536255,0.3461991548538208,0.007258813362568617,0.5925610065460205,0.35354071855545044,0.001542498474009335,0.5765730738639832,0.36643901467323303,-0.009755149483680725,0.6125980019569397,0.335420697927475,0.032337769865989685,0.5771552324295044,0.2418222427368164,0.00738995848223567,0.5692978501319885,0.25710511207580566,-0.010839533060789108,0.5849822163581848,0.368617445230484,0.0002830887387972325,0.6220261454582214,0.2958155870437622,0.03384549915790558,0.5738509893417358,0.32615408301353455,-0.010932417586445808,0.5746940970420837,0.3285153806209564,-0.011720817536115646,0.5754386186599731,0.33167001605033875,-0.013247568160295486,0.5761716365814209,0.335665762424469,-0.013165634125471115,0.5778700709342957,0.33776575326919556,-0.010267980396747589,0.5821263790130615,0.3266003727912903,-0.008358035236597061,0.5830850601196289,0.32580792903900146,-0.00831882655620575,0.5840365290641785,0.3248084783554077,-0.008092142641544342,0.5882186889648438,0.3130834400653839,-0.006333577912300825,0.6101678013801575,0.29468169808387756,0.006670868024230003,0.5689792037010193,0.25002458691596985,-0.005377274006605148,0.5711463689804077,0.2375340610742569,0.004759493749588728,0.5746128559112549,0.23866191506385803,0.006702851504087448,0.5813146829605103,0.3270534873008728,-0.0079903993755579,0.6106336116790771,0.3141848146915436,0.012417440302670002,0.5660947561264038,0.23705275356769562,-0.001956369960680604,0.5808122754096985,0.3449057936668396,-0.008249669335782528,0.5655612945556641,0.25312578678131104,-0.013849870301783085,0.5731692910194397,0.26877719163894653,-0.0119298892095685,0.5730429887771606,0.34947681427001953,-0.010515964590013027,0.5920717716217041,0.3309129476547241,-0.002463387791067362,0.5839559435844421,0.28876277804374695,-0.004679519683122635,0.5869592428207397,0.3387114107608795,-0.005568499211221933,0.5976049900054932,0.2874162793159485,-0.0025202163960784674,0.5897128582000732,0.29660287499427795,-0.005108991172164679,0.6024049520492554,0.30028581619262695,0.000196855457033962,0.5751209855079651,0.3582596778869629,-0.01125970296561718,0.576190710067749,0.27323782444000244,-0.008762037381529808,0.5971205830574036,0.336928129196167,0.0021155383437871933,0.5903594493865967,0.34520065784454346,-0.001913567422889173,0.5961178541183472,0.32142481207847595,-0.0007209714967757463,0.6161149144172668,0.30500802397727966,0.017942428588867188,0.6035163402557373,0.32259681820869446,0.004589674063026905,0.6189436912536621,0.31197389960289,0.029429417103528976,0.5941480398178101,0.3070765733718872,-0.0035702441819012165,0.5726748108863831,0.26233816146850586,-0.007781530264765024,0.5731785893440247,0.2826246917247772,-0.020864777266979218,0.5759711861610413,0.28472834825515747,-0.015620863065123558,0.5709578990936279,0.2773415446281433,-0.024191366508603096,0.5748037695884705,0.2302076667547226,0.003656147513538599,0.5833801031112671,0.22458751499652863,0.0030069814529269934,0.5912812948226929,0.22324493527412415,0.003343003336340189,0.5980857014656067,0.22478830814361572,0.005511625669896603,0.6030767560005188,0.2286681979894638,0.00875505618751049,0.6072617769241333,0.2427140176296234,0.01603674702346325,0.6241229772567749,0.26068586111068726,0.03775893524289131,0.6036797165870667,0.25317704677581787,0.01059838104993105,0.5982150435447693,0.2555726170539856,0.007196691352874041,0.5909371972084045,0.2564350664615631,0.004914532881230116,0.5838276147842407,0.2552839517593384,0.003945508971810341,0.5781509876251221,0.25283291935920715,0.004121950827538967,0.5741739273071289,0.2501451373100281,0.003978769760578871,0.6243957281112671,0.26232993602752686,0.05785967782139778,0.5757080316543579,0.2868512272834778,-0.013224875554442406,0.5695990920066833,0.2634909451007843,-0.01561892032623291,0.5698067545890808,0.28273290395736694,-0.025041423738002777,0.5672556161880493,0.28680184483528137,-0.023438669741153717,0.5697727799415588,0.28434374928474426,-0.02262282371520996,0.5744210481643677,0.2891661524772644,-0.011721660383045673,0.5664129853248596,0.2873808741569519,-0.02488367259502411,0.5658056735992432,0.2893499732017517,-0.019114499911665916,0.5737037062644958,0.24428033828735352,0.007208583876490593,0.5709362626075745,0.24570821225643158,0.00385216623544693,0.5691671967506409,0.2466304898262024,4.09723688790109e-05,0.5990915298461914,0.23967555165290833,0.010615400038659573,0.6028028130531311,0.2356378436088562,0.0110106710344553,0.5283127427101135,0.24428260326385498,0.008032325655221939,0.5348332524299622,0.24361908435821533,0.008032325655221939,0.5278314352035522,0.2370711714029312,0.008032325655221939,0.5217360854148865,0.24486996233463287,0.008032325655221939,0.5287708640098572,0.2513757348060608,0.008032325655221939,0.5891970992088318,0.24049267172813416,0.007923195138573647,0.5952416658401489,0.24012264609336853,0.007923195138573647,0.5889437198638916,0.23336303234100342,0.007923195138573647,0.5831699371337891,0.24085338413715363,0.007923195138573647,0.5894383788108826,0.24763891100883484,0.007923195138573647
1933.3333333333317,0.5657751560211182,0.32414886355400085,-0.014541175216436386,0.5668989419937134,0.2861279249191284,-0.026548540219664574,0.5662722587585449,0.2923261523246765,-0.01409212127327919,0.5609737634658813,0.2593085765838623,-0.019584136083722115,0.5666949152946472,0.2783300578594208,-0.02807850018143654,0.5660088658332825,0.2675347328186035,-0.025716526433825493,0.5638154149055481,0.24004855751991272,-0.011624735780060291,0.5220633745193481,0.24125543236732483,0.005453490652143955,0.5627514123916626,0.22081585228443146,-0.007461466360837221,0.5624018907546997,0.21032187342643738,-0.00784402433782816,0.5604647397994995,0.16959133744239807,-1.5615894881193526e-05,0.5657361149787903,0.32834354043006897,-0.014033013954758644,0.566013514995575,0.3324015736579895,-0.012437867932021618,0.5663933157920837,0.33517980575561523,-0.009524370543658733,0.5660220980644226,0.33524709939956665,-0.00981994904577732,0.5660397410392761,0.3393763303756714,-0.009986218996345997,0.5660955905914307,0.34403836727142334,-0.011384482495486736,0.5662820935249329,0.3485734462738037,-0.011084754019975662,0.5674906373023987,0.33763426542282104,-0.007077752612531185,0.5666775107383728,0.28980162739753723,-0.024061676114797592,0.5610779523849487,0.28937089443206787,-0.017577843740582466,0.49660390615463257,0.2060006856918335,0.029236389324069023,0.5390055179595947,0.24558879435062408,0.0010263995500281453,0.5336928367614746,0.24650095403194427,0.0009616554598324001,0.528002917766571,0.2467276155948639,0.001980511238798499,0.5193158388137817,0.24368490278720856,0.005760683678090572,0.5429748892784119,0.2439720779657364,0.0021183949429541826,0.5297682881355286,0.2279961258172989,-0.0006641111103817821,0.5357841849327087,0.22837002575397491,-1.095179595722584e-05,0.5241664052009583,0.22930742800235748,0.0004208672617096454,0.5203969478607178,0.23202164471149445,0.0021965631749480963,0.5148794651031494,0.24779245257377625,0.007745950948446989,0.548275887966156,0.3508850932121277,-0.0036480282433331013,0.51953125,0.24025076627731323,0.006940420251339674,0.49456071853637695,0.24104364216327667,0.02937040477991104,0.5078598260879517,0.24312838912010193,0.012609300203621387,0.538673996925354,0.2771145701408386,-0.004984740167856216,0.5600895881652832,0.32296785712242126,-0.014416704885661602,0.5610044598579407,0.3323523700237274,-0.012323868460953236,0.5547147989273071,0.32575860619544983,-0.012599139474332333,0.5514990091323853,0.3279699981212616,-0.010270404629409313,0.556948184967041,0.3322059214115143,-0.01130972895771265,0.55399489402771,0.33234289288520813,-0.009110532701015472,0.5446891784667969,0.3264124393463135,-0.0046867141500115395,0.5625377893447876,0.28611546754837036,-0.02637377753853798,0.561758816242218,0.27853575348854065,-0.027771038934588432,0.5120823979377747,0.22652998566627502,0.0033266879618167877,0.5484727025032043,0.25683462619781494,-0.0044522592797875404,0.5504387617111206,0.2829018831253052,-0.014613050036132336,0.5499211549758911,0.27849259972572327,-0.013056368567049503,0.5210922956466675,0.27621108293533325,-0.000405694852815941,0.5613825917243958,0.2684513330459595,-0.024585256353020668,0.5266927480697632,0.2199740707874298,-0.004177918657660484,0.5182034373283386,0.2219834178686142,-0.0009090773528441787,0.5035119652748108,0.1920287311077118,0.02041180431842804,0.5513393878936768,0.22503410279750824,-0.006550461053848267,0.5409771800041199,0.23062610626220703,0.0018823951249942183,0.5405541062355042,0.32046911120414734,-0.003070995444431901,0.5031948685646057,0.3186580538749695,0.03858985751867294,0.5542743802070618,0.2870740294456482,-0.01258630771189928,0.5580011606216431,0.2893050014972687,-0.012935505248606205,0.5474693775177002,0.33156684041023254,-0.003934170119464397,0.5490669012069702,0.33181968331336975,-0.005277885124087334,0.5147615075111389,0.2167406976222992,0.00186820887029171,0.5502074360847473,0.28586545586586,-0.011958496645092964,0.5376050472259521,0.22042007744312286,-0.005966011434793472,0.5364391207695007,0.21378794312477112,-0.006669549271464348,0.5279073715209961,0.17398536205291748,0.0037566018290817738,0.5098170042037964,0.20132076740264893,0.009845113381743431,0.5328689217567444,0.18994072079658508,-0.0019318695412948728,0.5081059336662292,0.22221378982067108,0.007851073518395424,0.5029392242431641,0.21226893365383148,0.01800047606229782,0.5603339076042175,0.32810479402542114,-0.014023001305758953,0.5557494163513184,0.32924044132232666,-0.012266146019101143,0.5526657104492188,0.33030906319618225,-0.010196486487984657,0.5553231239318848,0.28830307722091675,-0.011485806666314602,0.548336386680603,0.33181774616241455,-0.004674491006880999,0.5505165457725525,0.3340611457824707,-0.007595802657306194,0.5496717095375061,0.331525981426239,-0.005387207493185997,0.5565932989120483,0.28552207350730896,-0.019400013610720634,0.5549159646034241,0.33321523666381836,-0.007954386062920094,0.5578097105026245,0.33400672674179077,-0.008904942311346531,0.5616572499275208,0.33470407128334045,-0.009654290974140167,0.5612632632255554,0.33750247955322266,-0.007663252297788858,0.560756266117096,0.34709930419921875,-0.01161247305572033,0.5607544183731079,0.34292933344841003,-0.011856566183269024,0.5608930587768555,0.33842575550079346,-0.010276736691594124,0.5613633990287781,0.3348933458328247,-0.009995808824896812,0.5547463297843933,0.33292776346206665,-0.00822125282138586,0.553838849067688,0.3345273435115814,-0.00888931192457676,0.5528818964958191,0.33646276593208313,-0.010015545412898064,0.5521352291107178,0.3383861482143402,-0.00963654275983572,0.5454544425010681,0.30671951174736023,-0.00884232111275196,0.49349701404571533,0.2772185802459717,0.047760721296072006,0.5664198398590088,0.29103732109069824,-0.0175599567592144,0.5525457859039307,0.33225017786026,-0.006871473975479603,0.5514740347862244,0.3332299590110779,-0.007407281082123518,0.5597642064094543,0.29209810495376587,-0.01321449689567089,0.5516777038574219,0.2902199625968933,-0.008316303603351116,0.5588740706443787,0.29077470302581787,-0.013167057186365128,0.5430052876472473,0.26139187812805176,-0.003389746183529496,0.534156322479248,0.26672783493995667,-0.002814852399751544,0.5490041971206665,0.28163862228393555,-0.010372841730713844,0.5133603811264038,0.181024968624115,0.011229041963815689,0.5192621946334839,0.19350437819957733,0.00344455917365849,0.5244306921958923,0.2133999466896057,-0.0028365710750222206,0.5487521290779114,0.33065587282180786,-0.006866298615932465,0.549570620059967,0.2149772346019745,-0.008165668696165085,0.5464534163475037,0.1894257366657257,-0.00454472191631794,0.5430551767349243,0.17066344618797302,-1.557663199491799e-05,0.5226627588272095,0.24584856629371643,0.0038482649251818657,0.508873462677002,0.252848744392395,0.009945760481059551,0.5452931523323059,0.24240079522132874,0.0031918459571897984,0.5142511129379272,0.23504126071929932,0.005924527999013662,0.5521400570869446,0.2517290711402893,-0.005878921132534742,0.5534074902534485,0.28072455525398254,-0.01928934082388878,0.5026448965072632,0.25674569606781006,0.01466141827404499,0.5132971405982971,0.2575669586658478,0.005303028039634228,0.5211232900619507,0.259920597076416,0.001033180975355208,0.532238781452179,0.2587320804595947,-0.0003825008461717516,0.5401180982589722,0.25573617219924927,-0.0007275671232491732,0.5456835627555847,0.2525195777416229,-0.0014505409635603428,0.5589355826377869,0.24181529879570007,-0.010139482095837593,0.5050837397575378,0.2738969624042511,0.012573839165270329,0.5094305276870728,0.23383751511573792,0.008000404573976994,0.5639204978942871,0.2896515130996704,-0.0239963810890913,0.549848198890686,0.26527440547943115,-0.006666387896984816,0.4906550347805023,0.24020615220069885,0.04582030326128006,0.5498941540718079,0.24889150261878967,-0.0016272228676825762,0.548187255859375,0.28175532817840576,-0.00539062824100256,0.5168654918670654,0.23990869522094727,0.007609004620462656,0.5529947280883789,0.2752443850040436,-0.017297616228461266,0.49702754616737366,0.29759517312049866,0.044532082974910736,0.5444472432136536,0.2403065264225006,0.0045901997946202755,0.5570409297943115,0.27099737524986267,-0.021947743371129036,0.5198830962181091,0.33703920245170593,0.012970560230314732,0.5188148617744446,0.34734001755714417,0.02087128534913063,0.49649345874786377,0.2761201560497284,0.03038622997701168,0.5116692781448364,0.32647278904914856,0.019093936309218407,0.4983159899711609,0.22516599297523499,0.025188395753502846,0.5460723638534546,0.36022821068763733,-0.0009957754518836737,0.5642269849777222,0.2908712923526764,-0.017353447154164314,0.5451682806015015,0.2709468603134155,-0.005211926065385342,0.5028123259544373,0.24444332718849182,0.017338139936327934,0.5286712050437927,0.2422415316104889,0.0027359011583030224,0.5336707830429077,0.24209311604499817,0.0017706131329759955,0.5494882464408875,0.33490267395973206,-0.006984018255025148,0.5071244835853577,0.2903572618961334,0.013521319255232811,0.5560030937194824,0.3714965879917145,0.0006400352576747537,0.5372424125671387,0.3633938133716583,0.00887881126254797,0.5286555886268616,0.3571532666683197,0.013960846699774265,0.5614342093467712,0.18950915336608887,-0.004580461420118809,0.5677889585494995,0.37195488810539246,0.00018028450722340494,0.5378340482711792,0.24143224954605103,0.0019311209907755256,0.5413888096809387,0.24056464433670044,0.0030100708827376366,0.5434982180595398,0.2403341382741928,0.004315048456192017,0.5048017501831055,0.23166424036026,0.013068661093711853,0.540219783782959,0.2374647557735443,0.0024850124027580023,0.535855770111084,0.23684363067150116,0.0013254020595923066,0.5314046740531921,0.237068772315979,0.0012163124047219753,0.5267322063446045,0.23789268732070923,0.0020058690570294857,0.5234174728393555,0.2389274537563324,0.0033999986480921507,0.4923914074897766,0.22105485200881958,0.03875182941555977,0.5249271392822266,0.24187526106834412,0.004139814525842667,0.5665717124938965,0.2976914048194885,-0.013098188675940037,0.5500321388244629,0.3017865717411041,-0.010317626409232616,0.554260790348053,0.2861516773700714,-0.014327905140817165,0.5597148537635803,0.2984445095062256,-0.013297375291585922,0.5630797743797302,0.23009078204631805,-0.007515009958297014,0.5285597443580627,0.34669047594070435,0.008289438672363758,0.5369541645050049,0.3537733554840088,0.0038837578613311052,0.5565512776374817,0.36436575651168823,-0.005056761670857668,0.5108108520507812,0.3354431092739105,0.029851341620087624,0.5430182218551636,0.23907987773418427,0.0037019101437181234,0.5564360022544861,0.25484970211982727,-0.012378363870084286,0.5680534243583679,0.3648170232772827,-0.005419380031526089,0.5461685061454773,0.3683546185493469,0.003773856209591031,0.49955126643180847,0.2944580912590027,0.02888539433479309,0.5575723648071289,0.3339962661266327,-0.009267172776162624,0.5567965507507324,0.3365911841392517,-0.009830069728195667,0.5562781691551208,0.339635968208313,-0.01126827485859394,0.5559918880462646,0.34297382831573486,-0.011160780675709248,0.554333508014679,0.3347902297973633,-0.008294982835650444,0.5513885021209717,0.3320324718952179,-0.007233750075101852,0.5500585436820984,0.33110493421554565,-0.007425513584166765,0.5489354729652405,0.32971957325935364,-0.007357977330684662,0.5421168208122253,0.31322187185287476,-0.006197113078087568,0.5167616009712219,0.29395338892936707,0.0039032427594065666,0.5555949807167053,0.24616242945194244,-0.007618078961968422,0.5496613383293152,0.23490968346595764,0.0016627253498882055,0.5455662608146667,0.23575884103775024,0.003221482038497925,0.5526220202445984,0.3322342336177826,-0.0066446238197386265,0.5158836841583252,0.31394314765930176,0.010483521968126297,0.5556150674819946,0.23498529195785522,-0.004604825749993324,0.5511596202850342,0.3423961400985718,-0.005730699747800827,0.5652586817741394,0.25815585255622864,-0.020844247192144394,0.5599390268325806,0.25095894932746887,-0.015347875654697418,0.5645685791969299,0.249334916472435,-0.01611843705177307,0.553702712059021,0.26767200231552124,-0.012729860842227936,0.5678818225860596,0.3554239869117737,-0.007643804419785738,0.5676363110542297,0.3456631898880005,-0.0069559793919324875,0.5598105192184448,0.3456091284751892,-0.006862177513539791,0.5378352999687195,0.3301507532596588,-0.0015914413379505277,0.5434616208076477,0.2878870666027069,-0.005128588527441025,0.543832004070282,0.3372640609741211,-0.0038413815200328827,0.5302994251251221,0.2866448163986206,-0.0041749547235667706,0.5387295484542847,0.29602620005607605,-0.005703181028366089,0.5258219838142395,0.2998315691947937,-0.0011652247048914433,0.5579657554626465,0.3551379144191742,-0.007118601351976395,0.5507931709289551,0.27195265889167786,-0.009470927529036999,0.5318742990493774,0.3368593156337738,0.0029343513306230307,0.5398268103599548,0.3445539176464081,0.00019160912779625505,0.5333066582679749,0.3212030529975891,-0.0007458500331267715,0.509148895740509,0.304415762424469,0.0148354796692729,0.5245237946510315,0.32269683480262756,0.003936530090868473,0.5040351748466492,0.31134337186813354,0.025951191782951355,0.5350601077079773,0.30677473545074463,-0.004183588083833456,0.5531896352767944,0.25989657640457153,-0.009301122277975082,0.5550895929336548,0.28430113196372986,-0.020386312156915665,0.5521007180213928,0.28552255034446716,-0.015097335912287235,0.557262122631073,0.27946382761001587,-0.023896463215351105,0.5454853177070618,0.2293299287557602,-0.00011404998076613992,0.5367296934127808,0.22546882927417755,-0.0017725741490721703,0.5287981033325195,0.22476103901863098,-0.0021722603123635054,0.5219529867172241,0.22613878548145294,-0.0007603749400004745,0.516929566860199,0.229664146900177,0.001967683434486389,0.5131418704986572,0.24138695001602173,0.009283600375056267,0.49453824758529663,0.2583794593811035,0.03002721257507801,0.5184038281440735,0.25071683526039124,0.005243348889052868,0.5248831510543823,0.25242677330970764,0.00247842725366354,0.5326833724975586,0.2521633803844452,0.0009373051580041647,0.5396097898483276,0.2503240406513214,0.0006860814173705876,0.5445013642311096,0.2480190396308899,0.001129643409512937,0.5478608012199402,0.2458358108997345,0.0012624713126569986,0.49167007207870483,0.25852540135383606,0.04849249869585037,0.5521745085716248,0.2871858775615692,-0.012662126682698727,0.5571091771125793,0.2627456784248352,-0.016443047672510147,0.5586758255958557,0.28510934114456177,-0.024153409525752068,0.5609257817268372,0.28840523958206177,-0.022049732506275177,0.5584642887115479,0.28611817955970764,-0.021735725924372673,0.5534054040908813,0.2892683446407318,-0.010934821330010891,0.5621663331985474,0.28919896483421326,-0.023343360051512718,0.5623854398727417,0.29047098755836487,-0.01746000163257122,0.5468437671661377,0.24030932784080505,0.004141576588153839,0.5504786372184753,0.24199138581752777,0.0011809905990958214,0.5530014634132385,0.24343857169151306,-0.0025134109891951084,0.5212369561195374,0.23970840871334076,0.004899707157164812,0.5175086259841919,0.23555801808834076,0.004851678851991892,0.5694648027420044,0.25893688201904297,-0.018710453063249588,0.5971206426620483,0.2353496551513672,0.011442631483078003,0.57130366563797,0.2889043092727661,-0.016907671466469765,0.6187580823898315,0.20018796622753143,0.03916319087147713,0.5831092000007629,0.24220700562000275,0.0049435291439294815,0.5879666805267334,0.24251045286655426,0.0056504071690142155,0.5930389165878296,0.24216130375862122,0.007405839394778013,0.6001702547073364,0.23780623078346252,0.012109212577342987,0.5791417360305786,0.2406894564628601,0.0051606185734272,0.5900794267654419,0.22397549450397491,0.004094861447811127,0.584732711315155,0.22448189556598663,0.003746414789929986,0.5951916575431824,0.22497153282165527,0.0059869918040931225,0.5985910892486572,0.22724565863609314,0.008170221000909805,0.6054906845092773,0.24247077107429504,0.01456939335912466,0.5853548049926758,0.3484404385089874,-0.0007604182465001941,0.5993807911872864,0.23352229595184326,0.01316134538501501,0.6246194243431091,0.23525983095169067,0.03863709792494774,0.612618088722229,0.23746170103549957,0.02020888961851597,0.5903536677360535,0.27479928731918335,-0.0009884833125397563,0.5716106295585632,0.3222101628780365,-0.013342795893549919,0.5711022019386292,0.33188775181770325,-0.01131236832588911,0.5774884223937988,0.32413479685783386,-0.010405270382761955,0.5808401703834534,0.32606518268585205,-0.007269283290952444,0.5754898190498352,0.33132073283195496,-0.009385951794683933,0.5785829424858093,0.3311358690261841,-0.0065283202566206455,0.587354838848114,0.3239160478115082,-0.0009115748689509928,0.5710061192512512,0.28577378392219543,-0.02580098994076252,0.5714708566665649,0.278150737285614,-0.027109723538160324,0.6063044667243958,0.22245898842811584,0.010338920168578625,0.5788284540176392,0.2556239664554596,-0.001829077722504735,0.5807995796203613,0.2816791832447052,-0.012105543166399002,0.5806946754455566,0.2772214412689209,-0.010472939349710941,0.6064963340759277,0.2724006772041321,0.0061239819042384624,0.5704653263092041,0.2680133581161499,-0.023720674216747284,0.5923222899436951,0.2165520042181015,0.000550746510270983,0.6000548601150513,0.2183220386505127,0.005106267519295216,0.6127426624298096,0.18723204731941223,0.029251478612422943,0.5710645914077759,0.22315512597560883,-0.005061442032456398,0.5801966190338135,0.226903036236763,0.0049356017261743546,0.5910473465919495,0.31767043471336365,0.0014136999379843473,0.6206846237182617,0.312278151512146,0.048149559646844864,0.5771577954292297,0.2861810326576233,-0.010618268512189388,0.5737035870552063,0.2885536551475525,-0.011963670141994953,0.5851520299911499,0.3290728032588959,2.0602959921234287e-05,0.5834951996803284,0.3296075165271759,-0.0017684022895991802,0.6032282114028931,0.2130836546421051,0.008301257155835629,0.5807066559791565,0.2845296561717987,-0.009475835599005222,0.582719087600708,0.21748435497283936,-0.0027593544218689203,0.583441436290741,0.21113140881061554,-0.0032972602639347315,0.5909541249275208,0.17175054550170898,0.008724750950932503,0.6091749668121338,0.19785630702972412,0.016985096037387848,0.5882948040962219,0.18855296075344086,0.0019685684237629175,0.6103821396827698,0.21826092898845673,0.015373713336884975,0.6154076457023621,0.20796045660972595,0.02612844482064247,0.5713139772415161,0.3273526728153229,-0.012959426268935204,0.5764256119728088,0.32788679003715515,-0.01020046230405569,0.5797680616378784,0.3285437524318695,-0.007410981692373753,0.5760440230369568,0.28738105297088623,-0.00994245894253254,0.5842248797416687,0.32949939370155334,-0.000984981539659202,0.5821409225463867,0.33208033442497253,-0.004423615988343954,0.5829151272773743,0.32945773005485535,-0.0019626724533736706,0.575556755065918,0.28495079278945923,-0.017665602266788483,0.5781080722808838,0.3322494626045227,-0.0054710679687559605,0.5749712586402893,0.33332881331443787,-0.007071089930832386,0.5709751844406128,0.3343425989151001,-0.008609500713646412,0.5732167363166809,0.3367469906806946,-0.0066561284475028515,0.5722025632858276,0.34657055139541626,-0.01044386439025402,0.571756899356842,0.34234899282455444,-0.010620392858982086,0.5713102221488953,0.3379432260990143,-0.00905931368470192,0.5707922577857971,0.3344401717185974,-0.008838868699967861,0.5779948830604553,0.3318122625350952,-0.005692049395292997,0.5789964199066162,0.333173543214798,-0.006334453355520964,0.5800177454948425,0.3350270688533783,-0.007420669309794903,0.5809648036956787,0.3369322419166565,-0.006863175891339779,0.5864464044570923,0.3046018183231354,-0.005389937199652195,0.6255191564559937,0.2706182897090912,0.058329615741968155,0.5801030397415161,0.33072707056999207,-0.003795457072556019,0.5811360478401184,0.33142372965812683,-0.004312393255531788,0.5723896622657776,0.2915060222148895,-0.01228950172662735,0.5791977047920227,0.28884872794151306,-0.006353906821459532,0.5730459094047546,0.2901127338409424,-0.012246061116456985,0.5842844247817993,0.2597467005252838,9.147051605395973e-05,0.5934160947799683,0.26423633098602295,0.0018308478174731135,0.5813977718353271,0.280231237411499,-0.007694827858358622,0.6040293574333191,0.17745453119277954,0.0184367373585701,0.6006104946136475,0.19112920761108398,0.009164692834019661,0.5941157937049866,0.21011754870414734,0.0021842187270522118,0.5839720964431763,0.32846367359161377,-0.0036768047139048576,0.5721626281738281,0.21327097713947296,-0.006529811304062605,0.5757485628128052,0.18865114450454712,-0.002502348506823182,0.5770549178123474,0.16946011781692505,0.0024521148297935724,0.5974660515785217,0.24069705605506897,0.009877323172986507,0.6120083332061768,0.24746190011501312,0.017529768869280815,0.5766832232475281,0.23911777138710022,0.005878806579858065,0.6048755645751953,0.22999078035354614,0.01271403580904007,0.5752050280570984,0.2508697211742401,-0.003783973166719079,0.5784234404563904,0.27984315156936646,-0.017254987731575966,0.6204277276992798,0.251565545797348,0.023256540298461914,0.6075380444526672,0.25294405221939087,0.012503338977694511,0.6002684235572815,0.2562139630317688,0.007148404140025377,0.5901839137077332,0.25569942593574524,0.004274827893823385,0.5829877257347107,0.2530408501625061,0.0028121036011725664,0.5777935981750488,0.2500772178173065,0.001246586674824357,0.5686106085777283,0.24148042500019073,-0.009273790754377842,0.6199681758880615,0.26868563890457153,0.021155068650841713,0.6100299954414368,0.22886011004447937,0.015497020445764065,0.5693615674972534,0.2893940210342407,-0.023539869114756584,0.5787253379821777,0.26406973600387573,-0.0041134292259812355,0.6251935362815857,0.23338699340820312,0.05666407570242882,0.5737457275390625,0.2466932088136673,0.00042980501893907785,0.5815861225128174,0.2802511751651764,-0.002775738248601556,0.6019262075424194,0.23377130925655365,0.014108953066170216,0.5780242085456848,0.27424299716949463,-0.015223180875182152,0.624308705329895,0.2910078465938568,0.05472179874777794,0.5771531462669373,0.2366533875465393,0.007403606083244085,0.5744315981864929,0.27024850249290466,-0.020433783531188965,0.609607994556427,0.3318013846874237,0.019279299303889275,0.6097463369369507,0.34128597378730774,0.027993671596050262,0.6259294748306274,0.2700797915458679,0.039707381278276443,0.6161598563194275,0.320887953042984,0.02657204680144787,0.6201165914535522,0.21997737884521484,0.03397611901164055,0.5878048539161682,0.3572099208831787,0.0020516193471848965,0.5685340166091919,0.2906233072280884,-0.017070453613996506,0.5834106206893921,0.26929402351379395,-0.0020719682797789574,0.6183018684387207,0.2384512722492218,0.02571466751396656,0.5916689038276672,0.23760972917079926,0.007997311651706696,0.5874344706535339,0.23815234005451202,0.006447720341384411,0.5832333564758301,0.33284586668014526,-0.0035908538848161697,0.6192545890808105,0.2851182520389557,0.02186848595738411,0.5789332389831543,0.36962494254112244,0.002485969802364707,0.5947290658950806,0.35875046253204346,0.013418824411928654,0.60190749168396,0.35172513127326965,0.01970125548541546,0.5836241841316223,0.23786324262619019,0.005938257556408644,0.5801125764846802,0.23709559440612793,0.006430421024560928,0.5780056118965149,0.23683638870716095,0.007362799718976021,0.6149490475654602,0.2264416664838791,0.02113998308777809,0.5813687443733215,0.2318660318851471,0.00599081814289093,0.5854694247245789,0.22997280955314636,0.005407608579844236,0.5895174145698547,0.2295215129852295,0.005935440771281719,0.5935732126235962,0.2302708625793457,0.007373437751084566,0.5962437987327576,0.23160484433174133,0.009133233688771725,0.6227625012397766,0.21453650295734406,0.04930344969034195,0.5947510600090027,0.23657795786857605,0.009859228506684303,0.5821587443351746,0.3001531660556793,-0.007650374434888363,0.5773767828941345,0.2853427231311798,-0.012535816989839077,0.573286771774292,0.2978326678276062,-0.012215306051075459,0.6023529171943665,0.34206074476242065,0.013408606871962547,0.5953055620193481,0.3497841954231262,0.007967007346451283,0.5788683295249939,0.3627932071685791,-0.0033970484510064125,0.6155999898910522,0.32914477586746216,0.03839588910341263,0.5785125494003296,0.23469063639640808,0.006813045125454664,0.5724523663520813,0.25425222516059875,-0.010962906293570995,0.587380051612854,0.3648301959037781,0.007107910700142384,0.6245458722114563,0.28850045800209045,0.03785821050405502,0.5748979449272156,0.3331395983695984,-0.007287079934030771,0.5758779644966125,0.33563774824142456,-0.007780717685818672,0.5765836834907532,0.3385768532752991,-0.009159897454082966,0.5772833824157715,0.3420160412788391,-0.009019983932375908,0.579258382320404,0.3331413269042969,-0.005904813297092915,0.5811958909034729,0.3304450213909149,-0.004031857941299677,0.5824099779129028,0.32906824350357056,-0.003959082067012787,0.5834843516349792,0.3273863196372986,-0.0036971336230635643,0.5896648168563843,0.3106435537338257,-0.0019917506724596024,0.6115478277206421,0.2895165681838989,0.011019419878721237,0.571757435798645,0.24564433097839355,-0.006170702166855335,0.5729401707649231,0.23213694989681244,0.0034658294171094894,0.5762386322021484,0.23234441876411438,0.00578799145296216,0.5802791714668274,0.3308965563774109,-0.0035813292488455772,0.6126600503921509,0.3089691996574402,0.017626410350203514,0.5682231783866882,0.233168825507164,-0.003564927726984024,0.5822616219520569,0.3403523862361908,-0.003172974567860365,0.5691240429878235,0.2506018579006195,-0.014587178826332092,0.5761235356330872,0.2667921483516693,-0.010846365243196487,0.5748262405395508,0.3445785939693451,-0.005649610422551632,0.593639075756073,0.3269364833831787,0.0026923713739961386,0.5864225029945374,0.2858029007911682,-0.0017835379112511873,0.5884999632835388,0.33445292711257935,-0.000409697531722486,0.5992053151130676,0.2834625244140625,0.0009179413318634033,0.591711699962616,0.2934011220932007,-0.0015873623779043555,0.6039125323295593,0.29603007435798645,0.004611198790371418,0.5770946145057678,0.35388728976249695,-0.005562970880419016,0.5787204504013062,0.270769864320755,-0.007098167669028044,0.5992792844772339,0.33280038833618164,0.007824301719665527,0.5925218462944031,0.34116289019584656,0.003984782379120588,0.5976383686065674,0.3177754878997803,0.004420905839651823,0.6180328130722046,0.29910534620285034,0.022860977798700333,0.605564296245575,0.31824028491973877,0.009934727102518082,0.6217254996299744,0.30549371242523193,0.034496963024139404,0.5957112908363342,0.30371010303497314,0.000660018646158278,0.5754559636116028,0.25904014706611633,-0.0072815557941794395,0.5770708918571472,0.28362342715263367,-0.018526539206504822,0.579428493976593,0.28448882699012756,-0.012980230152606964,0.575283408164978,0.27877363562583923,-0.022339818999171257,0.5761483311653137,0.22628232836723328,0.0023430336732417345,0.5837380290031433,0.22220498323440552,0.0017657325370237231,0.5906742215156555,0.22125700116157532,0.002450458472594619,0.5969297289848328,0.2222844362258911,0.004915086552500725,0.6016153693199158,0.2252139151096344,0.008315120823681355,0.6065272688865662,0.23570793867111206,0.016243789345026016,0.6261497735977173,0.2523966133594513,0.0395483523607254,0.6020408868789673,0.2458227276802063,0.011677783913910389,0.5964891314506531,0.24827033281326294,0.008122439496219158,0.5893917679786682,0.24856624007225037,0.005584998521953821,0.5830059051513672,0.2471899539232254,0.0043455674313008785,0.5783208608627319,0.24516651034355164,0.0038727193605154753,0.5750811100006104,0.24314890801906586,0.0034803140442818403,0.6254929304122925,0.2517838776111603,0.059327881783246994,0.5790503025054932,0.2860610783100128,-0.010571579448878765,0.5730195641517639,0.26207107305526733,-0.014973027631640434,0.5742776393890381,0.2845098078250885,-0.02297956869006157,0.5718339085578918,0.28794553875923157,-0.02136860601603985,0.5740761160850525,0.28565993905067444,-0.020514873787760735,0.5777568817138672,0.2880880832672119,-0.009170704521238804,0.5709406137466431,0.2887945771217346,-0.02278866618871689,0.5702010989189148,0.2900470197200775,-0.016978444531559944,0.5752075910568237,0.2370944321155548,0.006469898857176304,0.572532057762146,0.2394692599773407,0.002888322342187166,0.5706771016120911,0.2414061576128006,-0.0010892244754359126,0.5979536771774292,0.232708141207695,0.010882711037993431,0.601325273513794,0.23010116815567017,0.011206562630832195,0.5325639843940735,0.23803646862506866,0.0033700556959956884,0.5376416444778442,0.23780442774295807,0.0033700556959956884,0.5320267081260681,0.2318791300058365,0.0033700556959956884,0.5273460745811462,0.23824970424175262,0.0033700556959956884,0.5330281257629395,0.24416817724704742,0.0033700556959956884,0.5861315727233887,0.23011890053749084,0.007973725907504559,0.5912719964981079,0.22967451810836792,0.007973725907504559,0.585867166519165,0.2237112671136856,0.007973725907504559,0.5810669660568237,0.23041483759880066,0.007973725907504559,0.58634352684021,0.23639653623104095,0.007973725907504559
1966.666666666665,0.5603064298629761,0.31743288040161133,-0.016352970153093338,0.5622610449790955,0.29573574662208557,-0.02900516986846924,0.5622450113296509,0.30465084314346313,-0.015514226630330086,0.5568506121635437,0.27087488770484924,-0.021325450390577316,0.5621007680892944,0.2876507043838501,-0.030657479539513588,0.5617642998695374,0.2776491940021515,-0.0282857958227396,0.5608342289924622,0.2524203956127167,-0.013677462935447693,0.5202560424804688,0.2606428861618042,0.007642313372343779,0.560339629650116,0.233354389667511,-0.009910696186125278,0.5601385235786438,0.2227851152420044,-0.010639356449246407,0.5579532384872437,0.1812618225812912,-0.002897531259804964,0.5604164600372314,0.3200596868991852,-0.015843885019421577,0.5607057213783264,0.32303279638290405,-0.014132633805274963,0.5610479712486267,0.3250659704208374,-0.011372501030564308,0.5627955198287964,0.348174124956131,-0.008515889756381512,0.5629107356071472,0.35186368227005005,-0.008836949244141579,0.5631136298179626,0.3565617501735687,-0.009566837921738625,0.5634499192237854,0.3612951636314392,-0.008009931072592735,0.5642337203025818,0.3646649718284607,-0.0021893458906561136,0.5622548460960388,0.30031031370162964,-0.026351161301136017,0.5569629073143005,0.3012816905975342,-0.01892675831913948,0.4960559606552124,0.22248731553554535,0.033981192857027054,0.5370611548423767,0.2633219063282013,0.0020465347915887833,0.531713604927063,0.26489371061325073,0.002354666590690613,0.5261731147766113,0.26531949639320374,0.0038149175234138966,0.5179212689399719,0.26274922490119934,0.008168648928403854,0.5412651300430298,0.2606872618198395,0.002474339446052909,0.5279949307441711,0.24263142049312592,0.00055875931866467,0.5340907573699951,0.2430376559495926,0.0005757158505730331,0.5220872759819031,0.24433650076389313,0.0021775024943053722,0.518175482749939,0.2479907125234604,0.004276679828763008,0.5138285160064697,0.2669004499912262,0.010334871709346771,0.5442282557487488,0.3745180368423462,0.0030811959877610207,0.5179048776626587,0.25927799940109253,0.009274941869080067,0.4953879714012146,0.25921690464019775,0.03418361023068428,0.5070552825927734,0.26196593046188354,0.015788594260811806,0.5345077514648438,0.2936483919620514,-0.0035012990701943636,0.5532078742980957,0.3173042833805084,-0.0152809489518404,0.5546351671218872,0.3241250514984131,-0.013149738311767578,0.5468090772628784,0.32262617349624634,-0.012090859934687614,0.5432472825050354,0.3285723626613617,-0.008167345076799393,0.5498040914535522,0.32702702283859253,-0.010958805680274963,0.5465443134307861,0.33087393641471863,-0.00728538166731596,0.5393610000610352,0.34926173090934753,0.0009112826664932072,0.5577369332313538,0.2961288094520569,-0.028468193486332893,0.5567991733551025,0.28853100538253784,-0.029957719147205353,0.5097399950027466,0.23999446630477905,0.005409136414527893,0.5447379350662231,0.2717819809913635,-0.0041839913465082645,0.5450760126113892,0.2964654862880707,-0.014865188859403133,0.5443792343139648,0.29232659935951233,-0.013160941191017628,0.5180976390838623,0.29467493295669556,0.0023106017615646124,0.5567373037338257,0.27905523777008057,-0.02657204307615757,0.5228943228721619,0.22954854369163513,-0.004029319155961275,0.5151077508926392,0.2334108054637909,0.00010334085527574643,0.502718985080719,0.20832760632038116,0.024001745507121086,0.5476433038711548,0.23343029618263245,-0.00840061530470848,0.5393736958503723,0.24565424025058746,0.002225585049018264,0.5354791879653931,0.3407355546951294,0.0016650708857923746,0.5051671862602234,0.3370927572250366,0.045948661863803864,0.5492837429046631,0.30069607496261597,-0.012724793516099453,0.5534170269966125,0.30272310972213745,-0.013782529160380363,0.5410971641540527,0.34086814522743225,0.0006601949571631849,0.54277503490448,0.34043312072753906,-0.0008742727222852409,0.5115806460380554,0.2287967950105667,0.0030924100428819656,0.5449137687683105,0.300351083278656,-0.011994974687695503,0.533268392086029,0.2288772463798523,-0.006732295732945204,0.531899094581604,0.22283980250358582,-0.007540724705904722,0.5261354446411133,0.18855948746204376,0.004042135085910559,0.5089346170425415,0.21842625737190247,0.01185116171836853,0.5313428044319153,0.20528244972229004,-0.0024526729248464108,0.5057982802391052,0.2372516542673111,0.010248436592519283,0.5019819736480713,0.22958865761756897,0.02119859866797924,0.5536669492721558,0.32085955142974854,-0.01485935878008604,0.5482053756713867,0.325069785118103,-0.011822842992842197,0.5447726845741272,0.32985833287239075,-0.00821185577660799,0.5505468845367432,0.3021775782108307,-0.01201530359685421,0.5419279932975769,0.34070128202438354,-0.0001817951851990074,0.5438074469566345,0.3452799916267395,-0.0026354717556387186,0.5435332655906677,0.34014537930488586,-0.0010000348556786776,0.5516957640647888,0.29741132259368896,-0.02038143016397953,0.5480209589004517,0.33116480708122253,-0.006316439714282751,0.5511924624443054,0.327955961227417,-0.00871237087994814,0.5556322932243347,0.3259153962135315,-0.010617101565003395,0.5568395256996155,0.3645878732204437,-0.002120238495990634,0.5558890104293823,0.3608810305595398,-0.00770915299654007,0.5560287237167358,0.3562276065349579,-0.008847059682011604,0.5564702749252319,0.3514730930328369,-0.008036653511226177,0.5571091771125793,0.34811508655548096,-0.007757797837257385,0.5491677522659302,0.3455975353717804,-0.0042480407282710075,0.5479169487953186,0.347099244594574,-0.004688837565481663,0.5463931560516357,0.34935638308525085,-0.0053366487845778465,0.5452495813369751,0.3518095314502716,-0.004447104409337044,0.5406151413917542,0.32353508472442627,-0.006346041336655617,0.4945020079612732,0.2958182096481323,0.05460015684366226,0.562218189239502,0.30240389704704285,-0.019327612593770027,0.5466096997261047,0.3435608148574829,-0.0022315357346087694,0.5451573729515076,0.3443024158477783,-0.0026099327951669693,0.5550901293754578,0.30558183789253235,-0.013976515270769596,0.5467104315757751,0.3051674962043762,-0.008253543637692928,0.5542684197425842,0.30416664481163025,-0.014036508277058601,0.5390598177909851,0.277081161737442,-0.0026028279680758715,0.5303693413734436,0.2836398482322693,-0.0014419155195355415,0.5435808300971985,0.29623958468437195,-0.01018122211098671,0.5124927163124084,0.1968773454427719,0.013304690830409527,0.5185972452163696,0.21030834317207336,0.004236995708197355,0.5203670263290405,0.22399479150772095,-0.002513224957510829,0.543751060962677,0.35518863797187805,-0.0007765727350488305,0.5453420281410217,0.2234339714050293,-0.010219404473900795,0.5442124605178833,0.20280826091766357,-0.006272217724472284,0.5405426025390625,0.18381504714488983,-0.001339833252131939,0.5210970640182495,0.26479825377464294,0.006120938807725906,0.508441686630249,0.2720972001552582,0.013215798884630203,0.5438645482063293,0.2582896053791046,0.0033797407522797585,0.5124000906944275,0.25165143609046936,0.008409821428358555,0.5485538840293884,0.2661548852920532,-0.0061136456206440926,0.5481345057487488,0.292816162109375,-0.020134588703513145,0.5018940567970276,0.2751273810863495,0.018759585916996002,0.5126805305480957,0.2764623165130615,0.008383396081626415,0.5203559398651123,0.2779378592967987,0.0034438001457601786,0.531231701374054,0.2755088210105896,0.0009754257625900209,0.5388923287391663,0.2716794013977051,6.628489791182801e-05,0.544542133808136,0.2676590383052826,-0.0011677637230604887,0.5555832386016846,0.25482377409935,-0.011629755608737469,0.5039968490600586,0.2925850450992584,0.016919352114200592,0.5077661275863647,0.2505742907524109,0.011038593016564846,0.5596078634262085,0.30044880509376526,-0.025998540222644806,0.5453776121139526,0.27974456548690796,-0.006393251474946737,0.49131128191947937,0.2579215466976166,0.051990579813718796,0.5487498641014099,0.263264536857605,-0.0018966334173455834,0.5428795218467712,0.29689455032348633,-0.004866046831011772,0.5153760313987732,0.25846174359321594,0.01002456620335579,0.5475956797599792,0.287739634513855,-0.018033068627119064,0.4986400604248047,0.315999835729599,0.051666803658008575,0.5434719920158386,0.25632160902023315,0.004902745131403208,0.5520749688148499,0.2824811339378357,-0.023326298221945763,0.5205979943275452,0.35673680901527405,0.019993901252746582,0.5203001499176025,0.3660942018032074,0.028000809252262115,0.49742162227630615,0.29474061727523804,0.03604140132665634,0.5132471919059753,0.34558072686195374,0.02599560096859932,0.4979795813560486,0.2428797334432602,0.029386933892965317,0.5429551005363464,0.3829032778739929,0.005949709098786116,0.5600252151489258,0.3023984432220459,-0.018940066918730736,0.5407448410987854,0.2863866686820984,-0.004457088652998209,0.5023409724235535,0.26377204060554504,0.021193495020270348,0.5264559388160706,0.26162293553352356,0.004424042999744415,0.5313742756843567,0.261182963848114,0.0030968119390308857,0.5426329374313354,0.3463854491710663,-0.0018484186148270965,0.5065433979034424,0.3090784251689911,0.018448561429977417,0.552996039390564,0.3942677676677704,0.006454909220337868,0.5359802842140198,0.38408026099205017,0.015882641077041626,0.5288337469100952,0.37680235505104065,0.02114647440612316,0.5590921640396118,0.20132842659950256,-0.007508726324886084,0.5649728178977966,0.3948196768760681,0.00502712232992053,0.5357354879379272,0.2599344253540039,0.0028350953944027424,0.5395675301551819,0.2581455111503601,0.003529889974743128,0.5420883297920227,0.25701308250427246,0.004658087622374296,0.5033277273178101,0.24963125586509705,0.01643698662519455,0.5391138195991516,0.25482413172721863,0.003237457713112235,0.5346469879150391,0.2549940347671509,0.0022370312362909317,0.5301724672317505,0.25551533699035645,0.0025309536140412092,0.5253109335899353,0.25644057989120483,0.0037423446774482727,0.5218604207038879,0.25754934549331665,0.005359520670026541,0.49244290590286255,0.2380281239748001,0.04423961415886879,0.5229098796844482,0.2613281309604645,0.006121269892901182,0.5626503825187683,0.3114270567893982,-0.014346107840538025,0.5451746582984924,0.3175588846206665,-0.008987932465970516,0.5492361187934875,0.2992092967033386,-0.014929655008018017,0.5551456809043884,0.31299716234207153,-0.013618736527860165,0.5605111122131348,0.24283555150032043,-0.00961638055741787,0.5279199481010437,0.36725151538848877,0.01555511262267828,0.5349597930908203,0.3752041757106781,0.011042578145861626,0.5530393719673157,0.38809651136398315,0.0014528317842632532,0.512817919254303,0.35396498441696167,0.037243470549583435,0.5420629978179932,0.25553733110427856,0.004197884816676378,0.5525376796722412,0.2680012881755829,-0.013344323262572289,0.5649118423461914,0.3887535035610199,0.00034918831079266965,0.5438151955604553,0.39027395844459534,0.010248164646327496,0.5006664991378784,0.31306082010269165,0.03507685288786888,0.5526294708251953,0.3471936583518982,-0.006132528185844421,0.5514728426933289,0.34972360730171204,-0.0065268781036138535,0.5503727197647095,0.3533836603164673,-0.007153707556426525,0.549713134765625,0.3574979305267334,-0.00632718438282609,0.5493990182876587,0.36077165603637695,-0.0021884110756218433,0.5442381501197815,0.33530527353286743,-0.003906965721398592,0.5426515340805054,0.33504414558410645,-0.003928506746888161,0.5412995219230652,0.33436405658721924,-0.003863779129460454,0.5374380946159363,0.33153578639030457,-0.002540719462558627,0.5152236223220825,0.3128916621208191,0.008016541600227356,0.552115797996521,0.2599231004714966,-0.008449925109744072,0.5478709936141968,0.24894803762435913,0.0013362406753003597,0.5442891120910645,0.2509855329990387,0.0032170990016311407,0.545605480670929,0.3350365161895752,-0.003426581621170044,0.5159294009208679,0.3333924114704132,0.01619141362607479,0.5536026358604431,0.24742040038108826,-0.005797725636512041,0.5466765761375427,0.3669711947441101,0.0010054237209260464,0.561503529548645,0.26921769976615906,-0.023172074928879738,0.5562230348587036,0.2633344233036041,-0.01693534106016159,0.561230480670929,0.2611575126647949,-0.018204588443040848,0.5489615797996521,0.28089794516563416,-0.01328316517174244,0.564785361289978,0.3805304169654846,-0.002089589601382613,0.5644919276237488,0.3716633915901184,-0.0018115842249244452,0.5553738474845886,0.37140408158302307,-0.0009268111898563802,0.5340576767921448,0.35183852910995483,0.004303341265767813,0.5386913418769836,0.3041476607322693,-0.0035162304993718863,0.5396446585655212,0.360450804233551,0.0028175637125968933,0.5269371867179871,0.3046117126941681,-0.0015006273752078414,0.534720778465271,0.31339943408966064,-0.00283013004809618,0.5236473083496094,0.31879132986068726,0.0026656335685402155,0.5539090633392334,0.37999242544174194,-0.00086512032430619,0.545681893825531,0.2859349548816681,-0.009474305436015129,0.5296836495399475,0.35808104276657104,0.00942982081323862,0.5366135239601135,0.36680489778518677,0.006996673531830311,0.5299239754676819,0.3413271903991699,0.004389631096273661,0.5094354152679443,0.32318830490112305,0.020441148430109024,0.5231919288635254,0.3427731394767761,0.009640329517424107,0.5056048631668091,0.3299720585346222,0.03271005302667618,0.5316967368125916,0.3253890872001648,-0.00034297513775527477,0.5490304231643677,0.27373695373535156,-0.009619596414268017,0.5499719977378845,0.296140193939209,-0.021392308175563812,0.5469111204147339,0.2988716661930084,-0.01555517129600048,0.5521256923675537,0.2902315855026245,-0.025252247229218483,0.5430075526237488,0.24164801836013794,-0.0002179808507207781,0.5339221954345703,0.23745226860046387,-0.001576598035171628,0.5260730385780334,0.2372637391090393,-0.0015764458803460002,0.5193858742713928,0.23966403305530548,0.0005892274784855545,0.5146146416664124,0.24439100921154022,0.003919037990272045,0.5118386745452881,0.2599007785320282,0.011951195076107979,0.4955519437789917,0.2768600583076477,0.0352872759103775,0.5171594023704529,0.2695581912994385,0.007744050584733486,0.5234317779541016,0.27065107226371765,0.004471156746149063,0.5310624241828918,0.2697416841983795,0.002312539843842387,0.5379749536514282,0.2671782374382019,0.0016134795732796192,0.5431050062179565,0.264003723859787,0.001333278021775186,0.5466225147247314,0.26111528277397156,0.0011818957282230258,0.49246835708618164,0.27675408124923706,0.05521216616034508,0.5470484495162964,0.3012625277042389,-0.012967069633305073,0.5526973605155945,0.2750644087791443,-0.017553012818098068,0.5538263916969299,0.2957976758480072,-0.02577739767730236,0.5567226409912109,0.2997939884662628,-0.023778388276696205,0.5539045929908752,0.297494500875473,-0.023150941357016563,0.5484698414802551,0.3037005066871643,-0.011224663816392422,0.5578823685646057,0.30023688077926636,-0.025244034826755524,0.5582495331764221,0.3022502362728119,-0.01892540231347084,0.545701801776886,0.2555992007255554,0.004089828114956617,0.5492612719535828,0.25665006041526794,0.0007251026690937579,0.5517051219940186,0.25725534558296204,-0.003306630067527294,0.5196296572685242,0.2584678530693054,0.006993436720222235,0.5154831409454346,0.2525901198387146,0.007258365862071514,0.566376268863678,0.26987847685813904,-0.021414006128907204,0.6004353761672974,0.24572494626045227,0.007351721171289682,0.5673044323921204,0.3001362979412079,-0.019068820402026176,0.6211093664169312,0.21132662892341614,0.03240104764699936,0.585659921169281,0.2529439628124237,0.0020072769839316607,0.5907355546951294,0.2533624768257141,0.0022649706806987524,0.5958503484725952,0.25298529863357544,0.00354167097248137,0.6030006408691406,0.2481086254119873,0.007878787815570831,0.5814055800437927,0.2514643669128418,0.0025479034520685673,0.5928969979286194,0.22926940023899078,5.0359860324533656e-05,0.5868918895721436,0.2304675132036209,0.00019682383572217077,0.5986703038215637,0.23055128753185272,0.0015488166827708483,0.6025168299674988,0.2338113784790039,0.003666193224489689,0.6078718304634094,0.2529556453227997,0.010393675416707993,0.5857053995132446,0.36994630098342896,0.00300543662160635,0.6026261448860168,0.24327361583709717,0.008965574204921722,0.6241568326950073,0.24687165021896362,0.0341649167239666,0.6144231557846069,0.24623103439807892,0.015696793794631958,0.5900678634643555,0.28817933797836304,-0.0037137335166335106,0.5675703883171082,0.3158312737941742,-0.0156480073928833,0.5672317743301392,0.32284122705459595,-0.01349530927836895,0.575298011302948,0.3199431896209717,-0.012698283419013023,0.580194354057312,0.32513853907585144,-0.008765735663473606,0.5730138421058655,0.324849396944046,-0.011543217115104198,0.5773804187774658,0.32816314697265625,-0.007872086018323898,0.5888491868972778,0.3441542983055115,0.0005425482522696257,0.566724956035614,0.29523417353630066,-0.028570838272571564,0.5675035119056702,0.28746670484542847,-0.030032068490982056,0.6099516749382019,0.22615908086299896,0.004983249586075544,0.5783870816230774,0.26847195625305176,-0.004514566622674465,0.5790738463401794,0.2930750250816345,-0.015368739143013954,0.5794867873191833,0.28891560435295105,-0.013676576316356659,0.6064521670341492,0.2862084209918976,0.0026402531657367945,0.5668672323226929,0.278020977973938,-0.02663213200867176,0.5962974429130554,0.2175748348236084,-0.003918359987437725,0.6041437387466431,0.22044309973716736,-6.249026682780823e-07,0.6152595281600952,0.19751347601413727,0.02243349328637123,0.5722063779830933,0.22584083676338196,-0.008151317946612835,0.5818882584571838,0.23447173833847046,0.0018538867589086294,0.5923546552658081,0.33495697379112244,0.001454958925023675,0.6178390383720398,0.32544150948524475,0.04508702829480171,0.5747760534286499,0.2980898916721344,-0.013474011793732643,0.5706258416175842,0.30077219009399414,-0.014113912358880043,0.5853014588356018,0.3370094299316406,0.00039663168718107045,0.5836446285247803,0.3369442820549011,-0.001185961882583797,0.6072007417678833,0.21506859362125397,0.0027417780365794897,0.5789938569068909,0.2968646287918091,-0.012485386803746223,0.5859707593917847,0.21841979026794434,-0.0068323747254908085,0.586548924446106,0.21212716400623322,-0.007754054851830006,0.5913085341453552,0.18133544921875,0.003351429011672735,0.6118152737617493,0.2067866325378418,0.01126231998205185,0.5883864164352417,0.19760724902153015,-0.002859831554815173,0.613591194152832,0.2221645563840866,0.009718470275402069,0.617979109287262,0.21765659749507904,0.020643258467316628,0.5675386190414429,0.3194097876548767,-0.015218622982501984,0.5741724371910095,0.32261574268341064,-0.012394066900014877,0.5788582563400269,0.3267475962638855,-0.00880888570100069,0.573438286781311,0.2997085452079773,-0.012335699051618576,0.5844593644142151,0.337019145488739,-0.000500810390803963,0.5828118920326233,0.3417786657810211,-0.0030802132096141577,0.5828531384468079,0.3368329405784607,-0.001340250950306654,0.5724700689315796,0.2953747510910034,-0.02073017507791519,0.5761996507644653,0.3288136124610901,-0.006852265913039446,0.5720042586326599,0.326079785823822,-0.009238208644092083,0.5669049620628357,0.3248059153556824,-0.010977017693221569,0.5723186731338501,0.36302825808525085,-0.0023558337707072496,0.5711780786514282,0.3593902587890625,-0.008099992759525776,0.5704160928726196,0.35482439398765564,-0.009297248907387257,0.5695326924324036,0.35019969940185547,-0.008475725539028645,0.5687241554260254,0.3470015227794647,-0.008123578503727913,0.5773220658302307,0.3431839048862457,-0.004741079173982143,0.5786200165748596,0.3443194627761841,-0.005256674252450466,0.5803107619285583,0.3461916148662567,-0.005789109040051699,0.5817075371742249,0.3483363389968872,-0.004782344680279493,0.5860113501548767,0.31901541352272034,-0.0069018639624118805,0.6242606043815613,0.2831725478172302,0.054136522114276886,0.5800196528434753,0.34077808260917664,-0.00264753052033484,0.5814087986946106,0.34112560749053955,-0.0030800525564700365,0.569213330745697,0.30406054854393005,-0.014176595024764538,0.5772073864936829,0.3019642233848572,-0.008574528619647026,0.5698601603507996,0.3024732172489166,-0.014333777129650116,0.5842492580413818,0.27268022298812866,-0.002702862024307251,0.5935511589050293,0.27747565507888794,-0.0012493975227698684,0.5803326368331909,0.29260435700416565,-0.010707909241318703,0.6057487726211548,0.18716371059417725,0.01205829530954361,0.6024122834205627,0.19969499111175537,0.003669760888442397,0.5981156229972839,0.2113516926765442,-0.0028057468589395285,0.5848574638366699,0.35076677799224854,-0.0010805843630805612,0.5733153820037842,0.21502900123596191,-0.01001880131661892,0.5745044350624084,0.19879503548145294,-0.0065051899291574955,0.5758295655250549,0.1797451376914978,-0.001721654669381678,0.6003404259681702,0.2512999176979065,0.005698374006897211,0.6140921115875244,0.25816619396209717,0.01322838757187128,0.5785844326019287,0.24985547363758087,0.0033757661003619432,0.6081170439720154,0.2369711697101593,0.008118732832372189,0.5743845701217651,0.2635120153427124,-0.006337322294712067,0.576052188873291,0.2901053726673126,-0.020537158474326134,0.6206273436546326,0.26364970207214355,0.018904605880379677,0.6100255250930786,0.2645198106765747,0.008341073989868164,0.6026861667633057,0.2682356834411621,0.0034879103768616915,0.5920603275299072,0.26739609241485596,0.0011446293210610747,0.5844700336456299,0.26440104842185974,0.00011032244947273284,0.5788062810897827,0.2612285912036896,-0.0013934194575995207,0.5664355158805847,0.2535701096057892,-0.011625709943473339,0.6194406151771545,0.2815002202987671,0.017076538875699043,0.6126887202262878,0.23524993658065796,0.01039701048284769,0.5650648474693298,0.299831360578537,-0.02607264555990696,0.5780336856842041,0.2765994966030121,-0.00683912169188261,0.6250988245010376,0.24556128680706024,0.051376283168792725,0.5743669271469116,0.2574816346168518,-0.0019591867458075285,0.5807780623435974,0.2931841313838959,-0.005103861913084984,0.6052535176277161,0.24299949407577515,0.009909573942422867,0.5762305855751038,0.2850203514099121,-0.01842474564909935,0.6219308376312256,0.3035179376602173,0.05093332380056381,0.5787374377250671,0.24709133803844452,0.004871526267379522,0.5718448162078857,0.2805298864841461,-0.023537317290902138,0.607435405254364,0.3479543924331665,0.019917748868465424,0.607399582862854,0.35675564408302307,0.027489719912409782,0.6240257024765015,0.2823733687400818,0.03597043827176094,0.6130795478820801,0.3355562388896942,0.025765860453248024,0.6211320757865906,0.2310638427734375,0.028881600126624107,0.5870927572250366,0.3777770698070526,0.005825636442750692,0.5643451809883118,0.3019234538078308,-0.018976420164108276,0.5830135345458984,0.2822333574295044,-0.0048499945551157,0.6197748184204102,0.24714569747447968,0.021008774638175964,0.5950216054916382,0.2484743446111679,0.0043503036722540855,0.5906497240066528,0.24901935458183289,0.003049071179702878,0.5841284394264221,0.34257686138153076,-0.002276327693834901,0.6176896095275879,0.2983483672142029,0.018462706357240677,0.5773274302482605,0.3915003538131714,0.006215029861778021,0.5940923094749451,0.3771674335002899,0.015346849337220192,0.6006307601928711,0.36867621541023254,0.020642025396227837,0.5864951014518738,0.24865061044692993,0.002841547830030322,0.5826302170753479,0.24786271154880524,0.0036270248237997293,0.5800610184669495,0.24754340946674347,0.004727800376713276,0.6170768737792969,0.2329118698835373,0.015967123210430145,0.5831957459449768,0.24118322134017944,0.002849870827049017,0.5875875949859619,0.23857802152633667,0.0018568094819784164,0.5921191573143005,0.23797909915447235,0.0020063992124050856,0.5966453552246094,0.23890753090381622,0.00320481532253325,0.5995157361030579,0.24063719809055328,0.0049761137925088406,0.6239776611328125,0.22638699412345886,0.043150536715984344,0.5980949401855469,0.24725452065467834,0.005927667021751404,0.580769419670105,0.31408530473709106,-0.009494306519627571,0.5749024152755737,0.2966240644454956,-0.015340769663453102,0.5704516768455505,0.3115425109863281,-0.013943818397819996,0.6013529896736145,0.3595733046531677,0.015338183380663395,0.5945348739624023,0.3684466779232025,0.010827061720192432,0.577518880367279,0.3854789733886719,0.0013609611196443439,0.6127458214759827,0.34335434436798096,0.03604497015476227,0.5801476240158081,0.24484901130199432,0.004001961089670658,0.5706089735031128,0.26611432433128357,-0.013546599075198174,0.5865676999092102,0.38499560952186584,0.009863910265266895,0.6217857003211975,0.30105799436569214,0.03482341766357422,0.5735403895378113,0.34528636932373047,-0.006624036468565464,0.5748295783996582,0.3475136458873749,-0.007063508965075016,0.5762396454811096,0.35087183117866516,-0.007641858421266079,0.5774083733558655,0.3547394275665283,-0.006696846801787615,0.5795581340789795,0.3574410378932953,-0.002508928533643484,0.5809533596038818,0.3321495056152344,-0.004592937417328358,0.5823347568511963,0.33153417706489563,-0.004515861626714468,0.583583414554596,0.33059659600257874,-0.004391512833535671,0.5898704528808594,0.32625293731689453,-0.0029220960568636656,0.6101658940315247,0.3037548363208771,0.007986664772033691,0.5703144669532776,0.25795724987983704,-0.008624900132417679,0.5738248825073242,0.2408391535282135,0.0007653296925127506,0.5776588320732117,0.24172748625278473,0.0030243543442338705,0.5797914266586304,0.33225613832473755,-0.0038993607740849257,0.6108103394508362,0.3240642547607422,0.016013678163290024,0.5678841471672058,0.24111518263816833,-0.005994683597236872,0.5827837586402893,0.3629593253135681,0.000845773727633059,0.5664741396903992,0.2622036039829254,-0.01702743023633957,0.5748195052146912,0.2784768342971802,-0.013649224303662777,0.5742887258529663,0.36934858560562134,-0.0010135556804016232,0.5946387052536011,0.3458029627799988,0.004098994191735983,0.5858717560768127,0.2994978427886963,-0.004018841776996851,0.5894761085510254,0.35525330901145935,0.0026080140378326178,0.5985689759254456,0.2976229786872864,-0.0015235368628054857,0.5913527607917786,0.30784091353416443,-0.003264822531491518,0.6028761863708496,0.3110496699810028,0.0027067249175161123,0.5765113234519958,0.37763556838035583,-0.0009442788432352245,0.5779216885566711,0.28289392590522766,-0.009904751554131508,0.5995497107505798,0.3510781526565552,0.00926086027175188,0.5927613973617554,0.36078906059265137,0.006821359507739544,0.5982226133346558,0.33461448550224304,0.004191703628748655,0.6160043478012085,0.3127812445163727,0.020295489579439163,0.6048407554626465,0.3347601294517517,0.0094509432092309,0.6185402870178223,0.31871625781059265,0.03230758756399155,0.5954033136367798,0.31910431385040283,-0.0008133917581290007,0.5742815732955933,0.27126261591911316,-0.00994719099253416,0.5742066502571106,0.29380539059638977,-0.021760176867246628,0.5772876739501953,0.2958049178123474,-0.01604405976831913,0.572029709815979,0.288258820772171,-0.025771483778953552,0.577839732170105,0.23229637742042542,-0.0009160591289401054,0.5863761901855469,0.22628900408744812,-0.0019324294989928603,0.5941406488418579,0.22510071098804474,-0.0015266801929101348,0.6007030010223389,0.2268509566783905,0.0004886969109065831,0.6054460406303406,0.2306818664073944,0.0036655771546065807,0.609124481678009,0.24465321004390717,0.011898534372448921,0.6251323223114014,0.26439082622528076,0.03532371297478676,0.6047182679176331,0.2567364275455475,0.007701280526816845,0.5989649891853333,0.2595023214817047,0.0044593834318220615,0.5916551947593689,0.25968363881111145,0.0023035884369164705,0.5849934816360474,0.2581224739551544,0.0016046646051108837,0.5799117088317871,0.25599727034568787,0.0013376377755776048,0.5762587189674377,0.2538207471370697,0.0011807575356215239,0.6249881982803345,0.2641860544681549,0.05456948280334473,0.5769643783569336,0.2981555759906769,-0.013410734012722969,0.5708107352256775,0.2732529938220978,-0.017791451886296272,0.570509135723114,0.2941439747810364,-0.025922752916812897,0.5676918029785156,0.2986329197883606,-0.0238684993237257,0.5704279541969299,0.2958569824695587,-0.02335384674370289,0.5754789710044861,0.30080756545066833,-0.011609096080064774,0.5667238235473633,0.2992912232875824,-0.02531072497367859,0.5660846829414368,0.30135953426361084,-0.019019324332475662,0.576685905456543,0.24746547639369965,0.004048100207000971,0.5732404589653015,0.24965551495552063,0.0006588057731278241,0.5708314776420593,0.25152724981307983,-0.0033553913235664368,0.6012552380561829,0.24206438660621643,0.0067326370626688,0.6050270795822144,0.23769477009773254,0.006746366620063782,0.5333542823791504,0.2547064423561096,0.004673989024013281,0.5386661291122437,0.2535044550895691,0.004673989024013281,0.5323370099067688,0.24828661978244781,0.004673989024013281,0.5279750823974609,0.25579625368118286,0.004673989024013281,0.5343683958053589,0.26096731424331665,0.004673989024013281,0.5906237959861755,0.2432675063610077,0.004458802752196789,0.5957743525505066,0.24304106831550598,0.004458802752196789,0.5904405117034912,0.2367137372493744,0.004458802752196789,0.5855416655540466,0.24341905117034912,0.004458802752196789,0.5908163785934448,0.2497577667236328,0.004458802752196789
1999.9999999999982,0.56247478723526,0.31721532344818115,-0.01848413608968258,0.5638719797134399,0.29377663135528564,-0.03177249804139137,0.5634914636611938,0.30272236466407776,-0.01764194294810295,0.5584920644760132,0.2657807767391205,-0.02315245196223259,0.5637309551239014,0.28478777408599854,-0.03335507586598396,0.5633894801139832,0.2734629213809967,-0.030574383214116096,0.5624407529830933,0.24631112813949585,-0.014054781757295132,0.5216253995895386,0.2470853626728058,0.007194790057837963,0.5619767308235168,0.22616803646087646,-0.009495723992586136,0.5617355108261108,0.21440009772777557,-0.010024425573647022,0.5605202913284302,0.17028050124645233,-0.00170255231205374,0.5625417828559875,0.31998908519744873,-0.01811123639345169,0.562678337097168,0.3231619894504547,-0.016480332240462303,0.5628355145454407,0.325310617685318,-0.013884437270462513,0.5639868974685669,0.3524915874004364,-0.009793980047106743,0.5640653371810913,0.3561573028564453,-0.010513040237128735,0.5641632676124573,0.3609161674976349,-0.011485683731734753,0.5642794370651245,0.3657977879047394,-0.009919427335262299,0.5655131936073303,0.36941587924957275,-0.003965734038501978,0.5638008713722229,0.298561692237854,-0.029060864821076393,0.5585206747055054,0.2987607419490814,-0.02151452749967575,0.4963027238845825,0.217218816280365,0.0347726009786129,0.5374163389205933,0.2527778148651123,0.0016253881622105837,0.5318623185157776,0.25434792041778564,0.0017262999899685383,0.5264684557914734,0.2544499635696411,0.0030512616503983736,0.5192309617996216,0.25049421191215515,0.0077613708563148975,0.5422062277793884,0.24973395466804504,0.002436755457893014,0.5287779569625854,0.2293439358472824,-0.00013266128371469676,0.5351920127868652,0.2294301688671112,0.00026450000586919487,0.5228981971740723,0.23158882558345795,0.0014391756849363446,0.5190796256065369,0.23534607887268066,0.0036664018407464027,0.5143935084342957,0.2563847303390503,0.010241557843983173,0.544630229473114,0.37852731347084045,0.0004081423394382,0.5195128321647644,0.24505560100078583,0.009102978743612766,0.49576854705810547,0.25566384196281433,0.035542186349630356,0.5073323249816895,0.25118961930274963,0.016129935160279274,0.5352514386177063,0.2895052134990692,-0.0053620971739292145,0.5550163388252258,0.3172227144241333,-0.017877701669931412,0.5561895370483398,0.3243355453014374,-0.015902133658528328,0.5480108857154846,0.3231813311576843,-0.014886407181620598,0.5439329743385315,0.329647034406662,-0.010565401054918766,0.5509467124938965,0.32770419120788574,-0.013700109906494617,0.5472689270973206,0.332071989774704,-0.00961154606193304,0.5387964844703674,0.3481994569301605,-0.0007764359470456839,0.5593111515045166,0.29383841156959534,-0.03140847757458687,0.5585088133811951,0.2852434515953064,-0.032850831747055054,0.5106571912765503,0.229888916015625,0.005476650316268206,0.5461779236793518,0.26715028285980225,-0.005131037440150976,0.5463287830352783,0.29259446263313293,-0.017786750569939613,0.5457711815834045,0.2881353497505188,-0.015890199691057205,0.5182061195373535,0.2898862063884735,0.000964180682785809,0.5584952235221863,0.27467668056488037,-0.029055152088403702,0.5246816873550415,0.21888971328735352,-0.003807279048487544,0.5164475440979004,0.22304776310920715,0.00021885275782551616,0.5026057958602905,0.20021766424179077,0.024470072239637375,0.550236701965332,0.2237778604030609,-0.008073518052697182,0.5408475995063782,0.2322649210691452,0.0021277174819260836,0.5347713828086853,0.3379696309566498,-0.00010896847379626706,0.5068311095237732,0.3394315838813782,0.04611477255821228,0.5504816770553589,0.2973078191280365,-0.015533355996012688,0.5548349618911743,0.29967278242111206,-0.01617707684636116,0.540790855884552,0.3433108627796173,-0.0007606599829159677,0.5425649285316467,0.3429729640483856,-0.0021861076820641756,0.5129940509796143,0.2180885374546051,0.0034117752220481634,0.5460337400436401,0.2966199219226837,-0.014765226282179356,0.5358301401138306,0.21847152709960938,-0.006645126733928919,0.5346828699111938,0.21178947389125824,-0.007480068132281303,0.527265191078186,0.1765511929988861,0.004158113617449999,0.5078961849212646,0.20872171223163605,0.012790726497769356,0.5316157341003418,0.1932087391614914,-0.0018105790950357914,0.5068720579147339,0.22664090991020203,0.010680736973881721,0.5015537738800049,0.2224111557006836,0.02238454669713974,0.5553804636001587,0.32086381316185,-0.01754329726099968,0.5493842959403992,0.3256102502346039,-0.014585047960281372,0.5454612970352173,0.33093786239624023,-0.01059717033058405,0.5517370104789734,0.2988494634628296,-0.014404932968318462,0.5416768193244934,0.34319546818733215,-0.0015333449700847268,0.5437008142471313,0.34824585914611816,-0.0040291678160429,0.5433561205863953,0.34270530939102173,-0.0022959550842642784,0.5531299710273743,0.2942155599594116,-0.023349063470959663,0.5487279891967773,0.332383930683136,-0.008719777688384056,0.5522629618644714,0.32868266105651855,-0.011492555029690266,0.557042121887207,0.32623225450515747,-0.013486362062394619,0.5572041869163513,0.3689289093017578,-0.004221985582262278,0.5562266111373901,0.3649592399597168,-0.010012785904109478,0.5565935969352722,0.360237181186676,-0.01116145495325327,0.5571852922439575,0.35550248622894287,-0.010084997862577438,0.5579044222831726,0.352264940738678,-0.009400696493685246,0.5494214296340942,0.3492211103439331,-0.00568351661786437,0.5480911135673523,0.3505069613456726,-0.006400189362466335,0.5464364886283875,0.3525993227958679,-0.007127085700631142,0.5451351404190063,0.35494834184646606,-0.006225014105439186,0.5402564406394958,0.3210875689983368,-0.008532159961760044,0.4969387948513031,0.2959616482257843,0.0561961904168129,0.5636503100395203,0.3006497919559479,-0.02173406444489956,0.5466699004173279,0.3468116223812103,-0.0034433535765856504,0.5451458692550659,0.3473866283893585,-0.003969346638768911,0.5564203858375549,0.30288904905319214,-0.01633969135582447,0.5478768944740295,0.30171987414360046,-0.010503658093512058,0.5556862354278564,0.3013164699077606,-0.016452888026833534,0.5401170253753662,0.27260082960128784,-0.003658303990960121,0.5309920310974121,0.27879467606544495,-0.0025847761426120996,0.5447645783424377,0.2922942340373993,-0.012789815664291382,0.5124912858009338,0.18624484539031982,0.013506567105650902,0.517438530921936,0.19858241081237793,0.004968039691448212,0.5225089192390442,0.21259605884552002,-0.0023304051719605923,0.543195366859436,0.35616084933280945,-0.0025984712410718203,0.5482144951820374,0.212582066655159,-0.009794066660106182,0.5456302762031555,0.1916886866092682,-0.005441224202513695,0.5426791310310364,0.171761155128479,-0.0010252883657813072,0.5219199061393738,0.25334078073501587,0.005413312930613756,0.5083072781562805,0.26294270157814026,0.01306877564638853,0.5453984141349792,0.24693119525909424,0.0033826723229140043,0.5132893323898315,0.23998767137527466,0.008534097112715244,0.5501502752304077,0.2610900104045868,-0.0068984548561275005,0.5496941208839417,0.2889355421066284,-0.023129595443606377,0.5024336576461792,0.27069416642189026,0.018788548186421394,0.5127384066581726,0.2686481773853302,0.007703258190304041,0.5204522013664246,0.2711082994937897,0.002615028526633978,0.5312778949737549,0.2686760723590851,0.00033233221620321274,0.5391133427619934,0.2641924023628235,-0.0004752327804453671,0.545040488243103,0.25931018590927124,-0.0016781165031716228,0.5572603940963745,0.24874907732009888,-0.012161985971033573,0.5045265555381775,0.2887105941772461,0.016334552317857742,0.508510947227478,0.23958517611026764,0.011140610091388226,0.5610280632972717,0.2984433174133301,-0.0288520697504282,0.5468629598617554,0.2753177583217621,-0.007949172519147396,0.4928434491157532,0.25615614652633667,0.053932685405015945,0.5495020747184753,0.2540260851383209,-0.0021840219851583242,0.5441401600837708,0.29304131865501404,-0.006836502347141504,0.5169011950492859,0.24563008546829224,0.010091145522892475,0.5493370294570923,0.283494770526886,-0.02074560336768627,0.500736653804779,0.31715819239616394,0.05263935402035713,0.5453740954399109,0.24385908246040344,0.00502629391849041,0.5538398027420044,0.2781315743923187,-0.025962267071008682,0.5209653377532959,0.35816001892089844,0.018474934622645378,0.5209892392158508,0.369550496339798,0.02721794880926609,0.4984821081161499,0.2928960919380188,0.03647517040371895,0.5138214826583862,0.34659212827682495,0.02466747909784317,0.49819090962409973,0.23777049779891968,0.030682174488902092,0.5436146259307861,0.3876187205314636,0.002998247742652893,0.5614975690841675,0.3004131615161896,-0.02141716331243515,0.5417928099632263,0.2821037173271179,-0.0061952825635671616,0.5021860003471375,0.2531660199165344,0.02172425575554371,0.5270077586174011,0.2493465095758438,0.0038271136581897736,0.5317078828811646,0.24947021901607513,0.002542615868151188,0.5424078702926636,0.3492644429206848,-0.0033338554203510284,0.5068492889404297,0.30659219622612,0.017348604276776314,0.5539000630378723,0.4001920819282532,0.004654639400541782,0.5365225672721863,0.38881969451904297,0.014283751137554646,0.5293030738830566,0.3808961510658264,0.019903402775526047,0.5611623525619507,0.19149702787399292,-0.006158868782222271,0.5659982562065125,0.4012112617492676,0.0037357821129262447,0.5363759994506836,0.2481992244720459,0.002504239557310939,0.5408045053482056,0.2461237907409668,0.0034917863085865974,0.5438166856765747,0.24485930800437927,0.004808496218174696,0.5040572881698608,0.23832210898399353,0.01698784902691841,0.5400552153587341,0.2389812022447586,0.0029107779264450073,0.5351674556732178,0.23758649826049805,0.0017123079160228372,0.530460000038147,0.2378772795200348,0.0017818593187257648,0.5257285237312317,0.23967969417572021,0.0030045420862734318,0.5227120518684387,0.24189619719982147,0.004823563154786825,0.49326884746551514,0.23478612303733826,0.04575099050998688,0.5238389372825623,0.2483203262090683,0.005581902340054512,0.5635948181152344,0.3100180923938751,-0.016311505809426308,0.5454750657081604,0.3151478171348572,-0.01140588242560625,0.5504927039146423,0.29577380418777466,-0.017587877810001373,0.5558275580406189,0.3110513389110565,-0.01602250710129738,0.5621572732925415,0.23634570837020874,-0.009508591145277023,0.5282549262046814,0.36979374289512634,0.013684801757335663,0.5356050729751587,0.3786957859992981,0.008664910681545734,0.5537242889404297,0.3936971127986908,-0.0017814377788454294,0.5140178799629211,0.3569933772087097,0.036618921905756,0.5436773300170898,0.2417231947183609,0.004152792040258646,0.5541332960128784,0.2625887989997864,-0.014588026329874992,0.5658016204833984,0.3946834206581116,-0.0025341196451336145,0.5444543957710266,0.39564937353134155,0.008381156250834465,0.501924455165863,0.3124881088733673,0.03476979583501816,0.5531316995620728,0.35111695528030396,-0.007797842845320702,0.551874577999115,0.3534250557422638,-0.008486202917993069,0.5506283044815063,0.3569755554199219,-0.009256420657038689,0.5497788786888123,0.36103346943855286,-0.008369293995201588,0.5491177439689636,0.3636689782142639,-0.004256451968103647,0.5444910526275635,0.3371088206768036,-0.005826523993164301,0.5428489446640015,0.3367447257041931,-0.005808195564895868,0.541478157043457,0.33599868416786194,-0.005750200245529413,0.5365310311317444,0.32875925302505493,-0.004437263123691082,0.5149919390678406,0.3098788857460022,0.006178915500640869,0.5538033843040466,0.25421807169914246,-0.009120538830757141,0.5496325492858887,0.2370200753211975,0.0012894844403490424,0.5459480285644531,0.2383250594139099,0.0033099884167313576,0.5458797812461853,0.3368315100669861,-0.005277599673718214,0.5156571269035339,0.3324524462223053,0.014502075500786304,0.554908037185669,0.2363286018371582,-0.005917565897107124,0.5467714071273804,0.3702220916748047,-0.0013546551344916224,0.5630570650100708,0.2642151415348053,-0.02481042966246605,0.5578871369361877,0.2576690912246704,-0.018079588189721107,0.5627511739730835,0.2555643320083618,-0.019154934212565422,0.5505446791648865,0.2763928174972534,-0.015238425694406033,0.5656230449676514,0.3859860301017761,-0.00471515953540802,0.5655245184898376,0.3767280578613281,-0.004072961397469044,0.5559045672416687,0.3760201930999756,-0.003466937458142638,0.533970057964325,0.3515433073043823,0.002515820087864995,0.5396484732627869,0.3006800413131714,-0.005664102267473936,0.5396150350570679,0.36198967695236206,0.0007973109604790807,0.5269995331764221,0.3006826341152191,-0.0035383780486881733,0.5348688960075378,0.3102841377258301,-0.004963317420333624,0.5231932997703552,0.3156466484069824,0.0006193180452100933,0.5543978810310364,0.385113000869751,-0.003830681322142482,0.5471971035003662,0.2816840708255768,-0.011509626172482967,0.5297157168388367,0.35900264978408813,0.007553780451416969,0.5370099544525146,0.36919093132019043,0.004724376369267702,0.529634952545166,0.33941081166267395,0.0024302920792251825,0.5094781517982483,0.3220255970954895,0.019055917859077454,0.522950291633606,0.34182676672935486,0.007744261063635349,0.5066718459129333,0.3304681181907654,0.03176498785614967,0.5310813188552856,0.3222283124923706,-0.0025492971763014793,0.5506736040115356,0.2688399851322174,-0.010992706753313541,0.5514745116233826,0.2927236557006836,-0.02442614547908306,0.5481041073799133,0.29529741406440735,-0.018463317304849625,0.5538539290428162,0.2866443991661072,-0.028371525928378105,0.5450771450996399,0.23001502454280853,-0.00029594829538837075,0.5355429649353027,0.22556686401367188,-0.0015833134530112147,0.5272972583770752,0.22549359500408173,-0.0015314343618229032,0.5204584002494812,0.22823482751846313,0.00047559686936438084,0.5156331062316895,0.2329244762659073,0.00390729121863842,0.5127372741699219,0.24822866916656494,0.012195836752653122,0.4962444603443146,0.27412086725234985,0.03622802719473839,0.5177690982818604,0.259747713804245,0.007303190417587757,0.5237077474594116,0.26165056228637695,0.003967943135648966,0.5312451720237732,0.2609036862850189,0.0018108173971995711,0.5383061170578003,0.25802481174468994,0.0012221140787005424,0.5438672304153442,0.25426939129829407,0.0012035416439175606,0.5477246046066284,0.25084614753723145,0.0011188724311068654,0.4945092797279358,0.2760462164878845,0.057026833295822144,0.5481618046760559,0.29773011803627014,-0.015675138682127,0.5543811917304993,0.27018284797668457,-0.019469836726784706,0.5553678870201111,0.292937695980072,-0.02876206673681736,0.5581836104393005,0.29729512333869934,-0.026566199958324432,0.5553147792816162,0.29456010460853577,-0.026041651144623756,0.5496029257774353,0.3002966046333313,-0.013687653467059135,0.5592883229255676,0.29798623919487,-0.028096873313188553,0.5597726702690125,0.3000068962574005,-0.0214557945728302,0.5474118590354919,0.24385128915309906,0.004177984781563282,0.5506376624107361,0.24566368758678436,0.0007166803115978837,0.5526995062828064,0.24689440429210663,-0.0034859348088502884,0.5209579467773438,0.24356627464294434,0.006656884215772152,0.5166418552398682,0.2398785650730133,0.006898058578372002,0.5676042437553406,0.2654103934764862,-0.022635020315647125,0.6001659631729126,0.24182075262069702,0.010526771657168865,0.568618893623352,0.29835742712020874,-0.021117746829986572,0.6220073699951172,0.21098822355270386,0.0404118187725544,0.585992157459259,0.25002798438072205,0.003753931960090995,0.5913847088813782,0.2505635917186737,0.004307650960981846,0.5964860916137695,0.2500055134296417,0.006040138192474842,0.6027884483337402,0.24529340863227844,0.011258869431912899,0.5812779664993286,0.2478579580783844,0.004077204968780279,0.5923102498054504,0.22587111592292786,0.0025937622413039207,0.5862937569618225,0.22681376338005066,0.002426620339974761,0.5979200601577759,0.22725743055343628,0.004613714758306742,0.601646900177002,0.23051418364048004,0.007066826801747084,0.6080586314201355,0.25125107169151306,0.013946729712188244,0.5854496955871582,0.37608978152275085,0.002062140265479684,0.601906955242157,0.23971788585186005,0.01255558431148529,0.6248223781585693,0.24901267886161804,0.04045075178146362,0.6141737103462219,0.24611155688762665,0.020283987745642662,0.590603232383728,0.287190318107605,-0.0030513571109622717,0.5699329972267151,0.31593218445777893,-0.017219338566064835,0.5692667365074158,0.3233067989349365,-0.015278980135917664,0.5775802135467529,0.3206508159637451,-0.013555341400206089,0.5822677612304688,0.32662278413772583,-0.008698668330907822,0.5749238729476929,0.32584163546562195,-0.01254225056618452,0.5791001915931702,0.3297739624977112,-0.008009015582501888,0.5891663432121277,0.3456207513809204,0.0015849268529564142,0.568309485912323,0.2934306561946869,-0.03108440898358822,0.5688656568527222,0.2847868502140045,-0.03246447071433067,0.6092196702957153,0.22529816627502441,0.009467569179832935,0.5788707733154297,0.26572561264038086,-0.003633759217336774,0.5803359150886536,0.2912391424179077,-0.016341282054781914,0.5805908441543579,0.2867431044578552,-0.014406469650566578,0.6071609258651733,0.28595027327537537,0.0045707025565207005,0.5682210326194763,0.27426677942276,-0.028550956398248672,0.5955225229263306,0.21574626863002777,-0.0009513160330243409,0.6033928990364075,0.21900860965251923,0.003756563877686858,0.6160815358161926,0.19484132528305054,0.029576873406767845,0.5719343423843384,0.22373409569263458,-0.0071120974607765675,0.581139862537384,0.23039092123508453,0.003859573742374778,0.5925136208534241,0.3352966010570526,0.002744213677942753,0.6184846758842468,0.33413398265838623,0.051573626697063446,0.5762451887130737,0.2962912619113922,-0.01441125851124525,0.5719916820526123,0.29905107617378235,-0.015615114010870457,0.5867014527320862,0.34041085839271545,0.0017768152756616473,0.5849472284317017,0.3402704894542694,7.111977902241051e-05,0.6062670350074768,0.21393106877803802,0.007149461191147566,0.5805360674858093,0.29526287317276,-0.013334259390830994,0.5851409435272217,0.21667227149009705,-0.004684938117861748,0.5858465433120728,0.20981603860855103,-0.005459668580442667,0.5928018093109131,0.17385104298591614,0.00711496127769351,0.6119863390922546,0.20379556715488434,0.016833195462822914,0.5895692110061646,0.19097018241882324,0.0004748689825646579,0.6124324202537537,0.22208595275878906,0.014918693341314793,0.6181615591049194,0.2166176289319992,0.02685321494936943,0.5697765946388245,0.31967902183532715,-0.016901398077607155,0.5762978792190552,0.32345181703567505,-0.013338183984160423,0.5807908177375793,0.32825997471809387,-0.00889101903885603,0.5749413371086121,0.2979592978954315,-0.013510973192751408,0.5858185291290283,0.34038251638412476,0.0008214566623792052,0.5841723084449768,0.3458576202392578,-0.00202605570666492,0.5841481685638428,0.3401072919368744,-9.265071275876835e-05,0.57383131980896,0.29337403178215027,-0.022340597584843636,0.5777468085289001,0.33034592866897583,-0.007160293869674206,0.573727548122406,0.3270849883556366,-0.010350837372243404,0.5687307715415955,0.3253563940525055,-0.012835107743740082,0.5734331607818604,0.36787497997283936,-0.0035950583405792713,0.5721892714500427,0.36413633823394775,-0.009335309267044067,0.5716272592544556,0.35939425230026245,-0.010434884577989578,0.5708338618278503,0.3546912968158722,-0.00938414316624403,0.5700047016143799,0.35152119398117065,-0.008713582530617714,0.5785162448883057,0.34753310680389404,-0.00411477405577898,0.5798732042312622,0.3487348258495331,-0.004820510279387236,0.5816288590431213,0.3507251739501953,-0.005500407889485359,0.5830456018447876,0.3530288338661194,-0.004494437016546726,0.586595892906189,0.3189866542816162,-0.006426690611988306,0.6246795654296875,0.2899335026741028,0.062033265829086304,0.5811935663223267,0.34479647874832153,-0.0015085999621078372,0.5826858878135681,0.3451453447341919,-0.0020312857814133167,0.5705865025520325,0.30233070254325867,-0.015788927674293518,0.5787420868873596,0.30050230026245117,-0.009371107444167137,0.5712475776672363,0.3007531464099884,-0.015909072011709213,0.5849032998085022,0.27060285210609436,-0.0017075317446142435,0.5941919684410095,0.2760216295719147,-2.0002715245936997e-05,0.581597089767456,0.2908253073692322,-0.011245152913033962,0.6067551374435425,0.1820496916770935,0.017707541584968567,0.6028429269790649,0.19491837918758392,0.008245752193033695,0.5971824526786804,0.2092282474040985,0.0006566275260411203,0.5856173038482666,0.35376277565956116,-0.0006241396768018603,0.5732327103614807,0.21226613223552704,-0.008790373802185059,0.5762667655944824,0.19053368270397186,-0.004223911091685295,0.5780284404754639,0.17038494348526,0.0005129913333803415,0.6005460023880005,0.24838952720165253,0.008741326630115509,0.6145160794258118,0.2576282322406769,0.017140215262770653,0.578076958656311,0.2456451952457428,0.004854516591876745,0.6075055003166199,0.2349187433719635,0.012322844006121159,0.5748650431632996,0.26001113653182983,-0.0057136667892336845,0.5771268010139465,0.2878996431827545,-0.021948978304862976,0.6205558180809021,0.2649174630641937,0.023366805166006088,0.6109452247619629,0.263354629278183,0.011597665026783943,0.6039820909500122,0.2664106786251068,0.005941126495599747,0.593441903591156,0.2652660608291626,0.002887156791985035,0.5855701565742493,0.2617217004299164,0.0015054254326969385,0.5795294642448425,0.2576119601726532,-0.00015567954687867314,0.5676040649414062,0.2483040988445282,-0.011643724516034126,0.6199027299880981,0.2832851707935333,0.020928384736180305,0.6120653748512268,0.23466113209724426,0.01530434750020504,0.5664941072463989,0.2981756031513214,-0.028576018288731575,0.5786352753639221,0.27397868037223816,-0.00646041939035058,0.6263536214828491,0.24943435192108154,0.06001497805118561,0.5749284029006958,0.252819687128067,-0.0010098465718328953,0.5820046067237854,0.2915290594100952,-0.005312478635460138,0.6044766902923584,0.24033215641975403,0.013712195679545403,0.5771263837814331,0.28241437673568726,-0.019537102431058884,0.6226366758346558,0.3113655149936676,0.05830814689397812,0.5777764916419983,0.24260711669921875,0.006549069657921791,0.5727498531341553,0.27738872170448303,-0.02507343515753746,0.60731440782547,0.3539576530456543,0.02201852947473526,0.607380747795105,0.36512359976768494,0.03135668486356735,0.6248447299003601,0.28668099641799927,0.04138274863362312,0.6136429905891418,0.3419877588748932,0.028789829462766647,0.6216884255409241,0.2314990609884262,0.03541002422571182,0.5868908166885376,0.38479048013687134,0.004733516369014978,0.5657914876937866,0.3002515137195587,-0.021245962008833885,0.5837316513061523,0.2803266644477844,-0.004386205226182938,0.6191784739494324,0.24832986295223236,0.026223262771964073,0.5954575538635254,0.24465733766555786,0.006747530307620764,0.5911075472831726,0.2455020695924759,0.005103865638375282,0.5855364799499512,0.3467537760734558,-0.0011855365009978414,0.6187205910682678,0.30152609944343567,0.021881403401494026,0.5776498317718506,0.3985070586204529,0.005772213451564312,0.5936169028282166,0.3850393295288086,0.016984848305583,0.6001996994018555,0.3766738176345825,0.02328607439994812,0.5866280794143677,0.24514348804950714,0.004669106565415859,0.5822893977165222,0.24402566254138947,0.005310863722115755,0.5793744921684265,0.24339523911476135,0.0064290231093764305,0.6160149574279785,0.23352038860321045,0.021393772214651108,0.5823822021484375,0.23693785071372986,0.004874811042100191,0.5868633985519409,0.23471981287002563,0.004008503630757332,0.5913534760475159,0.2342073619365692,0.004463613964617252,0.5958598852157593,0.23523709177970886,0.0060341558419167995,0.5987452268600464,0.23697952926158905,0.008039411157369614,0.6251928806304932,0.228071928024292,0.0516631156206131,0.5982534885406494,0.24324361979961395,0.008751660585403442,0.5814821720123291,0.3135240375995636,-0.009781889617443085,0.5762760639190674,0.29479363560676575,-0.01654941961169243,0.5714527368545532,0.3103054463863373,-0.015349131077528,0.6007112860679626,0.3658265471458435,0.016611294820904732,0.5940914750099182,0.3751825988292694,0.010963214561343193,0.5774837136268616,0.392124205827713,-0.0008448783773928881,0.6130992770195007,0.35220062732696533,0.041477154940366745,0.5792127251625061,0.24022015929222107,0.005858003161847591,0.5713989734649658,0.2618978023529053,-0.013759633526206017,0.5864012837409973,0.39263272285461426,0.01040391530841589,0.6229100227355957,0.3066823184490204,0.0395946241915226,0.5747957825660706,0.3498160243034363,-0.0065930993296206,0.5761194825172424,0.35205328464508057,-0.00724255945533514,0.5775038003921509,0.3555465340614319,-0.007991133257746696,0.578593909740448,0.3596266508102417,-0.007063375320285559,0.5806533098220825,0.3616809844970703,-0.002762058051303029,0.5824826955795288,0.33453160524368286,-0.0038052834570407867,0.5840205550193787,0.33389756083488464,-0.0036216997541487217,0.5853820443153381,0.3329073488712311,-0.0034399793948978186,0.5903924703598022,0.32632026076316833,-0.0017936509102582932,0.6112102270126343,0.30574414134025574,0.010165148414671421,0.5710821747779846,0.2535267472267151,-0.008289337158203125,0.5732507705688477,0.23625922203063965,0.0023716711439192295,0.5767391920089722,0.23714539408683777,0.004775888752192259,0.5812058448791504,0.3345138132572174,-0.0033260146155953407,0.611438512802124,0.32826679944992065,0.018536916002631187,0.56839919090271,0.23620428144931793,-0.0052514830604195595,0.5830143690109253,0.368051677942276,0.00018958028522320092,0.5676336288452148,0.25724345445632935,-0.01763704977929592,0.5754014849662781,0.2754400670528412,-0.014146764762699604,0.5747403502464294,0.37483108043670654,-0.0027677363250404596,0.5940550565719604,0.34856730699539185,0.005173397250473499,0.5865494608879089,0.29872623085975647,-0.003703754162415862,0.589208722114563,0.3592313230037689,0.0028865986969321966,0.5992088913917542,0.29769089818000793,-0.0005679212627001107,0.5916554927825928,0.30792856216430664,-0.002476742956787348,0.6034176349639893,0.31236279010772705,0.004035235848277807,0.5764372944831848,0.3837662637233734,-0.0029667229391634464,0.5786815881729126,0.2804238796234131,-0.010142671875655651,0.5987355709075928,0.3554144501686096,0.01045861467719078,0.592270016670227,0.3660720884799957,0.0069529409520328045,0.5977765321731567,0.33640462160110474,0.0056142741814255714,0.6169044971466064,0.31719911098480225,0.02350122481584549,0.6046904921531677,0.3381303548812866,0.011280463077127934,0.6194936633110046,0.32517728209495544,0.03643295541405678,0.5956764221191406,0.3195776343345642,0.0004267399199306965,0.5748170614242554,0.26787546277046204,-0.009822534397244453,0.5755009651184082,0.2917819619178772,-0.023340372368693352,0.5786630511283875,0.2940932512283325,-0.017241328954696655,0.5732381343841553,0.2858723998069763,-0.027481302618980408,0.577007532119751,0.22878870368003845,0.0011877714423462749,0.585689127445221,0.22314023971557617,0.0005344160017557442,0.593509316444397,0.2219988852739334,0.0011390672298148274,0.60011887550354,0.2238989770412445,0.0037328514736145735,0.6048220992088318,0.22808581590652466,0.007534548174589872,0.6087524890899658,0.24329261481761932,0.016014421358704567,0.6255679726600647,0.2675952911376953,0.041266944259405136,0.6052101254463196,0.25475013256073,0.010830080136656761,0.5998775959014893,0.25720763206481934,0.007069808430969715,0.5926482677459717,0.2573615312576294,0.004378157202154398,0.5856450200080872,0.25547921657562256,0.0032660767901688814,0.5800925493240356,0.2526087760925293,0.0027432392816990614,0.5761810541152954,0.24964913725852966,0.002368653891608119,0.625707745552063,0.2697100043296814,0.06309475004673004,0.5784874558448792,0.29651984572410583,-0.014460476115345955,0.5716654062271118,0.2694959342479706,-0.01861761137843132,0.5719005465507507,0.2921866476535797,-0.02806296944618225,0.5690491795539856,0.29679733514785767,-0.02615608088672161,0.5717798471450806,0.293895959854126,-0.025328218936920166,0.5770657658576965,0.299184113740921,-0.01265530101954937,0.5681349039077759,0.29757753014564514,-0.02775009162724018,0.5674449801445007,0.29966747760772705,-0.021171696484088898,0.5758442878723145,0.2428290992975235,0.005465948488563299,0.5729811191558838,0.244842529296875,0.0017000871011987329,0.571313202381134,0.24613110721111298,-0.002647599671036005,0.6004819273948669,0.2384069412946701,0.009999542497098446,0.6042225956916809,0.2347285896539688,0.010469452477991581,0.5310049057006836,0.24256426095962524,0.004320183768868446,0.5370211601257324,0.24182124435901642,0.004320183768868446,0.5305149555206299,0.23500879108905792,0.004320183768868446,0.5249053835868835,0.24325397610664368,0.004320183768868446,0.5314416885375977,0.2500890791416168,0.004320183768868446,0.5908334851264954,0.23903724551200867,0.006870094686746597,0.5964328050613403,0.2388581782579422,0.006870094686746597,0.5907988548278809,0.23174704611301422,0.006870094686746597,0.5852957963943481,0.23915842175483704,0.006870094686746597,0.5909309387207031,0.24640877544879913,0.006870094686746597
